"TOA5","CR1000","CR1000","6428","CR1000.Std.10","CPU:MED_RAD.CR1","22591","Dados"
"TIMESTAMP","Radiacao_Avg","Temp_Cel_Avg","Temp_Amb_Avg","Tensao_S1_Avg","Corrente_S1_Avg","Potencia_S1_Avg","Tensao_S2_Avg","Corrente_S2_Avg","Potencia_S2_Avg","Potencia_FV_Avg","Demanda_Avg","FP_FV_Avg","Tensao_Rede_Avg"
"TS","W/m^2","C","C","V","A","W","V","A","W","W","W","%","V"
"","Avg","Avg","Avg","Avg","Avg","Avg","Avg","Avg","Avg","Avg","Avg","Avg","Avg"
"2019-03-01 00:00:00",0,28.86,0.049,0,0,0,0,0,0,0,157.6,0,-2.303
"2019-03-01 00:01:00",0,28.9,0.049,0,0,0,0,0,0,0,157.9,0.011,-2.249
"2019-03-01 00:02:00",0,28.96,0.049,0,0,0,0,0,0,0,157,0.034,-2.266
"2019-03-01 00:03:00",0,29,0.049,0,0,0,0,0,0,0,157.2,0.011,-2.278
"2019-03-01 00:04:00",0,29.05,0.049,0,0,0,0,0,0,0,157.6,0.011,-2.475
"2019-03-01 00:05:00",0,28.96,0.049,0,0,0,0,0,0,0,157.6,0,-2.097
"2019-03-01 00:06:00",0,28.87,0.049,0,0,0,0,0,0,0,157.6,0.011,-2.164
"2019-03-01 00:07:00",0,28.87,0.049,0,0,0,0,0,0,0,88.8,0.011,-2.292
"2019-03-01 00:08:00",0,28.88,0.049,0,0,0,0,0,0,0,71.6,0.011,-2.346
"2019-03-01 00:09:00",0,28.83,0.049,0,0,0,0,0,0,0,71.69,0.023,-2.216
"2019-03-01 00:10:00",0,28.78,0.049,0,0,0,0,0,0,0,71.6,0.023,-2.07
"2019-03-01 00:11:00",0,28.79,0.05,0,0,0,0,0,0,0,71.49,0,-1.93
"2019-03-01 00:12:00",0,28.82,0.05,0,0,0,0,0,0,0,71.54,0,-2.34
"2019-03-01 00:13:00",0,28.78,0.049,0,0,0,0,0,0,0,71.57,0,-1.929
"2019-03-01 00:14:00",0,28.75,0.05,0,0,0,0,0,0,0,71.45,0,-2.08
"2019-03-01 00:15:00",0,28.82,0.049,0,0,0,0,0,0,0,71.46,0.011,-2.236
"2019-03-01 00:16:00",0,28.8,0.049,0,0,0,0,0,0,0,71.3,0.023,-2.303
"2019-03-01 00:17:00",0,28.79,0.049,0,0,0,0,0,0,0,71.61,0.011,-2.141
"2019-03-01 00:18:00",0,28.79,0.048,0,0,0,0,0,0,0,71.3,0.011,-2.5
"2019-03-01 00:19:00",0,28.8,0.049,0,0,0,0,0,0,0,71.51,0.034,-2.236
"2019-03-01 00:20:00",0,28.83,0.048,0,0,0,0,0,0,0,71.4,0,-2.333
"2019-03-01 00:21:00",0,28.73,0.048,0,0,0,0,0,0,0,71.6,0,-2.303
"2019-03-01 00:22:00",0,28.71,0.049,0,0,0,0,0,0,0,71.58,0.011,-2.431
"2019-03-01 00:23:00",0,28.74,0.048,0,0,0,0,0,0,0,71.49,0,-2.212
"2019-03-01 00:24:00",0,28.76,0.049,0,0,0,0,0,0,0,71.37,0.011,-2.327
"2019-03-01 00:25:00",0,28.77,0.048,0,0,0,0,0,0,0,71.5,0.011,-2.371
"2019-03-01 00:26:00",0,28.87,0.048,0,0,0,0,0,0,0,71.54,0.011,-2.191
"2019-03-01 00:27:00",0,28.74,0.048,0,0,0,0,0,0,0,71.4,0.011,-2.133
"2019-03-01 00:28:00",0,28.69,0.048,0,0,0,0,0,0,0,71.51,0.011,-2.194
"2019-03-01 00:29:00",0,28.66,0.048,0,0,0,0,0,0,0,71.53,0.023,-2.24
"2019-03-01 00:30:00",0,28.69,0.048,0,0,0,0,0,0,0,71.62,0.023,-2.258
"2019-03-01 00:31:00",0,28.69,0.048,0,0,0,0,0,0,0,71.54,0,-2.252
"2019-03-01 00:32:00",0,28.71,0.048,0,0,0,0,0,0,0,71.6,0.023,-2.252
"2019-03-01 00:33:00",0,28.69,0.048,0,0,0,0,0,0,0,71.59,0.023,-2.267
"2019-03-01 00:34:00",0,28.71,0.048,0,0,0,0,0,0,0,71.53,0,-2.218
"2019-03-01 00:35:00",0,28.71,0.048,0,0,0,0,0,0,0,71.71,0.023,-2.268
"2019-03-01 00:36:00",0,28.65,0.048,0,0,0,0,0,0,0,71.71,0.011,-2.308
"2019-03-01 00:37:00",0,28.53,0.048,0,0,0,0,0,0,0,71.58,0.023,-2.04
"2019-03-01 00:38:00",0,28.66,0.048,0,0,0,0,0,0,0,71.64,0.023,-2.318
"2019-03-01 00:39:00",0,28.63,0.048,0,0,0,0,0,0,0,71.64,0.023,-2.283
"2019-03-01 00:40:00",0,28.7,0.048,0,0,0,0,0,0,0,71.64,0,-2.274
"2019-03-01 00:41:00",0,28.69,0.048,0,0,0,0,0,0,0,71.54,0.023,-2.295
"2019-03-01 00:42:00",0,28.67,0.048,0,0,0,0,0,0,0,71.6,0.023,-2.245
"2019-03-01 00:43:00",0,28.62,0.048,0,0,0,0,0,0,0,71.54,0.011,-2.286
"2019-03-01 00:44:00",0,28.55,0.048,0,0,0,0,0,0,0,71.56,0.034,-2.262
"2019-03-01 00:45:00",0,28.54,0.048,0,0,0,0,0,0,0,71.28,0.034,-2.28
"2019-03-01 00:46:00",0,28.59,0.048,0,0,0,0,0,0,0,71.82,0.023,-2.273
"2019-03-01 00:47:00",0,28.62,0.048,0,0,0,0,0,0,0,71.58,0.023,-2.295
"2019-03-01 00:48:00",0,28.67,0.048,0,0,0,0,0,0,0,71.37,0.034,-2.103
"2019-03-01 00:49:00",0,28.61,0.048,0,0,0,0,0,0,0,71.63,0.057,-2.225
"2019-03-01 00:50:00",0,28.63,0.047,0,0,0,0,0,0,0,71.26,0.034,-2.319
"2019-03-01 00:51:00",0,28.61,0.048,0,0,0,0,0,0,0,71.53,0.023,-2.29
"2019-03-01 00:52:00",0,28.66,0.048,0,0,0,0,0,0,0,71.37,0.034,-2.307
"2019-03-01 00:53:00",0,28.69,0.048,0,0,0,0,0,0,0,71.65,0.023,-2.277
"2019-03-01 00:54:00",0,28.72,0.048,0,0,0,0,0,0,0,71.51,0.034,-2.277
"2019-03-01 00:55:00",0,28.63,0.048,0,0,0,0,0,0,0,71.61,0.011,-2.239
"2019-03-01 00:56:00",0,28.51,0.048,0,0,0,0,0,0,0,71.51,0,-2.252
"2019-03-01 00:57:00",0,28.49,0.048,0,0,0,0,0,0,0,71.56,0.023,-2.341
"2019-03-01 00:58:00",0,28.52,0.048,0,0,0,0,0,0,0,71.61,0.023,-2.312
"2019-03-01 00:59:00",0,28.48,0.047,0,0,0,0,0,0,0,71.35,0,-2.371
"2019-03-01 01:00:00",0,28.57,0.048,0,0,0,0,0,0,0,71.35,0.011,-2.507
"2019-03-01 01:01:00",0,28.54,0.047,0,0,0,0,0,0,0,71.48,0.011,-2.16
"2019-03-01 01:02:00",0,28.57,0.049,0,0,0,0,0,0,0,71.47,0.023,-2.429
"2019-03-01 01:03:00",0,28.5,0.048,0,0,0,0,0,0,0,71.36,0.045,-2.344
"2019-03-01 01:04:00",0,28.61,0.048,0,0,0,0,0,0,0,71.35,0.034,-2.19
"2019-03-01 01:05:00",0,28.54,0.049,0,0,0,0,0,0,0,71.39,0.011,-1.96
"2019-03-01 01:06:00",0,28.49,0.048,0,0,0,0,0,0,0,71.5,0.023,-2.065
"2019-03-01 01:07:00",0,28.59,0.048,0,0,0,0,0,0,0,71.41,0,-2.221
"2019-03-01 01:08:00",0,28.53,0.048,0,0,0,0,0,0,0,142.4,0,-2.126
"2019-03-01 01:09:00",0,28.5,0.048,0,0,0,0,0,0,0,161.7,0.011,-2.277
"2019-03-01 01:10:00",0,28.49,0.048,0,0,0,0,0,0,0,161.1,0,-2.404
"2019-03-01 01:11:00",0,28.52,0.048,0,0,0,0,0,0,0,160.6,0.023,-2.323
"2019-03-01 01:12:00",0,28.54,0.048,0,0,0,0,0,0,0,160.2,0.023,-2.551
"2019-03-01 01:13:00",0,28.47,0.048,0,0,0,0,0,0,0,159.9,0.057,-2.144
"2019-03-01 01:14:00",0,28.39,0.047,0,0,0,0,0,0,0,159.9,0,-1.952
"2019-03-01 01:15:00",0,28.49,0.047,0,0,0,0,0,0,0,159.7,0,-2.148
"2019-03-01 01:16:00",0,28.42,0.047,0,0,0,0,0,0,0,159.2,0.011,-2.642
"2019-03-01 01:17:00",0,28.52,0.047,0,0,0,0,0,0,0,158.7,0.023,-2.123
"2019-03-01 01:18:00",0,28.6,0.048,0,0,0,0,0,0,0,158.3,0.023,-2.632
"2019-03-01 01:19:00",0,28.57,0.048,0,0,0,0,0,0,0,157.8,0.011,-2.284
"2019-03-01 01:20:00",0,28.59,0.047,0,0,0,0,0,0,0,157.7,0.011,-2.423
"2019-03-01 01:21:00",0,28.57,0.048,0,0,0,0,0,0,0,157.7,0.011,-2.391
"2019-03-01 01:22:00",0,28.64,0.047,0,0,0,0,0,0,0,157,0.023,-2.331
"2019-03-01 01:23:00",0,28.67,0.047,0,0,0,0,0,0,0,156.3,0.045,-2.378
"2019-03-01 01:24:00",0,28.66,0.047,0,0,0,0,0,0,0,155.8,0.011,-2.208
"2019-03-01 01:25:00",0,28.62,0.047,0,0,0,0,0,0,0,155.2,0,-2.754
"2019-03-01 01:26:00",0,28.57,0.046,0,0,0,0,0,0,0,154.8,0,-2.445
"2019-03-01 01:27:00",0,28.55,0.048,0,0,0,0,0,0,0,154,0.023,-2.277
"2019-03-01 01:28:00",0,28.5,0.048,0,0,0,0,0,0,0,153.2,0.023,-2.313
"2019-03-01 01:29:00",0,28.52,0.048,0,0,0,0,0,0,0,152.5,0,-2.001
"2019-03-01 01:30:00",0,28.56,0.048,0,0,0,0,0,0,0,152.1,0.045,-2.288
"2019-03-01 01:31:00",0,28.54,0.048,0,0,0,0,0,0,0,151.4,0.011,-2.441
"2019-03-01 01:32:00",0,28.59,0.048,0,0,0,0,0,0,0,151.4,0,-1.878
"2019-03-01 01:33:00",0,28.64,0.048,0,0,0,0,0,0,0,150.9,0.08,-2.257
"2019-03-01 01:34:00",0,28.66,0.048,0,0,0,0,0,0,0,150.4,0.08,-2.701
"2019-03-01 01:35:00",0,28.58,0.048,0,0,0,0,0,0,0,150.1,0.023,-2.229
"2019-03-01 01:36:00",0,28.61,0.048,0,0,0,0,0,0,0,120.1,0,-2.127
"2019-03-01 01:37:00",0,28.65,0.048,0,0,0,0,0,0,0,71.25,0.045,-2.335
"2019-03-01 01:38:00",0,28.64,0.048,0,0,0,0,0,0,0,71.32,0.023,-2.129
"2019-03-01 01:39:00",0,28.62,0.048,0,0,0,0,0,0,0,71.34,0.011,-2.468
"2019-03-01 01:40:00",0,28.63,0.048,0,0,0,0,0,0,0,71.32,0,-2.412
"2019-03-01 01:41:00",0,28.68,0.048,0,0,0,0,0,0,0,71.29,0.023,-2.212
"2019-03-01 01:42:00",0,28.67,0.048,0,0,0,0,0,0,0,71.28,0.045,-2.286
"2019-03-01 01:43:00",0,28.64,0.048,0,0,0,0,0,0,0,71.26,0,-2.27
"2019-03-01 01:44:00",0,28.68,0.048,0,0,0,0,0,0,0,71.23,0.011,-2.53
"2019-03-01 01:45:00",0,28.62,0.048,0,0,0,0,0,0,0,71.31,0,-2.236
"2019-03-01 01:46:00",0,28.61,0.049,0,0,0,0,0,0,0,71.32,0.011,-2.209
"2019-03-01 01:47:00",0,28.6,0.048,0,0,0,0,0,0,0,71.31,0.011,-2.23
"2019-03-01 01:48:00",0,28.57,0.048,0,0,0,0,0,0,0,71.25,0.011,-2.277
"2019-03-01 01:49:00",0,28.5,0.048,0,0,0,0,0,0,0,71.2,0,-2.29
"2019-03-01 01:50:00",0,28.52,0.048,0,0,0,0,0,0,0,71.31,0,-2.261
"2019-03-01 01:51:00",0,28.42,0.048,0,0,0,0,0,0,0,71.27,0.034,-2.226
"2019-03-01 01:52:00",0,28.44,0.048,0,0,0,0,0,0,0,71.4,0.023,-2.262
"2019-03-01 01:53:00",0,28.41,0.048,0,0,0,0,0,0,0,71.39,0.023,-2.259
"2019-03-01 01:54:00",0,28.39,0.048,0,0,0,0,0,0,0,71.31,0.023,-2.424
"2019-03-01 01:55:00",0,28.38,0.048,0,0,0,0,0,0,0,71.34,0,-2.282
"2019-03-01 01:56:00",0,28.36,0.048,0,0,0,0,0,0,0,71.3,0,-2.198
"2019-03-01 01:57:00",0,28.43,0.048,0,0,0,0,0,0,0,71.3,0,-2.196
"2019-03-01 01:58:00",0,28.49,0.048,0,0,0,0,0,0,0,71.28,0.023,-2.286
"2019-03-01 01:59:00",0,28.4,0.048,0,0,0,0,0,0,0,71.17,0.023,-2.218
"2019-03-01 02:00:00",0,28.37,0.048,0,0,0,0,0,0,0,71.24,0.023,-2.236
"2019-03-01 02:01:00",0,28.44,0.048,0,0,0,0,0,0,0,71.34,0.011,-2.266
"2019-03-01 02:02:00",0,28.47,0.048,0,0,0,0,0,0,0,71.38,0.011,-2.281
"2019-03-01 02:03:00",0,28.41,0.048,0,0,0,0,0,0,0,71.41,0,-2.28
"2019-03-01 02:04:00",0,28.38,0.048,0,0,0,0,0,0,0,71.31,0.011,-2.468
"2019-03-01 02:05:00",0,28.38,0.047,0,0,0,0,0,0,0,71.29,0,-2.902
"2019-03-01 02:06:00",0,28.47,0.048,0,0,0,0,0,0,0,71.25,0,-2.074
"2019-03-01 02:07:00",0,28.46,0.048,0,0,0,0,0,0,0,71.31,0,-2.086
"2019-03-01 02:08:00",0,28.38,0.048,0,0,0,0,0,0,0,71.26,0,-1.965
"2019-03-01 02:09:00",0,28.4,0.048,0,0,0,0,0,0,0,71.32,0.023,-2.21
"2019-03-01 02:10:00",0,28.43,0.048,0,0,0,0,0,0,0,71.42,0.023,-2.171
"2019-03-01 02:11:00",0,28.35,0.049,0,0,0,0,0,0,0,71.26,0.057,-2.278
"2019-03-01 02:12:00",0,28.31,0.047,0,0,0,0,0,0,0,71.35,0.023,-2.955
"2019-03-01 02:13:00",0,28.28,0.047,0,0,0,0,0,0,0,71.27,0,-2.461
"2019-03-01 02:14:00",0,28.31,0.048,0,0,0,0,0,0,0,71.21,0,-2.17
"2019-03-01 02:15:00",0,28.37,0.048,0,0,0,0,0,0,0,71.41,0,-2.451
"2019-03-01 02:16:00",0,28.21,0.049,0,0,0,0,0,0,0,71.3,0,-2.202
"2019-03-01 02:17:00",0,28.24,0.048,0,0,0,0,0,0,0,71.34,0.011,-2.083
"2019-03-01 02:18:00",0,28.27,0.048,0,0,0,0,0,0,0,71.35,0.023,-2.3
"2019-03-01 02:19:00",0,28.24,0.048,0,0,0,0,0,0,0,71.35,0,-2.159
"2019-03-01 02:20:00",0,28.25,0.048,0,0,0,0,0,0,0,71.42,0.034,-2.142
"2019-03-01 02:21:00",0,28.23,0.048,0,0,0,0,0,0,0,71.36,0.011,-2.317
"2019-03-01 02:22:00",0,28.13,0.048,0,0,0,0,0,0,0,71.32,0.034,-2.211
"2019-03-01 02:23:00",0,28.13,0.048,0,0,0,0,0,0,0,71.35,0.023,-2.345
"2019-03-01 02:24:00",0,28.24,0.048,0,0,0,0,0,0,0,71.47,0.011,-2.1
"2019-03-01 02:25:00",0,28.25,0.048,0,0,0,0,0,0,0,71.35,0,-2.115
"2019-03-01 02:26:00",0,28.28,0.048,0,0,0,0,0,0,0,71.32,0,-2.077
"2019-03-01 02:27:00",0,28.36,0.048,0,0,0,0,0,0,0,71.2,0,-2.298
"2019-03-01 02:28:00",0,28.29,0.047,0,0,0,0,0,0,0,71.34,0.011,-1.904
"2019-03-01 02:29:00",0,28.33,0.048,0,0,0,0,0,0,0,71.35,0,-2.158
"2019-03-01 02:30:00",0,28.41,0.048,0,0,0,0,0,0,0,71.42,0.023,-2.309
"2019-03-01 02:31:00",0,28.5,0.048,0,0,0,0,0,0,0,71.32,0.023,-2.413
"2019-03-01 02:32:00",0,28.49,0.048,0,0,0,0,0,0,0,71.28,0.023,-2.133
"2019-03-01 02:33:00",0,28.56,0.048,0,0,0,0,0,0,0,71.23,0.023,-2.221
"2019-03-01 02:34:00",0,28.57,0.047,0,0,0,0,0,0,0,71.27,0,-2.316
"2019-03-01 02:35:00",0,28.56,0.047,0,0,0,0,0,0,0,71.31,0.023,-2.332
"2019-03-01 02:36:00",0,28.55,0.047,0,0,0,0,0,0,0,71.2,0.011,-2.274
"2019-03-01 02:37:00",0,28.5,0.048,0,0,0,0,0,0,0,71.29,0.023,-2.22
"2019-03-01 02:38:00",0,28.47,0.047,0,0,0,0,0,0,0,71.23,0.034,-2.291
"2019-03-01 02:39:00",0,28.42,0.047,0,0,0,0,0,0,0,71.25,0,-2.228
"2019-03-01 02:40:00",0,28.35,0.047,0,0,0,0,0,0,0,71.2,0.023,-2.353
"2019-03-01 02:41:00",0,28.33,0.047,0,0,0,0,0,0,0,71.2,0.023,-2.327
"2019-03-01 02:42:00",0,28.34,0.048,0,0,0,0,0,0,0,71.21,0,-2.229
"2019-03-01 02:43:00",0,28.32,0.047,0,0,0,0,0,0,0,71.12,0,-2.458
"2019-03-01 02:44:00",0,28.34,0.046,0,0,0,0,0,0,0,71.09,0.023,-2.579
"2019-03-01 02:45:00",0,28.31,0.048,0,0,0,0,0,0,0,71.14,0.011,-2.569
"2019-03-01 02:46:00",0,28.24,0.047,0,0,0,0,0,0,0,71.06,0.034,-2.42
"2019-03-01 02:47:00",0,28.32,0.047,0,0,0,0,0,0,0,71.16,0.011,-2.182
"2019-03-01 02:48:00",0,28.28,0.048,0,0,0,0,0,0,0,71.29,0.034,-2.244
"2019-03-01 02:49:00",0,28.25,0.048,0,0,0,0,0,0,0,71.24,0.034,-2.182
"2019-03-01 02:50:00",0,28.27,0.047,0,0,0,0,0,0,0,71.24,0.034,-2.356
"2019-03-01 02:51:00",0,28.25,0.047,0,0,0,0,0,0,0,71.25,0.011,-2.146
"2019-03-01 02:52:00",0,28.3,0.048,0,0,0,0,0,0,0,71.26,0.023,-2.224
"2019-03-01 02:53:00",0,28.28,0.047,0,0,0,0,0,0,0,161.6,0,-2.266
"2019-03-01 02:54:00",0,28.29,0.048,0,0,0,0,0,0,0,161.4,0,-2.294
"2019-03-01 02:55:00",0,28.29,0.048,0,0,0,0,0,0,0,161,0,-2.301
"2019-03-01 02:56:00",0,28.31,0.048,0,0,0,0,0,0,0,160.4,0.045,-2.325
"2019-03-01 02:57:00",0,28.35,0.048,0,0,0,0,0,0,0,160.1,0.034,-2.16
"2019-03-01 02:58:00",0,28.37,0.047,0,0,0,0,0,0,0,160,0.034,-2.245
"2019-03-01 02:59:00",0,28.37,0.047,0,0,0,0,0,0,0,159.8,0.023,-2.281
"2019-03-01 03:00:00",0,28.31,0.047,0,0,0,0,0,0,0,159.5,0.045,-2.286
"2019-03-01 03:01:00",0,28.34,0.048,0,0,0,0,0,0,0,159.3,0.011,-2.276
"2019-03-01 03:02:00",0,28.27,0.048,0,0,0,0,0,0,0,158.9,0,-2.23
"2019-03-01 03:03:00",0,28.23,0.047,0,0,0,0,0,0,0,158.6,0,-2.283
"2019-03-01 03:04:00",0,28.22,0.048,0,0,0,0,0,0,0,158.4,0.034,-2.315
"2019-03-01 03:05:00",0,28.2,0.048,0,0,0,0,0,0,0,157.8,0.011,-2.237
"2019-03-01 03:06:00",0,28.19,0.047,0,0,0,0,0,0,0,157.5,0.023,-2.139
"2019-03-01 03:07:00",0,28.15,0.047,0,0,0,0,0,0,0,157,0.011,-2.259
"2019-03-01 03:08:00",0,28.2,0.047,0,0,0,0,0,0,0,156.5,0.011,-2.176
"2019-03-01 03:09:00",0,28.17,0.047,0,0,0,0,0,0,0,156.2,0.011,-2.268
"2019-03-01 03:10:00",0,28.22,0.048,0,0,0,0,0,0,0,155.5,0.023,-2.244
"2019-03-01 03:11:00",0,28.22,0.048,0,0,0,0,0,0,0,155,0.034,-2.282
"2019-03-01 03:12:00",0,28.27,0.047,0,0,0,0,0,0,0,154.4,0.023,-2.298
"2019-03-01 03:13:00",0,28.32,0.047,0,0,0,0,0,0,0,153.4,0,-2.173
"2019-03-01 03:14:00",0,28.32,0.048,0,0,0,0,0,0,0,152.8,0.011,-2.288
"2019-03-01 03:15:00",0,28.29,0.047,0,0,0,0,0,0,0,152.3,0.023,-2.139
"2019-03-01 03:16:00",0,28.28,0.047,0,0,0,0,0,0,0,151.8,0.023,-2.223
"2019-03-01 03:17:00",0,28.28,0.047,0,0,0,0,0,0,0,151.2,0.011,-2.387
"2019-03-01 03:18:00",0,28.21,0.048,0,0,0,0,0,0,0,151,0,-2.125
"2019-03-01 03:19:00",0,28.32,0.047,0,0,0,0,0,0,0,150.5,0.011,-2.333
"2019-03-01 03:20:00",0,28.35,0.047,0,0,0,0,0,0,0,150.2,0.034,-2.34
"2019-03-01 03:21:00",0,28.38,0.048,0,0,0,0,0,0,0,104.2,0.034,-2.257
"2019-03-01 03:22:00",0,28.4,0.048,0,0,0,0,0,0,0,71.31,0.023,-2.241
"2019-03-01 03:23:00",0,28.41,0.048,0,0,0,0,0,0,0,71.41,0.011,-2.251
"2019-03-01 03:24:00",0,28.36,0.048,0,0,0,0,0,0,0,71.31,0.034,-2.283
"2019-03-01 03:25:00",0,28.35,0.048,0,0,0,0,0,0,0,71.35,0.011,-2.216
"2019-03-01 03:26:00",0,28.34,0.048,0,0,0,0,0,0,0,71.39,0.023,-2.28
"2019-03-01 03:27:00",0,28.29,0.048,0,0,0,0,0,0,0,71.32,0.011,-2.273
"2019-03-01 03:28:00",0,28.31,0.048,0,0,0,0,0,0,0,71.37,0.034,-2.299
"2019-03-01 03:29:00",0,28.25,0.048,0,0,0,0,0,0,0,71.34,0,-2.194
"2019-03-01 03:30:00",0,28.22,0.048,0,0,0,0,0,0,0,71.45,0,-2.273
"2019-03-01 03:31:00",0,28.25,0.048,0,0,0,0,0,0,0,71.45,0.023,-2.633
"2019-03-01 03:32:00",0,28.31,0.047,0,0,0,0,0,0,0,71.38,0.011,-2.034
"2019-03-01 03:33:00",0,28.35,0.047,0,0,0,0,0,0,0,71.43,0.045,-2.738
"2019-03-01 03:34:00",0,28.37,0.047,0,0,0,0,0,0,0,71.34,0,-2.256
"2019-03-01 03:35:00",0,28.32,0.047,0,0,0,0,0,0,0,71.31,0.023,-2.056
"2019-03-01 03:36:00",0,28.31,0.048,0,0,0,0,0,0,0,71.31,0.045,-2.116
"2019-03-01 03:37:00",0,28.34,0.048,0,0,0,0,0,0,0,71.27,0.034,-2.211
"2019-03-01 03:38:00",0,28.22,0.049,0,0,0,0,0,0,0,71.23,0,-2.145
"2019-03-01 03:39:00",0,28.19,0.049,0,0,0,0,0,0,0,71.37,0.011,-2.32
"2019-03-01 03:40:00",0,28.2,0.048,0,0,0,0,0,0,0,71.19,0.011,-2.044
"2019-03-01 03:41:00",0,28.16,0.048,0,0,0,0,0,0,0,71.2,0.011,-2.234
"2019-03-01 03:42:00",0,28.14,0.048,0,0,0,0,0,0,0,71.24,0.034,-2.315
"2019-03-01 03:43:00",0,28.16,0.048,0,0,0,0,0,0,0,71.35,0.034,-2.651
"2019-03-01 03:44:00",0,28.13,0.049,0,0,0,0,0,0,0,71.31,0.011,-2.106
"2019-03-01 03:45:00",0,28.09,0.049,0,0,0,0,0,0,0,71.31,0.011,-2.189
"2019-03-01 03:46:00",0,28.14,0.049,0,0,0,0,0,0,0,71.27,0,-1.992
"2019-03-01 03:47:00",0,28.07,0.049,0,0,0,0,0,0,0,71.25,0.023,-2.384
"2019-03-01 03:48:00",0,28.05,0.049,0,0,0,0,0,0,0,71.51,0.011,-2.291
"2019-03-01 03:49:00",0,28.03,0.049,0,0,0,0,0,0,0,71.46,0.023,-2.125
"2019-03-01 03:50:00",0,28.04,0.049,0,0,0,0,0,0,0,71.59,0.034,-2.306
"2019-03-01 03:51:00",0,28.06,0.05,0,0,0,0,0,0,0,71.51,0.011,-2.722
"2019-03-01 03:52:00",0,28.09,0.049,0,0,0,0,0,0,0,71.42,0.034,-2.497
"2019-03-01 03:53:00",0,28.07,0.049,0,0,0,0,0,0,0,71.52,0,-2.044
"2019-03-01 03:54:00",0,28.13,0.049,0,0,0,0,0,0,0,71.45,0.023,-2.178
"2019-03-01 03:55:00",0,28.09,0.049,0,0,0,0,0,0,0,71.35,0.011,-2.295
"2019-03-01 03:56:00",0,28.15,0.049,0,0,0,0,0,0,0,71.38,0.023,-2.286
"2019-03-01 03:57:00",0,28.12,0.05,0,0,0,0,0,0,0,71.36,0.034,-2.21
"2019-03-01 03:58:00",0,28.1,0.049,0,0,0,0,0,0,0,71.36,0.011,-2.2
"2019-03-01 03:59:00",0,28.06,0.049,0,0,0,0,0,0,0,71.46,0.034,-2.229
"2019-03-01 04:00:00",0,28.03,0.05,0,0,0,0,0,0,0,71.39,0.034,-2.239
"2019-03-01 04:01:00",0,28.06,0.049,0,0,0,0,0,0,0,71.38,0.023,-2.253
"2019-03-01 04:02:00",0,28.06,0.049,0,0,0,0,0,0,0,71.3,0.023,-2.447
"2019-03-01 04:03:00",0,28.01,0.05,0,0,0,0,0,0,0,71.28,0,-1.974
"2019-03-01 04:04:00",0,27.94,0.049,0,0,0,0,0,0,0,71.37,0,-2.36
"2019-03-01 04:05:00",0,27.92,0.049,0,0,0,0,0,0,0,71.29,0.011,-2.179
"2019-03-01 04:06:00",0,27.91,0.05,0,0,0,0,0,0,0,71.35,0,-2.185
"2019-03-01 04:07:00",0,27.9,0.05,0,0,0,0,0,0,0,71.39,0.023,-2.357
"2019-03-01 04:08:00",0,27.9,0.05,0,0,0,0,0,0,0,94.5,0.034,-2.227
"2019-03-01 04:09:00",0,27.84,0.05,0,0,0,0,0,0,0,157.9,0.045,-2.225
"2019-03-01 04:10:00",0,27.87,0.05,0,0,0,0,0,0,0,158.6,0.057,-2.38
"2019-03-01 04:11:00",0,27.82,0.049,0,0,0,0,0,0,0,159.9,0.011,-2.36
"2019-03-01 04:12:00",0,27.86,0.05,0,0,0,0,0,0,0,159.8,0.011,-2.35
"2019-03-01 04:13:00",0,27.83,0.05,0,0,0,0,0,0,0,159.3,0.011,-2.273
"2019-03-01 04:14:00",0,27.8,0.051,0,0,0,0,0,0,0,159.3,0,-2.521
"2019-03-01 04:15:00",0,27.77,0.05,0,0,0,0,0,0,0,159,0,-2.295
"2019-03-01 04:16:00",0,27.77,0.05,0,0,0,0,0,0,0,159,0.045,-2.272
"2019-03-01 04:17:00",0,27.65,0.05,0,0,0,0,0,0,0,159,0.023,-2.371
"2019-03-01 04:18:00",0,27.64,0.05,0,0,0,0,0,0,0,159,0.011,-2.109
"2019-03-01 04:19:00",0,27.53,0.05,0,0,0,0,0,0,0,158.7,0,-2.057
"2019-03-01 04:20:00",0,27.56,0.05,0,0,0,0,0,0,0,158.6,0.023,-2.312
"2019-03-01 04:21:00",0,27.48,0.05,0,0,0,0,0,0,0,158.8,0.011,-2.333
"2019-03-01 04:22:00",0,27.38,0.05,0,0,0,0,0,0,0,158.9,0.023,-2.245
"2019-03-01 04:23:00",0,27.29,0.049,0,0,0,0,0,0,0,158.5,0.034,-2.302
"2019-03-01 04:24:00",0,27.24,0.05,0,0,0,0,0,0,0,158.4,0,-2.231
"2019-03-01 04:25:00",0,27.2,0.05,0,0,0,0,0,0,0,158.5,0.023,-2.181
"2019-03-01 04:26:00",0,27.09,0.049,0,0,0,0,0,0,0,158.4,0.011,-2.27
"2019-03-01 04:27:00",0,27.03,0.05,0,0,0,0,0,0,0,158.4,0.023,-2.422
"2019-03-01 04:28:00",0,27.01,0.05,0,0,0,0,0,0,0,158.4,0,-2.037
"2019-03-01 04:29:00",0,27.05,0.05,0,0,0,0,0,0,0,158.3,0,-1.949
"2019-03-01 04:30:00",0,26.93,0.049,0,0,0,0,0,0,0,158.4,0,-2.373
"2019-03-01 04:31:00",0,26.96,0.049,0,0,0,0,0,0,0,158.4,0.023,-2.226
"2019-03-01 04:32:00",0,26.99,0.05,0,0,0,0,0,0,0,158.6,0.045,-2.382
"2019-03-01 04:33:00",0,27.01,0.049,0,0,0,0,0,0,0,158.4,0.011,-1.898
"2019-03-01 04:34:00",0,27.04,0.05,0,0,0,0,0,0,0,158.3,0,-2.53
"2019-03-01 04:35:00",0,27.03,0.049,0,0,0,0,0,0,0,158.2,0.034,-2.181
"2019-03-01 04:36:00",0,27.11,0.049,0,0,0,0,0,0,0,156.7,0.011,-2.549
"2019-03-01 04:37:00",0,27.04,0.049,0,0,0,0,0,0,0,156.5,0,-2.702
"2019-03-01 04:38:00",0,27.04,0.049,0,0,0,0,0,0,0,206.2,0.011,-2.254
"2019-03-01 04:39:00",0,27.01,0.049,0,0,0,0,0,0,0,244.4,0.023,-2.447
"2019-03-01 04:40:00",0,27.03,0.048,0,0,0,0,0,0,0,244.2,0,-1.953
"2019-03-01 04:41:00",0,27.04,0.049,0,0,0,0,0,0,0,243.5,0.045,-2.356
"2019-03-01 04:42:00",0,27.08,0.049,0,0,0,0,0,0,0,242.7,0.011,-2.317
"2019-03-01 04:43:00",0,27.13,0.049,0,0,0,0,0,0,0,242.4,0.045,-2.369
"2019-03-01 04:44:00",0,27.08,0.049,0,0,0,0,0,0,0,242.6,0.023,-2.294
"2019-03-01 04:45:00",0,27.05,0.048,0,0,0,0,0,0,0,242.1,0.045,-2.338
"2019-03-01 04:46:00",0,27.03,0.048,0,0,0,0,0,0,0,242.3,0.045,-2.319
"2019-03-01 04:47:00",0,27,0.048,0,0,0,0,0,0,0,242.2,0.023,-2.248
"2019-03-01 04:48:00",0,26.97,0.048,0,0,0,0,0,0,0,241.8,0,-2.355
"2019-03-01 04:49:00",0,26.97,0.048,0,0,0,0,0,0,0,241.3,0.011,-2.275
"2019-03-01 04:50:00",0,26.93,0.048,0,0,0,0,0,0,0,241,0.034,-2.297
"2019-03-01 04:51:00",0,26.99,0.048,0,0,0,0,0,0,0,212.7,0.023,-2.313
"2019-03-01 04:52:00",0,26.97,0.049,0,0,0,0,0,0,0,156.3,0.034,-2.336
"2019-03-01 04:53:00",0,26.97,0.048,0,0,0,0,0,0,0,155.6,0.023,-2.237
"2019-03-01 04:54:00",0,26.97,0.048,0,0,0,0,0,0,0,155.1,0.011,-2.267
"2019-03-01 04:55:00",0,26.91,0.048,0,0,0,0,0,0,0,154.5,0.034,-2.314
"2019-03-01 04:56:00",0,26.9,0.048,0,0,0,0,0,0,0,154.1,0.011,-2.369
"2019-03-01 04:57:00",0,26.85,0.048,0,0,0,0,0,0,0,153.6,0.023,-2.269
"2019-03-01 04:58:00",0,26.82,0.048,0,0,0,0,0,0,0,153.2,0.023,-2.303
"2019-03-01 04:59:00",0,26.81,0.048,0,0,0,0,0,0,0,152.1,0,-2.285
"2019-03-01 05:00:00",0,26.77,0.048,0,0,0,0,0,0,0,151.6,0.011,-2.313
"2019-03-01 05:01:00",0,26.67,0.049,0,0,0,0,0,0,0,151,0.034,-2.296
"2019-03-01 05:02:00",0,26.62,0.049,0,0,0,0,0,0,0,150.5,0.011,-2.337
"2019-03-01 05:03:00",0,26.62,0.049,0,0,0,0,0,0,0,150.3,0,-2.329
"2019-03-01 05:04:00",0,26.68,0.049,0,0,0,0,0,0,0,149.9,0.034,-2.248
"2019-03-01 05:05:00",0,26.72,0.048,0,0,0,0,0,0,0,149.3,0.023,-2.276
"2019-03-01 05:06:00",0,26.71,0.048,0,0,0,0,0,0,0,142.5,0.011,-2.38
"2019-03-01 05:07:00",0,26.66,0.048,0,0,0,0,0,0,0,71.19,0,-2.264
"2019-03-01 05:08:00",0,26.72,0.048,0,0,0,0,0,0,0,71.08,0.034,-2.29
"2019-03-01 05:09:00",0,26.72,0.048,0,0,0,0,0,0,0,70.98,0,-2.244
"2019-03-01 05:10:00",0,26.74,0.048,0,0,0,0,0,0,0,71.04,0.011,-2.363
"2019-03-01 05:11:00",0,26.7,0.048,0,0,0,0,0,0,0,71.03,0,-2.316
"2019-03-01 05:12:00",0,26.7,0.048,0,0,0,0,0,0,0,70.83,0.023,-2.319
"2019-03-01 05:13:00",0,26.7,0.048,0,0,0,0,0,0,0,71,0.023,-2.267
"2019-03-01 05:14:00",0,26.69,0.048,0,0,0,0,0,0,0,71.02,0,-2.326
"2019-03-01 05:15:00",0,26.62,0.048,0,0,0,0,0,0,0,70.91,0,-2.321
"2019-03-01 05:16:00",0,26.62,0.048,0,0,0,0,0,0,0,70.93,0.023,-2.346
"2019-03-01 05:17:00",0,26.57,0.048,0,0,0,0,0,0,0,70.89,0,-2.023
"2019-03-01 05:18:00",0,26.55,0.048,0,0,0,0,0,0,0,70.94,0,-2.182
"2019-03-01 05:19:00",0,26.55,0.048,0,0,0,0,0,0,0,70.93,0,-2.353
"2019-03-01 05:20:00",0,26.54,0.048,0,0,0,0,0,0,0,71,0.011,-2.275
"2019-03-01 05:21:00",0,26.45,0.048,0,0,0,0,0,0,0,70.98,0,-2.205
"2019-03-01 05:22:00",0,26.35,0.048,0,0,0,0,0,0,0,71.03,0,-2.475
"2019-03-01 05:23:00",0,26.27,0.048,0,0,0,0,0,0,0,71.18,0.011,-2.123
"2019-03-01 05:24:00",0,26.22,0.048,0,0,0,0,0,0,0,71.12,0.011,-2.472
"2019-03-01 05:25:00",0,26.17,0.048,0,0,0,0,0,0,0,70.98,0,-2.234
"2019-03-01 05:26:00",0,26.13,0.049,0,0,0,0,0,0,0,71.04,0.011,-1.956
"2019-03-01 05:27:00",0,26.2,0.048,0,0,0,0,0,0,0,71.12,0.011,-2.361
"2019-03-01 05:28:00",0,26.12,0.048,0,0,0,0,0,0,0,71.04,0.011,-2.456
"2019-03-01 05:29:00",0,26.09,0.048,0,0,0,0,0,0,0,71.13,0,-2.221
"2019-03-01 05:30:00",0,26.06,0.048,0,0,0,0,0,0,0,70.98,0,-2.42
"2019-03-01 05:31:00",0,26.01,0.048,0,0,0,0,0,0,0,71.16,0,-2.532
"2019-03-01 05:32:00",0,25.95,0.048,0,0,0,0,0,0,0,71.16,0.023,-2.477
"2019-03-01 05:33:00",0,25.99,0.048,0,0,0,0,0,0,0,71.04,0,-2.375
"2019-03-01 05:34:00",0,26.02,0.048,0,0,0,0,0,0,0,70.91,0.034,-2.131
"2019-03-01 05:35:00",0,26,0.048,0,0,0,0,0,0,0,70.97,0,-2.346
"2019-03-01 05:36:00",0,26.02,0.048,0,0,0,0,0,0,0,71.02,0,-2.206
"2019-03-01 05:37:00",0,26.05,0.048,0,0,0,0,0,0,0,70.88,0,-2.144
"2019-03-01 05:38:00",0,26.12,0.048,0,0,0,0,0,0,0,70.85,0,-2.43
"2019-03-01 05:39:00",0,26.16,0.048,0,0,0,0,0,0,0,70.97,0.011,-2.331
"2019-03-01 05:40:00",0,26.15,0.048,0,0,0,0,0,0,0,70.95,0.023,-2.44
"2019-03-01 05:41:00",0,26.13,0.048,0,0,0,0,0,0,0,70.99,0.057,-2.28
"2019-03-01 05:42:00",0,26.15,0.048,0,0,0,0,0,0,0,70.97,0.034,-2.138
"2019-03-01 05:43:00",0,26.17,0.048,0,0,0,0,0,0,0,71.2,0,-1.951
"2019-03-01 05:44:00",0,26.13,0.048,0,0,0,0,0,0,0,71.06,0.023,-2.075
"2019-03-01 05:45:00",0,26.18,0.049,0,0,0,0,0,0,0,70.99,0,-2.14
"2019-03-01 05:46:00",0,26.19,0.048,0,0,0,0,0,0,0,71.03,0.023,-2.462
"2019-03-01 05:47:00",0,26.13,0.048,0,0,0,0,0,0,0,70.97,0,-2.087
"2019-03-01 05:48:00",0,26.06,0.048,0,0,0,0,0,0,0,71.08,0,-2.033
"2019-03-01 05:49:00",0,26.09,0.049,0,0,0,0,0,0,0,71.04,0.011,-2.469
"2019-03-01 05:50:00",0,26.14,0.049,0,0,0,0,0,0,0,71.09,0.057,-2.416
"2019-03-01 05:51:00",0,26.01,0.048,0,0,0,0,0,0,0,71.03,0,-2.043
"2019-03-01 05:52:00",0,26.05,0.048,0,0,0,0,0,0,0,71.13,0.011,-2.397
"2019-03-01 05:53:00",0,26.02,0.048,0,0,0,0,0,0,0,70.97,0,-1.937
"2019-03-01 05:54:00",0,25.94,0.047,0,0,0,0,0,0,0,71.02,0.011,-2.486
"2019-03-01 05:55:00",0,25.9,0.047,0,0,0,0,0,0,0,70.87,0,-1.995
"2019-03-01 05:56:00",0,25.89,0.048,0,0,0,0,0,0,0,71.03,0.045,-2.254
"2019-03-01 05:57:00",0,25.83,0.048,0,0,0,0,0,0,0,71.1,0.011,-2.255
"2019-03-01 05:58:00",0,25.76,0.048,0,0,0,0,0,0,0,70.92,0,-2.067
"2019-03-01 05:59:00",0,25.75,0.048,0,0,0,0,0,0,0,70.95,0.011,-2.546
"2019-03-01 06:00:00",0,25.68,0.049,0,0,0,0,0,0,0,88.3,0.011,-2.278
"2019-03-01 06:01:00",0,25.69,0.048,0,0,0,0,0,0,0,93.1,0.057,-2.353
"2019-03-01 06:02:00",0,25.61,0.048,0,0,0,0,0,0,0,83.6,0.045,-2.139
"2019-03-01 06:03:00",0,25.62,0.048,0,0,0,0,0,0,0,79.84,0,-2.252
"2019-03-01 06:04:00",0,25.64,0.048,0,0,0,0,0,0,0,53.14,0.045,-2.248
"2019-03-01 06:05:00",0,25.56,0.048,0,0,0,0,0,0,0,48.94,0.023,-2.274
"2019-03-01 06:06:00",0,25.53,0.048,0,0,0,0,0,0,0,48.96,0.011,-2.22
"2019-03-01 06:07:00",0,25.5,0.048,0,0,0,0,0,0,0,49.02,0.034,-2.281
"2019-03-01 06:08:00",0,25.5,0.048,0,0,0,0,0,0,0,48.95,0.023,-2.224
"2019-03-01 06:09:00",0,25.54,0.048,0,0,0,0,0,0,0,48.91,0.011,-2.252
"2019-03-01 06:10:00",0,25.52,0.048,0,0,0,0,0,0,0,49.01,0.011,-2.178
"2019-03-01 06:11:00",0,25.59,0.048,0,0,0,0,0,0,0,49.03,0.045,-2.347
"2019-03-01 06:12:00",0,25.65,0.048,0,0,0,0,0,0,0,48.97,0.034,-2.253
"2019-03-01 06:13:00",0,25.64,0.048,0,0,0,0,0,0,0,48.79,0.011,-2.256
"2019-03-01 06:14:00",0,25.62,0.048,0,0,0,0,0,0,0,48.86,0.023,-2.254
"2019-03-01 06:15:00",0,25.64,0.047,0,0,0,0,0,0,0,48.87,0.011,-2.338
"2019-03-01 06:16:00",0,25.62,0.048,0,0,0,0,0,0,0,48.87,0.023,-2.277
"2019-03-01 06:17:00",0,25.64,0.047,0,0,0,0,0,0,0,48.9,0.023,-2.246
"2019-03-01 06:18:00",0,25.6,0.047,0,0,0,0,0,0,0,48.83,0.011,-2.321
"2019-03-01 06:19:00",0,25.62,0.047,0,0,0,0,0,0,0,48.88,0,-2.122
"2019-03-01 06:20:00",0,25.67,0.047,0,0,0,0,0,0,0,48.84,0.045,-2.271
"2019-03-01 06:21:00",0,25.68,0.047,0,0,0,0,0,0,0,48.82,0.011,-2.291
"2019-03-01 06:22:00",0,25.68,0.047,0,0,0,0,0,0,0,48.82,0,-2.192
"2019-03-01 06:23:00",0,25.71,0.047,0,0,0,0,0,0,0,48.82,0.023,-2.3
"2019-03-01 06:24:00",0,25.7,0.047,0,0,0,0,0,0,0,70.27,0,-2.102
"2019-03-01 06:25:00",0,25.67,0.047,0,0,0,0,0,0,0,140,0.034,-2.279
"2019-03-01 06:26:00",0,25.61,0.047,0,0,0,0,0,0,0,139.4,0.011,-2.275
"2019-03-01 06:27:00",0,25.63,0.047,0,0,0,0,0,0,0,138.6,0.011,-2.224
"2019-03-01 06:28:00",0,25.55,0.047,0,0,0,0,0,0,0,143.7,0.011,-2.419
"2019-03-01 06:29:00",0,25.61,0.047,0,0,0,0,0,0,0,143.8,0.011,-2.06
"2019-03-01 06:30:00",0,25.67,0.046,0,0,0,0,0,0,0,143.7,0,-2.416
"2019-03-01 06:31:00",0,25.72,0.047,0,0,0,0,0,0,0,143.2,0.011,-2.294
"2019-03-01 06:32:00",0,25.74,0.048,0,0,0,0,0,0,0,142.7,0,-2.176
"2019-03-01 06:33:00",0,25.78,0.046,0,0,0,0,0,0,0,142.6,0.023,-2.31
"2019-03-01 06:34:00",0,25.71,0.046,0,0,0,0,0,0,0,142.4,0.045,-2.363
"2019-03-01 06:35:00",0,25.8,0.047,0,0,0,0,0,0,0,137.2,0.08,-2.058
"2019-03-01 06:36:00",0,25.87,0.048,0,0,0,0,0,0,0,135.9,0,-1.747
"2019-03-01 06:37:00",0,25.88,0.047,0,0,0,0,0,0,0,135.3,0.011,-2.629
"2019-03-01 06:38:00",0,25.93,0.047,0,0,0,0,0,0,0,134.7,0.023,-2.556
"2019-03-01 06:39:00",0,25.97,0.047,0,0,0,0,0,0,0,134.2,0.011,-2.265
"2019-03-01 06:40:00",0,25.99,0.046,0,0,0,0,0,0,0,133.8,0,-2.42
"2019-03-01 06:41:00",0,26.06,0.046,0,0,0,0,0,0,0,133.3,0,-1.989
"2019-03-01 06:42:00",0,26.09,0.046,0,0,0,0,0,0,0,132.7,0.034,-2.254
"2019-03-01 06:43:00",0,26.13,0.046,0,0,0,0,0,0,0,132.1,0.011,-2.286
"2019-03-01 06:44:00",0,26.21,0.046,0,0,0,0,0,0,0,131.6,0.011,-2.132
"2019-03-01 06:45:00",0,26.21,0.046,0,0,0,0,0,0,0,130.8,0.068,-2.376
"2019-03-01 06:46:00",0,26.21,0.046,0,0,0,0,0,0,0,130,0,-2.282
"2019-03-01 06:47:00",0,26.27,0.046,0,0,0,0,0,0,0,129.4,0.011,-2.082
"2019-03-01 06:48:00",0,26.29,0.046,0,0,0,0,0,0,0,124.3,0.011,-2.069
"2019-03-01 06:49:00",0,26.27,0.045,0,0,0,0,0,0,0,120.2,0.011,-2.659
"2019-03-01 06:50:00",0,26.43,0.046,0,0,0,0,0,0,0,119.7,0.023,-2.364
"2019-03-01 06:51:00",0,26.61,0.046,0,0,0,0,0,0,0,119.4,0.045,-2.207
"2019-03-01 06:52:00",0,26.77,0.046,0,0,0,0,0,0,0,68.36,0.045,-2.297
"2019-03-01 06:53:00",0,26.93,0.046,0,0,0,0,0,0,0,40.41,0.011,-2.254
"2019-03-01 06:54:00",0,27.18,0.046,0,0,0,0,0,0,0,40.38,0.011,-2.309
"2019-03-01 06:55:00",0,27.37,0.046,0,0,0,0,0,0,0,40.23,0,-2.274
"2019-03-01 06:56:00",0,27.57,0.046,0,0,0,0,0,0,0,42.12,0.011,-2.355
"2019-03-01 06:57:00",0,27.75,0.045,0,0,0,0,0,0,0,52.9,0.011,-2.305
"2019-03-01 06:58:00",0,27.89,0.045,0,0,0,0,0,0,0,52.81,0,-2.329
"2019-03-01 06:59:00",0,28.05,0.045,0,0,0,0,0,0,0,52.81,0,-2.321
"2019-03-01 07:00:00",0,28.19,0.046,0,0,0,0,0,0,0,52.76,0,-2.3
"2019-03-01 07:01:00",0,28.4,0.045,0,0,0,0,0,0,0,52.67,0,-2.321
"2019-03-01 07:02:00",0,28.57,0.045,0,0,0,0,0,0,0,48.36,0,-2.264
"2019-03-01 07:03:00",0,28.7,0.045,0,0,0,0,0,0,0,40.3,0,-2.299
"2019-03-01 07:04:00",0,28.9,0.046,0,0,0,0,0,0,0,40.29,0,-2.381
"2019-03-01 07:05:00",0,29.07,0.045,0,0,0,0,0,0,0,40.27,0,-2.313
"2019-03-01 07:06:00",0,29.25,0.045,0,0,0,0,0,0,0,40.11,0,-2.294
"2019-03-01 07:07:00",0,29.44,0.045,0,0,0,0,0,0,0,40.14,0.011,-2.298
"2019-03-01 07:08:00",0,29.53,0.045,0,0,0,0,0,0,0,40.15,0,-2.318
"2019-03-01 07:09:00",0,29.68,0.046,0,0,0,0,0,0,0,40.37,0.011,-2.322
"2019-03-01 07:10:00",0,29.83,0.045,0,0,0,0,0,0,0,40.22,0.034,-2.287
"2019-03-01 07:11:00",0,29.92,0.046,0,0,0,0,0,0,0,40.33,0,-2.338
"2019-03-01 07:12:00",0,30.06,0.046,0,0,0,0,0,0,0,40.16,0,-2.353
"2019-03-01 07:13:00",0,30.23,0.045,0,0,0,0,0,0,0,40.11,0.011,-2.235
"2019-03-01 07:14:00",0,30.37,0.046,0,0,0,0,0,0,0,40.28,0.011,-2.47
"2019-03-01 07:15:00",0,30.53,0.046,0,0,0,0,0,0,0,40.34,0.023,-2.357
"2019-03-01 07:16:00",0,30.65,0.046,0,0,0,0,0,0,0,40.41,0,-2.047
"2019-03-01 07:17:00",0,30.81,0.046,0,0,0,0,0,0,0,40.49,0.011,-2.216
"2019-03-01 07:18:00",0,30.96,0.046,0,0,0,0,0,0,0,40.22,0,-2.403
"2019-03-01 07:19:00",0,31.07,0.045,0,0,0,0,0,0,0,40.3,0,-1.946
"2019-03-01 07:20:00",0,31.15,0.047,0,0,0,0,0,0,0,40.48,0.011,-2.306
"2019-03-01 07:21:00",0,31.32,0.047,0,0,0,0,0,0,0,40.29,0.011,-2.456
"2019-03-01 07:22:00",0,31.47,0.047,0,0,0,0,0,0,0,40.25,0.011,-2.457
"2019-03-01 07:23:00",0,31.48,0.046,0,0,0,0,0,0,0,40.34,0.011,-2.391
"2019-03-01 07:24:00",0,31.46,0.046,0,0,0,0,0,0,0,40.21,0.023,-2.282
"2019-03-01 07:25:00",0,31.49,0.046,0,0,0,0,0,0,0,40.31,0,-2.296
"2019-03-01 07:26:00",0,31.66,0.046,0,0,0,0,0,0,0,40.37,0,-2.345
"2019-03-01 07:27:00",0,31.64,0.046,0,0,0,0,0,0,0,40.43,0.011,-2.219
"2019-03-01 07:28:00",0,31.75,0.047,0,0,0,0,0,0,0,40.34,0,-2.323
"2019-03-01 07:29:00",0,32.09,0.046,0,0,0,0,0,0,0,40.25,0,-2.314
"2019-03-01 07:30:00",0,32.23,0.046,0,0,0,0,0,0,0,40.36,0,-2.296
"2019-03-01 07:31:00",0,32.48,0.046,0,0,0,0,0,0,0,40.19,0.023,-2.306
"2019-03-01 07:32:00",0,32.69,0.046,0,0,0,0,0,0,0,40.39,0.023,-2.312
"2019-03-01 07:33:00",0,32.96,0.046,0,0,0,0,0,0,0,40.31,0.045,-2.325
"2019-03-01 07:34:00",0,33.25,0.047,0,0,0,0,0,0,0,40.27,0.011,-2.229
"2019-03-01 07:35:00",0,33.4,0.047,0,0,0,0,0,0,0,40.21,0.023,-2.288
"2019-03-01 07:36:00",0,33.78,0.047,0,0,0,0,0,0,0,40.15,0.023,-2.15
"2019-03-01 07:37:00",0,33.9,0.047,0,0,0,0,0,0,0,40.45,0,-1.95
"2019-03-01 07:38:00",0,33.97,0.046,0,0,0,0,0,0,0,40.44,0.034,-2.405
"2019-03-01 07:39:00",0,33.79,0.047,0,0,0,0,0,0,0,40.52,0.011,-2.255
"2019-03-01 07:40:00",0,33.91,0.047,0,0,0,0,0,0,0,40.45,0,-2.074
"2019-03-01 07:41:00",0,33.76,0.047,0,0,0,0,0,0,0,40.45,0.023,-2.361
"2019-03-01 07:42:00",0,33.7,0.046,0,0,0,0,0,0,0,40.58,0.011,-2.39
"2019-03-01 07:43:00",0,33.87,0.046,0,0,0,0,0,0,0,40.5,0.011,-2.255
"2019-03-01 07:44:00",0,34.12,0.046,0,0,0,0,0,0,0,40.43,0.011,-2.244
"2019-03-01 07:45:00",0,34.32,0.046,0,0,0,0,0,0,0,40.59,0,-2.34
"2019-03-01 07:46:00",0,34.35,0.046,0,0,0,0,0,0,0,40.59,0,-2.438
"2019-03-01 07:47:00",0,34.32,0.046,0,0,0,0,0,0,0,40.5,0.011,-2.356
"2019-03-01 07:48:00",0,34.58,0.046,0,0,0,0,0,0,0,40.63,0.034,-2.367
"2019-03-01 07:49:00",0,34.66,0.046,0,0,0,0,0,0,0,40.52,0,-2.4
"2019-03-01 07:50:00",0,34.84,0.047,0,0,0,0,0,0,0,40.54,0.011,-2.246
"2019-03-01 07:51:00",0,35.04,0.046,0,0,0,0,0,0,0,40.47,0.023,-2.204
"2019-03-01 07:52:00",0,35.4,0.046,0,0,0,0,0,0,0,40.65,0,-2.207
"2019-03-01 07:53:00",0,35.64,0.046,0,0,0,0,0,0,0,40.58,0.034,-2.258
"2019-03-01 07:54:00",0,35.6,0.046,0,0,0,0,0,0,0,40.4,0.034,-2.439
"2019-03-01 07:55:00",0,35.8,0.047,0,0,0,0,0,0,0,40.55,0.023,-2.369
"2019-03-01 07:56:00",0,35.93,0.046,0,0,0,0,0,0,0,40.4,0,-2.14
"2019-03-01 07:57:00",0,36.1,0.046,0,0,0,0,0,0,0,40.51,0.023,-2.337
"2019-03-01 07:58:00",0,36.05,0.047,0,0,0,0,0,0,0,40.42,0.045,-2.337
"2019-03-01 07:59:00",0,36.1,0.046,0,0,0,0,0,0,0,40.43,0.034,-2.393
"2019-03-01 08:00:00",0,36.39,0.047,0,0,0,0,0,0,0,40.37,0.023,-2.708
"2019-03-01 08:01:00",0,36.69,0.047,0,0,0,0,0,0,0,40.41,0,-2.32
"2019-03-01 08:02:00",0,36.86,0.047,0,0,0,0,0,0,0,40.51,0.034,-2.224
"2019-03-01 08:03:00",0,37.1,0.046,0,0,0,0,0,0,0,40.61,0.034,-2.473
"2019-03-01 08:04:00",0,36.97,0.047,0,0,0,0,0,0,0,40.66,0.011,-2.296
"2019-03-01 08:05:00",0,36.78,0.047,0,0,0,0,0,0,0,40.6,0,-2.378
"2019-03-01 08:06:00",0,36.46,0.047,0,0,0,0,0,0,0,40.56,0.011,-2.309
"2019-03-01 08:07:00",0,36.63,0.047,0,0,0,0,0,0,0,40.59,0.034,-2.317
"2019-03-01 08:08:00",0,36.67,0.047,0,0,0,0,0,0,0,40.66,0.011,-2.257
"2019-03-01 08:09:00",0,36.9,0.047,0,0,0,0,0,0,0,40.58,0,-2.295
"2019-03-01 08:10:00",0,36.98,0.047,0,0,0,0,0,0,0,53.95,0.034,-2.281
"2019-03-01 08:11:00",0,37.33,0.047,0,0,0,0,0,0,0,131.2,0.011,-2.308
"2019-03-01 08:12:00",0,37.39,0.047,0,0,0,0,0,0,0,130.3,0.011,-2.33
"2019-03-01 08:13:00",0,36.76,0.047,0,0,0,0,0,0,0,129.8,0.011,-2.676
"2019-03-01 08:14:00",0,36.45,0.047,0,0,0,0,0,0,0,129.4,0.011,-2.357
"2019-03-01 08:15:00",0,36.79,0.047,0,0,0,0,0,0,0,128.9,0.011,-2.585
"2019-03-01 08:16:00",0,36.79,0.047,0,0,0,0,0,0,0,128.7,0.011,-2.527
"2019-03-01 08:17:00",0,37.45,0.048,0,0,0,0,0,0,0,128.8,0,-2.367
"2019-03-01 08:18:00",0,37.6,0.048,0,0,0,0,0,0,0,128.6,0.034,-2.367
"2019-03-01 08:19:00",0,37.5,0.047,0,0,0,0,0,0,0,128.4,0.034,-2.183
"2019-03-01 08:20:00",0,36.54,0.047,0,0,0,0,0,0,0,128,0.011,-2.345
"2019-03-01 08:21:00",0,35.85,0.047,0,0,0,0,0,0,0,128,0,-2.125
"2019-03-01 08:22:00",0,36.29,0.047,0,0,0,0,0,0,0,127.4,0.045,-2.34
"2019-03-01 08:23:00",0,36.7,0.047,0,0,0,0,0,0,0,126.8,0.011,-2.241
"2019-03-01 08:24:00",0,37.23,0.047,0,0,0,0,0,0,0,126.4,0.011,-2.255
"2019-03-01 08:25:00",0,37.51,0.047,0,0,0,0,0,0,0,126.1,0.023,-2.323
"2019-03-01 08:26:00",0,37.9,0.047,0,0,0,0,0,0,0,125.4,0,-2.54
"2019-03-01 08:27:00",0,37.58,0.048,0,0,0,0,0,0,0,125.2,0,-2.196
"2019-03-01 08:28:00",0,37.02,0.047,0,0,0,0,0,0,0,124.5,0.011,-2.187
"2019-03-01 08:29:00",0,36.29,0.048,0,0,0,0,0,0,0,124.1,0,-2.272
"2019-03-01 08:30:00",0,36.68,0.048,0,0,0,0,0,0,0,123.6,0.011,-2.34
"2019-03-01 08:31:00",0,36.92,0.048,0,0,0,0,0,0,0,123.1,0,-2.398
"2019-03-01 08:32:00",0,37.22,0.048,0,0,0,0,0,0,0,122.2,0.023,-2.39
"2019-03-01 08:33:00",0,37.07,0.048,0,0,0,0,0,0,0,121.7,0.011,-2.353
"2019-03-01 08:34:00",0,37.32,0.048,0,0,0,0,0,0,0,121.8,0,-2.051
"2019-03-01 08:35:00",0,37.72,0.048,0,0,0,0,0,0,0,121.4,0,-2.239
"2019-03-01 08:36:00",0,38.31,0.047,0,0,0,0,0,0,0,209.2,0.034,-2.356
"2019-03-01 08:37:00",0,38.86,0.047,0,0,0,0,0,0,0,301.4,0,-2.091
"2019-03-01 08:38:00",0,39.42,0.048,0,0,0,0,0,0,0,201.4,0,-2.307
"2019-03-01 08:39:00",0,39.96,0.048,0,0,0,0,0,0,0,202.5,0.011,-2.348
"2019-03-01 08:40:00",0,40.71,0.048,0,0,0,0,0,0,0,149,0.011,-2.344
"2019-03-01 08:41:00",0,41.24,0.048,0,0,0,0,0,0,0,127.4,0,-2.352
"2019-03-01 08:42:00",0,41.11,0.048,0,0,0,0,0,0,0,127.2,0.011,-2.426
"2019-03-01 08:43:00",0,41.13,0.048,0,0,0,0,0,0,0,127.1,0,-2.249
"2019-03-01 08:44:00",0,41.56,0.047,0,0,0,0,0,0,0,126.9,0,-2.287
"2019-03-01 08:45:00",0,40.31,0.047,0,0,0,0,0,0,0,126.1,0,-2.353
"2019-03-01 08:46:00",0,40.12,0.048,0,0,0,0,0,0,0,126.1,0,-2.388
"2019-03-01 08:47:00",0,41.42,0.048,0,0,0,0,0,0,0,126.8,0.034,-2.282
"2019-03-01 08:48:00",0,41.97,0.048,0,0,0,0,0,0,0,126.4,0.011,-2.376
"2019-03-01 08:49:00",0,42.61,0.048,0,0,0,0,0,0,0,126.3,0,-2.363
"2019-03-01 08:50:00",0,43.13,0.048,0,0,0,0,0,0,0,126.4,0,-2.121
"2019-03-01 08:51:00",0,42.65,0.048,0,0,0,0,0,0,0,126.2,0,-2.321
"2019-03-01 08:52:00",0,42.38,0.048,0,0,0,0,0,0,0,126.3,0.011,-2.392
"2019-03-01 08:53:00",0,41.62,0.048,0,0,0,0,0,0,0,126,0,-2.213
"2019-03-01 08:54:00",0,40.8,0.048,0,0,0,0,0,0,0,126,0,-2.417
"2019-03-01 08:55:00",0,40.42,0.049,0,0,0,0,0,0,0,126,0,-2.222
"2019-03-01 08:56:00",0,40.62,0.049,0,0,0,0,0,0,0,125.8,0.023,-2.377
"2019-03-01 08:57:00",0,40.74,0.049,0,0,0,0,0,0,0,124.8,0,-2.291
"2019-03-01 08:58:00",0,41.9,0.049,0,0,0,0,0,0,0,125,0.011,-2.403
"2019-03-01 08:59:00",0,42.73,0.05,0,0,0,0,0,0,0,125.2,0,-2.621
"2019-03-01 09:00:00",0,42.74,0.05,0,0,0,0,0,0,0,125.2,0.023,-2.683
"2019-03-01 09:01:00",0,43.12,0.05,0,0,0,0,0,0,0,126.4,0,-2.265
"2019-03-01 09:02:00",0,43.08,0.05,0,0,0,0,0,0,0,126.2,0.023,-2.285
"2019-03-01 09:03:00",0,43.26,0.05,0,0,0,0,0,0,0,126.4,0,-2.518
"2019-03-01 09:04:00",0,43.71,0.05,0,0,0,0,0,0,0,125.8,0,-2.296
"2019-03-01 09:05:00",0,43.84,0.05,0,0,0,0,0,0,0,125.2,0.011,-2.321
"2019-03-01 09:06:00",0,43.04,0.05,0,0,0,0,0,0,0,125.9,0.011,-2.351
"2019-03-01 09:07:00",0,43.95,0.05,0,0,0,0,0,0,0,126.1,0.023,-2.394
"2019-03-01 09:08:00",0,43.93,0.051,0,0,0,0,0,0,0,125.7,0.023,-2.412
"2019-03-01 09:09:00",0,44.19,0.05,0,0,0,0,0,0,0,125.3,0.011,-2.419
"2019-03-01 09:10:00",0,44.77,0.051,0,0,0,0,0,0,0,125.9,0,-2.168
"2019-03-01 09:11:00",0,44.65,0.051,0,0,0,0,0,0,0,126.4,0,-2.433
"2019-03-01 09:12:00",0,45.21,0.051,0,0,0,0,0,0,0,126.5,0.011,-2.101
"2019-03-01 09:13:00",0,45.16,0.051,0,0,0,0,0,0,0,126.7,0,-2.529
"2019-03-01 09:14:00",0,45.03,0.05,0,0,0,0,0,0,0,126.6,0,-2.449
"2019-03-01 09:15:00",0,45.03,0.05,0,0,0,0,0,0,0,126.8,0,-2.355
"2019-03-01 09:16:00",0,44.95,0.051,0,0,0,0,0,0,0,127.2,0,-2.322
"2019-03-01 09:17:00",0,44.15,0.051,0,0,0,0,0,0,0,127,0.011,-2.52
"2019-03-01 09:18:00",0,44.25,0.05,0,0,0,0,0,0,0,126.5,0,-2.126
"2019-03-01 09:19:00",0,43.57,0.051,0,0,0,0,0,0,0,126.8,0.023,-2.489
"2019-03-01 09:20:00",0,43.03,0.051,0,0,0,0,0,0,0,126.5,0,-2.483
"2019-03-01 09:21:00",0,42.58,0.051,0,0,0,0,0,0,0,126.5,0,-2.134
"2019-03-01 09:22:00",0,42.13,0.051,0,0,0,0,0,0,0,127.1,0,-2.273
"2019-03-01 09:23:00",0,42,0.051,0,0,0,0,0,0,0,127.1,0.011,-2.505
"2019-03-01 09:24:00",0,43.13,0.051,0,0,0,0,0,0,0,126.8,0.023,-2.258
"2019-03-01 09:25:00",0,44.6,0.051,0,0,0,0,0,0,0,126.9,0,-2.327
"2019-03-01 09:26:00",0,45.16,0.051,0,0,0,0,0,0,0,127.3,0,-2.327
"2019-03-01 09:27:00",0,46.55,0.052,0,0,0,0,0,0,0,127.4,0.011,-2.295
"2019-03-01 09:28:00",0,47.8,0.052,0,0,0,0,0,0,0,127.8,0.011,-2.295
"2019-03-01 09:29:00",0,48.42,0.052,0,0,0,0,0,0,0,127.8,0.023,-2.272
"2019-03-01 09:30:00",0,48.5,0.052,0,0,0,0,0,0,0,127.8,0.023,-2.305
"2019-03-01 09:31:00",0,48.72,0.052,0,0,0,0,0,0,0,127.7,0.045,-2.357
"2019-03-01 09:32:00",0,49.23,0.052,0,0,0,0,0,0,0,127.5,0.011,-2.378
"2019-03-01 09:33:00",0,50.22,0.053,0,0,0,0,0,0,0,127.6,0.023,-2.503
"2019-03-01 09:34:00",0,49.71,0.053,0,0,0,0,0,0,0,127.6,0.023,-2.334
"2019-03-01 09:35:00",0,49.9,0.053,0,0,0,0,0,0,0,127.6,0,-2.313
"2019-03-01 09:36:00",0,50.49,0.053,0,0,0,0,0,0,0,127.7,0.011,-2.295
"2019-03-01 09:37:00",0,49.57,0.053,0,0,0,0,0,0,0,127.3,0,-2.298
"2019-03-01 09:38:00",0,48.92,0.053,0,0,0,0,0,0,0,120,0,-2.319
"2019-03-01 09:39:00",0,48.48,0.053,0,0,0,0,0,0,0,41.07,0.023,-2.303
"2019-03-01 09:40:00",0,48.52,0.053,0,0,0,0,0,0,0,40.94,0.011,-2.397
"2019-03-01 09:41:00",0,49.06,0.053,0,0,0,0,0,0,0,41.06,0.034,-2.407
"2019-03-01 09:42:00",0,49.21,0.053,0,0,0,0,0,0,0,40.86,0.023,-2.435
"2019-03-01 09:43:00",0,49.72,0.052,0,0,0,0,0,0,0,40.81,0.011,-2.658
"2019-03-01 09:44:00",0,49.17,0.053,0,0,0,0,0,0,0,41.04,0,-2.568
"2019-03-01 09:45:00",0,49.44,0.053,0,0,0,0,0,0,0,41.07,0.011,-2.335
"2019-03-01 09:46:00",0,49.74,0.054,0,0,0,0,0,0,0,41.1,0.023,-2.328
"2019-03-01 09:47:00",0,49.96,0.053,0,0,0,0,0,0,0,40.96,0,-2.301
"2019-03-01 09:48:00",0,49.02,0.053,0,0,0,0,0,0,0,40.94,0,-2.055
"2019-03-01 09:49:00",0,49.36,0.052,0,0,0,0,0,0,0,41.17,0.011,-2.189
"2019-03-01 09:50:00",0,47.76,0.053,0,0,0,0,0,0,0,41.09,0.011,-2.385
"2019-03-01 09:51:00",0,46.97,0.053,0,0,0,0,0,0,0,41.16,0,-2.273
"2019-03-01 09:52:00",0,48.43,0.052,0,0,0,0,0,0,0,41.03,0,-2.707
"2019-03-01 09:53:00",0,49.33,0.053,0,0,0,0,0,0,0,127.8,0,-2.332
"2019-03-01 09:54:00",0,49.44,0.053,0,0,0,0,0,0,0,131.9,0,-2.314
"2019-03-01 09:55:00",0,49.28,0.052,0,0,0,0,0,0,0,131.2,0,-2.303
"2019-03-01 09:56:00",0,49.48,0.052,0,0,0,0,0,0,0,131,0.011,-2.384
"2019-03-01 09:57:00",0,49.22,0.052,0,0,0,0,0,0,0,130.6,0.023,-2.432
"2019-03-01 09:58:00",0,49.37,0.053,0,0,0,0,0,0,0,130.2,0.011,-2.29
"2019-03-01 09:59:00",0,48.14,0.052,0,0,0,0,0,0,0,129.7,0,-2.453
"2019-03-01 10:00:00",0,47.8,0.052,0,0,0,0,0,0,0,129.2,0.011,-2.321
"2019-03-01 10:01:00",0,48.07,0.053,0,0,0,0,0,0,0,129,0.011,-2.337
"2019-03-01 10:02:00",0,49.08,0.052,0,0,0,0,0,0,0,128.6,0,-2.242
"2019-03-01 10:03:00",0,49.96,0.053,0,0,0,0,0,0,0,128.5,0,-2.508
"2019-03-01 10:04:00",0,49.91,0.052,0,0,0,0,0,0,0,128.1,0.011,-2.078
"2019-03-01 10:05:00",0,49.77,0.053,0,0,0,0,0,0,0,127.8,0.011,-2.446
"2019-03-01 10:06:00",0,50.34,0.053,0,0,0,0,0,0,0,127.5,0.023,-2.48
"2019-03-01 10:07:00",0,50.78,0.053,0,0,0,0,0,0,0,126.6,0.023,-2.073
"2019-03-01 10:08:00",0,49.66,0.053,0,0,0,0,0,0,0,125.9,0,-2.541
"2019-03-01 10:09:00",0,49.76,0.053,0,0,0,0,0,0,0,125.7,0.011,-2.405
"2019-03-01 10:10:00",0,49.34,0.053,0,0,0,0,0,0,0,125,0.011,-2.491
"2019-03-01 10:11:00",0,47.91,0.053,0,0,0,0,0,0,0,124.6,0,-2.358
"2019-03-01 10:12:00",0,46.85,0.053,0,0,0,0,0,0,0,124.1,0.023,-2.354
"2019-03-01 10:13:00",0,45.68,0.052,0,0,0,0,0,0,0,123.6,0.011,-2.346
"2019-03-01 10:14:00",0,43.81,0.053,0,0,0,0,0,0,0,123,0,-2.468
"2019-03-01 10:15:00",0,43.03,0.053,0,0,0,0,0,0,0,122.1,0,-2.241
"2019-03-01 10:16:00",0,45.17,0.053,0,0,0,0,0,0,0,121.4,0,-2.34
"2019-03-01 10:17:00",0,46.93,0.053,0,0,0,0,0,0,0,121,0,-2.299
"2019-03-01 10:18:00",0,46.48,0.053,0,0,0,0,0,0,0,120.7,0,-2.336
"2019-03-01 10:19:00",0,45.69,0.053,0,0,0,0,0,0,0,120.3,0.011,-2.286
"2019-03-01 10:20:00",0,47.1,0.054,0,0,0,0,0,0,0,119.7,0,-2.266
"2019-03-01 10:21:00",0,48.4,0.054,0,0,0,0,0,0,0,58.24,0,-2.337
"2019-03-01 10:22:00",0,47.47,0.054,0,0,0,0,0,0,0,41.51,0,-2.185
"2019-03-01 10:23:00",0,45.77,0.054,0,0,0,0,0,0,0,41.35,0,-2.367
"2019-03-01 10:24:00",0,47.77,0.054,0,0,0,0,0,0,0,41.38,0,-2.313
"2019-03-01 10:25:00",0,49.44,0.054,0,0,0,0,0,0,0,41.19,0,-2.263
"2019-03-01 10:26:00",0,50.83,0.054,0,0,0,0,0,0,0,41.13,0.011,-2.296
"2019-03-01 10:27:00",0,51.26,0.055,0,0,0,0,0,0,0,41.02,0,-2.301
"2019-03-01 10:28:00",0,50.63,0.055,0,0,0,0,0,0,0,41.05,0,-2.302
"2019-03-01 10:29:00",0,50.84,0.055,0,0,0,0,0,0,0,41.06,0,-2.311
"2019-03-01 10:30:00",0,51.92,0.055,0,0,0,0,0,0,0,41.1,0,-2.14
"2019-03-01 10:31:00",0,51.21,0.055,0,0,0,0,0,0,0,41.16,0,-2.047
"2019-03-01 10:32:00",0,51.37,0.054,0,0,0,0,0,0,0,41.19,0,-2.541
"2019-03-01 10:33:00",0,51.2,0.055,0,0,0,0,0,0,0,41.08,0,-2.225
"2019-03-01 10:34:00",0,49.06,0.055,0,0,0,0,0,0,0,41.04,0,-2.257
"2019-03-01 10:35:00",0,49.66,0.055,0,0,0,0,0,0,0,40.8,0,-2.229
"2019-03-01 10:36:00",0,50.63,0.054,0,0,0,0,0,0,0,41.01,0,-2.085
"2019-03-01 10:37:00",0,50.34,0.055,0,0,0,0,0,0,0,40.69,0,-2.24
"2019-03-01 10:38:00",0,50.16,0.054,0,0,0,0,0,0,0,40.83,0,-2.166
"2019-03-01 10:39:00",0,50.78,0.053,0,0,0,0,0,0,0,41.02,0,-2.077
"2019-03-01 10:40:00",0,53.23,0.054,0,0,0,0,0,0,0,41.1,0.011,-2.47
"2019-03-01 10:41:00",0,53.44,0.054,0,0,0,0,0,0,0,40.96,0.023,-2.241
"2019-03-01 10:42:00",0,53.29,0.055,0,0,0,0,0,0,0,41.14,0,-2.332
"2019-03-01 10:43:00",0,53.34,0.055,0,0,0,0,0,0,0,40.94,0,-2.202
"2019-03-01 10:44:00",0,54.02,0.055,0,0,0,0,0,0,0,41.05,0,-2.228
"2019-03-01 10:45:00",0,54.56,0.054,0,0,0,0,0,0,0,41.03,0,-1.904
"2019-03-01 10:46:00",0,53.97,0.054,0,0,0,0,0,0,0,41.12,0.011,-2.273
"2019-03-01 10:47:00",0,52.96,0.055,0,0,0,0,0,0,0,40.85,0.011,-2.542
"2019-03-01 10:48:00",0,52.19,0.054,0,0,0,0,0,0,0,41.03,0,-2.318
"2019-03-01 10:49:00",0,53.33,0.055,0,0,0,0,0,0,0,41.12,0,-2.189
"2019-03-01 10:50:00",0,54.2,0.055,0,0,0,0,0,0,0,40.98,0,-2.299
"2019-03-01 10:51:00",0,54.69,0.054,0,0,0,0,0,0,0,41.08,0,-2.309
"2019-03-01 10:52:00",0,54.73,0.055,0,0,0,0,0,0,0,40.94,0,-2.337
"2019-03-01 10:53:00",0,52.34,0.054,0,0,0,0,0,0,0,41.17,0,-2.374
"2019-03-01 10:54:00",0,52.01,0.054,0,0,0,0,0,0,0,41.07,0,-2.283
"2019-03-01 10:55:00",0,52.16,0.054,0,0,0,0,0,0,0,40.81,0,-2.179
"2019-03-01 10:56:00",0,51.07,0.054,0,0,0,0,0,0,0,41.1,0,-2.098
"2019-03-01 10:57:00",0,50.49,0.054,0,0,0,0,0,0,0,41.06,0,-2.238
"2019-03-01 10:58:00",0,51.49,0.055,0,0,0,0,0,0,0,41.2,0.023,-2.245
"2019-03-01 10:59:00",0,51.86,0.055,0,0,0,0,0,0,0,41.13,0.011,-2.309
"2019-03-01 11:00:00",0,52.35,0.054,0,0,0,0,0,0,0,41.1,0,-2.432
"2019-03-01 11:01:00",0,51.19,0.054,0,0,0,0,0,0,0,41.07,0.034,-2.437
"2019-03-01 11:02:00",0,49.89,0.055,0,0,0,0,0,0,0,41.09,0,-2.71
"2019-03-01 11:03:00",0,50.7,0.055,0,0,0,0,0,0,0,41.12,0.023,-2.278
"2019-03-01 11:04:00",0,50.21,0.055,0,0,0,0,0,0,0,41.23,0,-2.185
"2019-03-01 11:05:00",0,50.2,0.054,0,0,0,0,0,0,0,41.17,0.011,-2.191
"2019-03-01 11:06:00",0,49.62,0.054,0,0,0,0,0,0,0,41.14,0.023,-2.262
"2019-03-01 11:07:00",0,49.33,0.054,0,0,0,0,0,0,0,41.17,0,-2.207
"2019-03-01 11:08:00",0,49.34,0.055,0,0,0,0,0,0,0,41.15,0,-2.263
"2019-03-01 11:09:00",0,49.77,0.055,0,0,0,0,0,0,0,41.08,0,-2.019
"2019-03-01 11:10:00",0,48.75,0.055,0,0,0,0,0,0,0,40.95,0,-2.169
"2019-03-01 11:11:00",0,49.03,0.055,0,0,0,0,0,0,0,41.1,0.011,-2.273
"2019-03-01 11:12:00",0,50.14,0.055,0,0,0,0,0,0,0,41.14,0,-2.269
"2019-03-01 11:13:00",0,51.48,0.055,0,0,0,0,0,0,0,41.04,0.011,-2.15
"2019-03-01 11:14:00",0,51.08,0.055,0,0,0,0,0,0,0,41.08,0,-2.085
"2019-03-01 11:15:00",0,51.57,0.055,0,0,0,0,0,0,0,41.12,0.023,-2.239
"2019-03-01 11:16:00",0,52.79,0.055,0,0,0,0,0,0,0,41.16,0,-2.295
"2019-03-01 11:17:00",0,53.32,0.055,0,0,0,0,0,0,0,40.99,0,-1.884
"2019-03-01 11:18:00",0,53.63,0.055,0,0,0,0,0,0,0,41.2,0,-2.119
"2019-03-01 11:19:00",0,54.46,0.055,0,0,0,0,0,0,0,41.02,0,-2.288
"2019-03-01 11:20:00",0,53.91,0.055,0,0,0,0,0,0,0,40.98,0,-2.191
"2019-03-01 11:21:00",0,51.97,0.055,0,0,0,0,0,0,0,40.95,0,-2.302
"2019-03-01 11:22:00",0,52.33,0.055,0,0,0,0,0,0,0,40.88,0,-2.289
"2019-03-01 11:23:00",0,53.72,0.055,0,0,0,0,0,0,0,40.94,0,-2.271
"2019-03-01 11:24:00",0,53.94,0.056,0,0,0,0,0,0,0,40.96,0.023,-2.311
"2019-03-01 11:25:00",0,55.44,0.055,0,0,0,0,0,0,0,40.94,0,-2.192
"2019-03-01 11:26:00",0,54.58,0.055,0,0,0,0,0,0,0,40.99,0,-1.951
"2019-03-01 11:27:00",0,55.68,0.056,0,0,0,0,0,0,0,40.91,0.011,-2.451
"2019-03-01 11:28:00",0,55.26,0.055,0,0,0,0,0,0,0,41.01,0,-2.252
"2019-03-01 11:29:00",0,54.9,0.056,0,0,0,0,0,0,0,41.05,0.011,-2.272
"2019-03-01 11:30:00",0,53.48,0.056,0,0,0,0,0,0,0,40.87,0,-2.371
"2019-03-01 11:31:00",0,51.18,0.055,0,0,0,0,0,0,0,40.91,0,-2.317
"2019-03-01 11:32:00",0,52.16,0.056,0,0,0,0,0,0,0,41.03,0,-2.28
"2019-03-01 11:33:00",0,52,0.056,0,0,0,0,0,0,0,41.17,0,-2.193
"2019-03-01 11:34:00",0,52.15,0.056,0,0,0,0,0,0,0,41.04,0,-2.438
"2019-03-01 11:35:00",0,53.13,0.056,0,0,0,0,0,0,0,41.08,0,-2.066
"2019-03-01 11:36:00",0,53.39,0.056,0,0,0,0,0,0,0,41.14,0.057,-2.389
"2019-03-01 11:37:00",0,54.61,0.056,0,0,0,0,0,0,0,41.27,0,-2.371
"2019-03-01 11:38:00",0,54.01,0.056,0,0,0,0,0,0,0,41.04,0.011,-2.286
"2019-03-01 11:39:00",0,54.2,0.056,0,0,0,0,0,0,0,41.39,0.011,-2.317
"2019-03-01 11:40:00",0,55.55,0.056,0,0,0,0,0,0,0,111.5,0.011,-2.252
"2019-03-01 11:41:00",0,54.26,0.055,0,0,0,0,0,0,0,132,0,-1.93
"2019-03-01 11:42:00",0,53.97,0.056,0,0,0,0,0,0,0,131.4,0,-2.381
"2019-03-01 11:43:00",0,53.94,0.056,0,0,0,0,0,0,0,130.8,0,-2.578
"2019-03-01 11:44:00",0,51.43,0.056,0,0,0,0,0,0,0,130.4,0.011,-2.257
"2019-03-01 11:45:00",0,52.29,0.056,0,0,0,0,0,0,0,130.7,0.023,-2.557
"2019-03-01 11:46:00",0,53.15,0.056,0,0,0,0,0,0,0,130,0.011,-2.176
"2019-03-01 11:47:00",0,52.84,0.056,0,0,0,0,0,0,0,130.3,0,-2.097
"2019-03-01 11:48:00",0,50.75,0.056,0,0,0,0,0,0,0,130,0,-2.128
"2019-03-01 11:49:00",0,50.4,0.057,0,0,0,0,0,0,0,130.1,0.011,-2.088
"2019-03-01 11:50:00",0,50.58,0.056,0,0,0,0,0,0,0,129.9,0,-2.132
"2019-03-01 11:51:00",0,51.99,0.056,0,0,0,0,0,0,0,129.5,0,-2.127
"2019-03-01 11:52:00",0,52.52,0.057,0,0,0,0,0,0,0,128.8,0,-2.107
"2019-03-01 11:53:00",0,52.6,0.056,0,0,0,0,0,0,0,127.9,0,-2.286
"2019-03-01 11:54:00",0,53.45,0.057,0,0,0,0,0,0,0,127.8,0.011,-2.32
"2019-03-01 11:55:00",0,53.17,0.056,0,0,0,0,0,0,0,126.8,0,-2.156
"2019-03-01 11:56:00",0,52.78,0.056,0,0,0,0,0,0,0,126.4,0,-2.211
"2019-03-01 11:57:00",0,52.43,0.056,0,0,0,0,0,0,0,126.1,0,-2.14
"2019-03-01 11:58:00",0,51.63,0.057,0,0,0,0,0,0,0,125.5,0,-2.085
"2019-03-01 11:59:00",0,52.46,0.056,0,0,0,0,0,0,0,125,0,-2.296
"2019-03-01 12:00:00",0,53.27,0.056,0,0,0,0,0,0,0,124.6,0,-2.072
"2019-03-01 12:01:00",0,53.39,0.056,0,0,0,0,0,0,0,123.7,0,-1.876
"2019-03-01 12:02:00",0,51.5,0.056,0,0,0,0,0,0,0,123.1,0,-2.107
"2019-03-01 12:03:00",0,52.65,0.057,0,0,0,0,0,0,0,122.9,0.011,-2.056
"2019-03-01 12:04:00",0,52.7,0.056,0,0,0,0,0,0,0,122.7,0.011,-1.867
"2019-03-01 12:05:00",0,52.6,0.056,0,0,0,0,0,0,0,122.1,0,-2.108
"2019-03-01 12:06:00",0,53.49,0.057,0,0,0,0,0,0,0,121.7,0,-1.691
"2019-03-01 12:07:00",0,54.51,0.057,0,0,0,0,0,0,0,90.6,0.023,-2.164
"2019-03-01 12:08:00",0,53.61,0.057,0,0,0,0,0,0,0,41.38,0.011,-2.315
"2019-03-01 12:09:00",0,53.65,0.057,0,0,0,0,0,0,0,41.06,0,-2.062
"2019-03-01 12:10:00",0,53.96,0.056,0,0,0,0,0,0,0,41.18,0.011,-2.257
"2019-03-01 12:11:00",0,54.23,0.057,0,0,0,0,0,0,0,41.39,0.011,-1.926
"2019-03-01 12:12:00",0,54.42,0.057,0,0,0,0,0,0,0,41.1,0.011,-2.307
"2019-03-01 12:13:00",0,53.63,0.056,0,0,0,0,0,0,0,41.16,0.011,-2.29
"2019-03-01 12:14:00",0,53.13,0.056,0,0,0,0,0,0,0,41.27,0,-2.211
"2019-03-01 12:15:00",0,52.78,0.056,0,0,0,0,0,0,0,41.2,0,-1.899
"2019-03-01 12:16:00",0,53.7,0.056,0,0,0,0,0,0,0,41.21,0.023,-2.265
"2019-03-01 12:17:00",0,54.86,0.056,0,0,0,0,0,0,0,41.05,0,-2.414
"2019-03-01 12:18:00",0,54.43,0.056,0,0,0,0,0,0,0,41.21,0,-2.156
"2019-03-01 12:19:00",0,55.05,0.056,0,0,0,0,0,0,0,41.19,0.011,-2.156
"2019-03-01 12:20:00",0,55.95,0.056,0,0,0,0,0,0,0,41.02,0.011,-2.15
"2019-03-01 12:21:00",0,56.66,0.056,0,0,0,0,0,0,0,41.1,0,-2.363
"2019-03-01 12:22:00",0,57.23,0.056,0,0,0,0,0,0,0,40.98,0.023,-2.091
"2019-03-01 12:23:00",0,56.44,0.056,0,0,0,0,0,0,0,40.98,0,-2.177
"2019-03-01 12:24:00",0,53.76,0.056,0,0,0,0,0,0,0,41.01,0.011,-2.172
"2019-03-01 12:25:00",0,55.43,0.056,0,0,0,0,0,0,0,40.92,0.011,-2.061
"2019-03-01 12:26:00",0,55.96,0.055,0,0,0,0,0,0,0,41.01,0,-1.851
"2019-03-01 12:27:00",0,56.44,0.056,0,0,0,0,0,0,0,40.91,0,-2.327
"2019-03-01 12:28:00",0,57.36,0.056,0,0,0,0,0,0,0,40.91,0.011,-2.165
"2019-03-01 12:29:00",0,55.07,0.056,0,0,0,0,0,0,0,40.93,0.011,-2.257
"2019-03-01 12:30:00",0,54.19,0.056,0,0,0,0,0,0,0,40.93,0.011,-2.237
"2019-03-01 12:31:00",0,53.9,0.056,0,0,0,0,0,0,0,41.05,0,-1.804
"2019-03-01 12:32:00",0,55.26,0.055,0,0,0,0,0,0,0,41.03,0.011,-2.233
"2019-03-01 12:33:00",0,55.28,0.055,0,0,0,0,0,0,0,40.96,0.011,-2.44
"2019-03-01 12:34:00",0,53.66,0.055,0,0,0,0,0,0,0,40.84,0,-1.813
"2019-03-01 12:35:00",0,53.21,0.055,0,0,0,0,0,0,0,40.84,0.011,-1.911
"2019-03-01 12:36:00",0,54.65,0.055,0,0,0,0,0,0,0,40.91,0,-1.989
"2019-03-01 12:37:00",0,54.9,0.055,0,0,0,0,0,0,0,40.96,0,-2.17
"2019-03-01 12:38:00",0,56.29,0.054,0,0,0,0,0,0,0,40.76,0,-2.626
"2019-03-01 12:39:00",0,57.19,0.053,0,0,0,0,0,0,0,40.86,0,-2.174
"2019-03-01 12:40:00",0,56.54,0.055,0,0,0,0,0,0,0,41.13,0,-2.187
"2019-03-01 12:41:00",0,56.89,0.054,0,0,0,0,0,0,0,41.28,0,-2.208
"2019-03-01 12:42:00",0,55.92,0.053,0,0,0,0,0,0,0,40.82,0,-1.949
"2019-03-01 12:43:00",0,54.83,0.054,0,0,0,0,0,0,0,41.05,0,-2.007
"2019-03-01 12:44:00",0,54.03,0.054,0,0,0,0,0,0,0,40.91,0,-2.33
"2019-03-01 12:45:00",0,54.66,0.054,0,0,0,0,0,0,0,40.94,0.011,-2.189
"2019-03-01 12:46:00",0,54.78,0.054,0,0,0,0,0,0,0,40.88,0.011,-2.228
"2019-03-01 12:47:00",0,55.47,0.053,0,0,0,0,0,0,0,40.94,0,-2.326
"2019-03-01 12:48:00",0,52.91,0.053,0,0,0,0,0,0,0,40.89,0,-2.179
"2019-03-01 12:49:00",0,52.75,0.053,0,0,0,0,0,0,0,40.91,0,-2.306
"2019-03-01 12:50:00",0,53.4,0.054,0,0,0,0,0,0,0,40.96,0,-2.047
"2019-03-01 12:51:00",0,53.93,0.054,0,0,0,0,0,0,0,40.78,0,-2.819
"2019-03-01 12:52:00",0,53.63,0.054,0,0,0,0,0,0,0,41.05,0.011,-2.191
"2019-03-01 12:53:00",0,52.1,0.053,0,0,0,0,0,0,0,41.12,0,-2.307
"2019-03-01 12:54:00",0,53.2,0.053,0,0,0,0,0,0,0,41.06,0.034,-2.281
"2019-03-01 12:55:00",0,51.66,0.054,0,0,0,0,0,0,0,40.98,0.023,-2.326
"2019-03-01 12:56:00",0,51.83,0.054,0,0,0,0,0,0,0,41.16,0,-2.131
"2019-03-01 12:57:00",0,53.52,0.054,0,0,0,0,0,0,0,40.97,0.011,-2.114
"2019-03-01 12:58:00",0,55.47,0.054,0,0,0,0,0,0,0,41.04,0,-2.336
"2019-03-01 12:59:00",0,54.66,0.053,0,0,0,0,0,0,0,41.05,0.034,-2.2
"2019-03-01 13:00:00",0,54.38,0.054,0,0,0,0,0,0,0,41.03,0,-2.143
"2019-03-01 13:01:00",0,53.69,0.053,0,0,0,0,0,0,0,40.98,0.034,-2.252
"2019-03-01 13:02:00",0,53.07,0.053,0,0,0,0,0,0,0,40.8,0,-2.371
"2019-03-01 13:03:00",0,53.17,0.053,0,0,0,0,0,0,0,127,0.034,-2.369
"2019-03-01 13:04:00",0,52.28,0.054,0,0,0,0,0,0,0,126.2,0.011,-2.127
"2019-03-01 13:05:00",0,52.75,0.053,0,0,0,0,0,0,0,128.7,0,-2.312
"2019-03-01 13:06:00",0,52.76,0.053,0,0,0,0,0,0,0,129,0,-2.062
"2019-03-01 13:07:00",0,53.21,0.053,0,0,0,0,0,0,0,128.6,0,-2.166
"2019-03-01 13:08:00",0,55.39,0.053,0,0,0,0,0,0,0,128.4,0.011,-2.448
"2019-03-01 13:09:00",0,56.14,0.054,0,0,0,0,0,0,0,128.6,0.034,-2.32
"2019-03-01 13:10:00",0,55.58,0.054,0,0,0,0,0,0,0,128.1,0.023,-2.095
"2019-03-01 13:11:00",0,55.34,0.054,0,0,0,0,0,0,0,127.8,0,-2.199
"2019-03-01 13:12:00",0,55.82,0.054,0,0,0,0,0,0,0,127.8,0.023,-2.169
"2019-03-01 13:13:00",0,57.14,0.054,0,0,0,0,0,0,0,127.9,0.034,-2.136
"2019-03-01 13:14:00",0,55.37,0.053,0,0,0,0,0,0,0,128,0.034,-2.482
"2019-03-01 13:15:00",0,55.12,0.053,0,0,0,0,0,0,0,127.6,0.034,-2.617
"2019-03-01 13:16:00",0,55.56,0.053,0,0,0,0,0,0,0,127.7,0.034,-2.154
"2019-03-01 13:17:00",0,56.06,0.054,0,0,0,0,0,0,0,127.5,0,-2.137
"2019-03-01 13:18:00",0,54.5,0.053,0,0,0,0,0,0,0,127.3,0.068,-2.366
"2019-03-01 13:19:00",0,55.74,0.053,0,0,0,0,0,0,0,127.2,0.011,-2.147
"2019-03-01 13:20:00",0,56.05,0.054,0,0,0,0,0,0,0,127.5,0.034,-2.278
"2019-03-01 13:21:00",0,56.42,0.054,0,0,0,0,0,0,0,127.2,0.011,-2.058
"2019-03-01 13:22:00",0,57.38,0.053,0,0,0,0,0,0,0,127.1,0,-2.413
"2019-03-01 13:23:00",0,56.27,0.053,0,0,0,0,0,0,0,161,0.011,-2.263
"2019-03-01 13:24:00",0,55.14,0.053,0,0,0,0,0,0,0,215.6,0.023,-2.252
"2019-03-01 13:25:00",0,54.87,0.053,0,0,0,0,0,0,0,214.6,0.023,-2.297
"2019-03-01 13:26:00",0,56.61,0.053,0,0,0,0,0,0,0,213.5,0.023,-2.416
"2019-03-01 13:27:00",0,57.91,0.053,0,0,0,0,0,0,0,212.9,0,-2.214
"2019-03-01 13:28:00",0,56.56,0.053,0,0,0,0,0,0,0,213,0.023,-2.25
"2019-03-01 13:29:00",0,57.35,0.053,0,0,0,0,0,0,0,213.4,0.011,-2.73
"2019-03-01 13:30:00",0,59.24,0.053,0,0,0,0,0,0,0,213.1,0.023,-2.269
"2019-03-01 13:31:00",0,57.63,0.053,0,0,0,0,0,0,0,212.9,0.011,-2.146
"2019-03-01 13:32:00",0,58.31,0.053,0,0,0,0,0,0,0,213.5,0,-2.297
"2019-03-01 13:33:00",0,57.83,0.053,0,0,0,0,0,0,0,212.9,0.023,-2.217
"2019-03-01 13:34:00",0,57.11,0.053,0,0,0,0,0,0,0,212.6,0,-2.285
"2019-03-01 13:35:00",0,56.71,0.052,0,0,0,0,0,0,0,212.2,0,-2.761
"2019-03-01 13:36:00",0,55.05,0.053,0,0,0,0,0,0,0,212.1,0.034,-2.205
"2019-03-01 13:37:00",0,53.79,0.053,0,0,0,0,0,0,0,211.8,0,-2.224
"2019-03-01 13:38:00",0,55.65,0.053,0,0,0,0,0,0,0,211.3,0.011,-2.253
"2019-03-01 13:39:00",0,57.85,0.053,0,0,0,0,0,0,0,210.9,0.011,-2.301
"2019-03-01 13:40:00",0,56.97,0.053,0,0,0,0,0,0,0,210.1,0.023,-2.346
"2019-03-01 13:41:00",0,57.35,0.053,0,0,0,0,0,0,0,209.8,0.023,-2.216
"2019-03-01 13:42:00",0,57.97,0.053,0,0,0,0,0,0,0,209.4,0.011,-2.245
"2019-03-01 13:43:00",0,58.51,0.053,0,0,0,0,0,0,0,208.7,0,-1.992
"2019-03-01 13:44:00",0,57.51,0.053,0,0,0,0,0,0,0,207.7,0,-2.218
"2019-03-01 13:45:00",0,57.14,0.053,0,0,0,0,0,0,0,207.1,0,-2.023
"2019-03-01 13:46:00",0,56.04,0.053,0,0,0,0,0,0,0,207,0.023,-2.74
"2019-03-01 13:47:00",0,56.78,0.053,0,0,0,0,0,0,0,206.5,0,-2.101
"2019-03-01 13:48:00",0,56.57,0.053,0,0,0,0,0,0,0,205.8,0,-2.045
"2019-03-01 13:49:00",0,55.72,0.053,0,0,0,0,0,0,0,205.1,0.034,-2.319
"2019-03-01 13:50:00",0,55.29,0.053,0,0,0,0,0,0,0,205.2,0.023,-2.17
"2019-03-01 13:51:00",0,54.1,0.053,0,0,0,0,0,0,0,185.3,0.034,-2.363
"2019-03-01 13:52:00",0,54.62,0.053,0,0,0,0,0,0,0,127.7,0.011,-2.515
"2019-03-01 13:53:00",0,56.08,0.053,0,0,0,0,0,0,0,127.7,0,-2.483
"2019-03-01 13:54:00",0,56.55,0.053,0,0,0,0,0,0,0,127.9,0,-2.317
"2019-03-01 13:55:00",0,54.79,0.053,0,0,0,0,0,0,0,127.5,0.011,-2.187
"2019-03-01 13:56:00",0,54.35,0.052,0,0,0,0,0,0,0,128,0.023,-2.387
"2019-03-01 13:57:00",0,53.76,0.053,0,0,0,0,0,0,0,120.7,0.034,-2.326
"2019-03-01 13:58:00",0,55.41,0.053,0,0,0,0,0,0,0,41.16,0.023,-2.203
"2019-03-01 13:59:00",0,56.5,0.053,0,0,0,0,0,0,0,40.98,0.023,-2.207
"2019-03-01 14:00:00",0,56.85,0.053,0,0,0,0,0,0,0,40.96,0.011,-2.161
"2019-03-01 14:01:00",0,56.11,0.053,0,0,0,0,0,0,0,41.16,0,-2.28
"2019-03-01 14:02:00",0,55.31,0.052,0,0,0,0,0,0,0,41.11,0.023,-2.2
"2019-03-01 14:03:00",0,56.17,0.053,0,0,0,0,0,0,0,40.9,0,-2.138
"2019-03-01 14:04:00",0,55.91,0.052,0,0,0,0,0,0,0,41.07,0,-2.329
"2019-03-01 14:05:00",0,54.89,0.052,0,0,0,0,0,0,0,40.98,0,-2.226
"2019-03-01 14:06:00",0,55.74,0.053,0,0,0,0,0,0,0,41.04,0,-2.239
"2019-03-01 14:07:00",0,56.74,0.052,0,0,0,0,0,0,0,41,0.023,-2.215
"2019-03-01 14:08:00",0,57.1,0.052,0,0,0,0,0,0,0,41.01,0,-1.989
"2019-03-01 14:09:00",0,56.94,0.052,0,0,0,0,0,0,0,41.19,0.011,-2.399
"2019-03-01 14:10:00",0,56.35,0.052,0,0,0,0,0,0,0,41.13,0,-2.241
"2019-03-01 14:11:00",0,57.23,0.052,0,0,0,0,0,0,0,41.07,0,-2.22
"2019-03-01 14:12:00",0,56.04,0.052,0,0,0,0,0,0,0,41.13,0.011,-2.561
"2019-03-01 14:13:00",0,56.53,0.052,0,0,0,0,0,0,0,41.11,0,-2.21
"2019-03-01 14:14:00",0,57.2,0.052,0,0,0,0,0,0,0,41,0.045,-2.286
"2019-03-01 14:15:00",0,55.18,0.051,0,0,0,0,0,0,0,41.04,0.023,-2.149
"2019-03-01 14:16:00",0,53.36,0.051,0,0,0,0,0,0,0,41.05,0.034,-2.198
"2019-03-01 14:17:00",0,52.54,0.051,0,0,0,0,0,0,0,41.05,0.034,-2.129
"2019-03-01 14:18:00",0,52.02,0.051,0,0,0,0,0,0,0,40.99,0.034,-2.116
"2019-03-01 14:19:00",0,52.47,0.051,0,0,0,0,0,0,0,41.16,0,-2.333
"2019-03-01 14:20:00",0,50.78,0.051,0,0,0,0,0,0,0,41.15,0,-2.192
"2019-03-01 14:21:00",0,52.72,0.05,0,0,0,0,0,0,0,40.98,0,-2.169
"2019-03-01 14:22:00",0,52.28,0.05,0,0,0,0,0,0,0,40.95,0,-2.294
"2019-03-01 14:23:00",0,53.11,0.05,0,0,0,0,0,0,0,40.93,0,-2.237
"2019-03-01 14:24:00",0,53.72,0.049,0,0,0,0,0,0,0,40.96,0,-2.463
"2019-03-01 14:25:00",0,53.95,0.05,0,0,0,0,0,0,0,41.05,0,-2.066
"2019-03-01 14:26:00",0,50.6,0.05,0,0,0,0,0,0,0,40.78,0,-2.403
"2019-03-01 14:27:00",0,51.05,0.05,0,0,0,0,0,0,0,40.67,0.023,-2.319
"2019-03-01 14:28:00",0,52.77,0.05,0,0,0,0,0,0,0,40.92,0,-1.931
"2019-03-01 14:29:00",0,52.49,0.05,0,0,0,0,0,0,0,41,0.023,-2.431
"2019-03-01 14:30:00",0,53.04,0.049,0,0,0,0,0,0,0,41.1,0,-2.609
"2019-03-01 14:31:00",0,53.99,0.05,0,0,0,0,0,0,0,40.95,0,-2.209
"2019-03-01 14:32:00",0,53.64,0.05,0,0,0,0,0,0,0,41.08,0,-2.264
"2019-03-01 14:33:00",0,52.72,0.05,0,0,0,0,0,0,0,40.99,0,-2.338
"2019-03-01 14:34:00",0,52.32,0.05,0,0,0,0,0,0,0,41.1,0.011,-2.26
"2019-03-01 14:35:00",0,53.31,0.051,0,0,0,0,0,0,0,41.11,0.011,-2.153
"2019-03-01 14:36:00",0,53.31,0.051,0,0,0,0,0,0,0,40.67,0,-2.306
"2019-03-01 14:37:00",0,54.66,0.051,0,0,0,0,0,0,0,40.89,0,-2.422
"2019-03-01 14:38:00",0,54.75,0.051,0,0,0,0,0,0,0,41,0,-2.156
"2019-03-01 14:39:00",0,52.63,0.051,0,0,0,0,0,0,0,40.82,0,-2.586
"2019-03-01 14:40:00",0,51.68,0.051,0,0,0,0,0,0,0,40.71,0,-2.287
"2019-03-01 14:41:00",0,53.41,0.051,0,0,0,0,0,0,0,40.93,0.011,-2.078
"2019-03-01 14:42:00",0,52.99,0.051,0,0,0,0,0,0,0,40.92,0,-1.944
"2019-03-01 14:43:00",0,52.05,0.051,0,0,0,0,0,0,0,41.08,0,-2.179
"2019-03-01 14:44:00",0,51.18,0.052,0,0,0,0,0,0,0,40.78,0,-2.23
"2019-03-01 14:45:00",0,50.91,0.051,0,0,0,0,0,0,0,40.92,0,-2.139
"2019-03-01 14:46:00",0,52.51,0.051,0,0,0,0,0,0,0,40.84,0,-2.12
"2019-03-01 14:47:00",0,52.85,0.05,0,0,0,0,0,0,0,40.9,0,-2.032
"2019-03-01 14:48:00",0,52.53,0.051,0,0,0,0,0,0,0,40.8,0.011,-2.448
"2019-03-01 14:49:00",0,52.16,0.05,0,0,0,0,0,0,0,40.92,0.011,-2.08
"2019-03-01 14:50:00",0,52.87,0.051,0,0,0,0,0,0,0,40.86,0,-2.23
"2019-03-01 14:51:00",0,52.33,0.05,0,0,0,0,0,0,0,40.83,0.011,-2.406
"2019-03-01 14:52:00",0,52.26,0.049,0,0,0,0,0,0,0,40.66,0,-2.72
"2019-03-01 14:53:00",0,51.67,0.05,0,0,0,0,0,0,0,41.05,0,-2.104
"2019-03-01 14:54:00",0,49.54,0.05,0,0,0,0,0,0,0,40.96,0,-2.375
"2019-03-01 14:55:00",0,50.78,0.05,0,0,0,0,0,0,0,41.05,0,-2.183
"2019-03-01 14:56:00",0,51.01,0.05,0,0,0,0,0,0,0,40.94,0,-2.196
"2019-03-01 14:57:00",0,50.7,0.049,0,0,0,0,0,0,0,41.09,0,-2.256
"2019-03-01 14:58:00",0,50.67,0.049,0,0,0,0,0,0,0,40.93,0,-2.148
"2019-03-01 14:59:00",0,52.01,0.049,0,0,0,0,0,0,0,40.83,0.011,-2.266
"2019-03-01 15:00:00",0,52.29,0.049,0,0,0,0,0,0,0,41.04,0,-2.234
"2019-03-01 15:01:00",0,52.09,0.048,0,0,0,0,0,0,0,40.95,0.011,-2.336
"2019-03-01 15:02:00",0,52.48,0.048,0,0,0,0,0,0,0,40.94,0,-1.8
"2019-03-01 15:03:00",0,52.73,0.048,0,0,0,0,0,0,0,40.95,0,-1.947
"2019-03-01 15:04:00",0,53.19,0.048,0,0,0,0,0,0,0,41.33,0.034,-2.735
"2019-03-01 15:05:00",0,52.94,0.048,0,0,0,0,0,0,0,41.33,0.011,-2.252
"2019-03-01 15:06:00",0,51.71,0.049,0,0,0,0,0,0,0,41.32,0,-2.046
"2019-03-01 15:07:00",0,49.43,0.049,0,0,0,0,0,0,0,48.25,0,-2.317
"2019-03-01 15:08:00",0,50.07,0.048,0,0,0,0,0,0,0,134,0,-2.33
"2019-03-01 15:09:00",0,50.61,0.048,0,0,0,0,0,0,0,132.6,0.011,-2.214
"2019-03-01 15:10:00",0,50.11,0.047,0,0,0,0,0,0,0,131.4,0,-2.09
"2019-03-01 15:11:00",0,50.25,0.046,0,0,0,0,0,0,0,130.9,0.011,-2.296
"2019-03-01 15:12:00",0,49.91,0.047,0,0,0,0,0,0,0,130.9,0,-2.241
"2019-03-01 15:13:00",0,51.7,0.046,0,0,0,0,0,0,0,130.7,0.011,-2.215
"2019-03-01 15:14:00",0,51.63,0.046,0,0,0,0,0,0,0,130.5,0.011,-2.083
"2019-03-01 15:15:00",0,51.78,0.047,0,0,0,0,0,0,0,130.6,0,-2.117
"2019-03-01 15:16:00",0,50.31,0.046,0,0,0,0,0,0,0,130.3,0,-2.272
"2019-03-01 15:17:00",0,50.29,0.046,0,0,0,0,0,0,0,129.8,0,-2.139
"2019-03-01 15:18:00",0,51.38,0.046,0,0,0,0,0,0,0,129.4,0.011,-2.471
"2019-03-01 15:19:00",0,50.48,0.046,0,0,0,0,0,0,0,128.8,0,-1.934
"2019-03-01 15:20:00",0,51.64,0.046,0,0,0,0,0,0,0,128.6,0,-2.276
"2019-03-01 15:21:00",0,52.05,0.046,0,0,0,0,0,0,0,128.4,0.011,-1.917
"2019-03-01 15:22:00",0,51.65,0.046,0,0,0,0,0,0,0,127.6,0,-2.237
"2019-03-01 15:23:00",0,51.66,0.046,0,0,0,0,0,0,0,127,0,-2.113
"2019-03-01 15:24:00",0,52.16,0.046,0,0,0,0,0,0,0,126.6,0,-2.305
"2019-03-01 15:25:00",0,52.76,0.046,0,0,0,0,0,0,0,126,0.034,-2.244
"2019-03-01 15:26:00",0,51.96,0.047,0,0,0,0,0,0,0,125.6,0.023,-2.093
"2019-03-01 15:27:00",0,52.63,0.046,0,0,0,0,0,0,0,124.9,0,-2.268
"2019-03-01 15:28:00",0,52.31,0.046,0,0,0,0,0,0,0,123.9,0,-2.304
"2019-03-01 15:29:00",0,51.85,0.046,0,0,0,0,0,0,0,123.5,0,-2.236
"2019-03-01 15:30:00",0,50.76,0.046,0,0,0,0,0,0,0,123.2,0,-2.208
"2019-03-01 15:31:00",0,50.64,0.046,0,0,0,0,0,0,0,122.4,0,-2.048
"2019-03-01 15:32:00",0,50.2,0.046,0,0,0,0,0,0,0,122.4,0,-2.21
"2019-03-01 15:33:00",0,50.17,0.046,0,0,0,0,0,0,0,121.8,0,-2.005
"2019-03-01 15:34:00",0,50.17,0.046,0,0,0,0,0,0,0,121.6,0,-1.923
"2019-03-01 15:35:00",0,50.87,0.046,0,0,0,0,0,0,0,101.5,0.011,-2.046
"2019-03-01 15:36:00",0,50.21,0.046,0,0,0,0,0,0,0,41.32,0,-2.14
"2019-03-01 15:37:00",0,50.72,0.046,0,0,0,0,0,0,0,41.67,0.011,-2.134
"2019-03-01 15:38:00",0,50.27,0.046,0,0,0,0,0,0,0,41.53,0,-2.246
"2019-03-01 15:39:00",0,48.8,0.046,0,0,0,0,0,0,0,41.37,0,-2.301
"2019-03-01 15:40:00",0,48.96,0.046,0,0,0,0,0,0,0,41.54,0,-2.167
"2019-03-01 15:41:00",0,47.92,0.046,0,0,0,0,0,0,0,41.75,0,-2.242
"2019-03-01 15:42:00",0,45.97,0.046,0,0,0,0,0,0,0,41.63,0,-2.26
"2019-03-01 15:43:00",0,42.97,0.046,0,0,0,0,0,0,0,41.27,0,-2.109
"2019-03-01 15:44:00",0,43.7,0.046,0,0,0,0,0,0,0,41.24,0,-1.903
"2019-03-01 15:45:00",0,44.39,0.046,0,0,0,0,0,0,0,41.18,0.011,-2.053
"2019-03-01 15:46:00",0,45.38,0.046,0,0,0,0,0,0,0,41.3,0,-1.941
"2019-03-01 15:47:00",0,46.53,0.046,0,0,0,0,0,0,0,41.56,0,-2.043
"2019-03-01 15:48:00",0,47.01,0.046,0,0,0,0,0,0,0,41.47,0,-2.228
"2019-03-01 15:49:00",0,48.13,0.046,0,0,0,0,0,0,0,41.53,0,-2.303
"2019-03-01 15:50:00",0,47.43,0.046,0,0,0,0,0,0,0,41.62,0,-2.106
"2019-03-01 15:51:00",0,47.66,0.046,0,0,0,0,0,0,0,41.72,0,-2.318
"2019-03-01 15:52:00",0,45.66,0.045,0,0,0,0,0,0,0,41.64,0,-2.348
"2019-03-01 15:53:00",0,45.98,0.045,0,0,0,0,0,0,0,41.65,0,-2.154
"2019-03-01 15:54:00",0,45.99,0.046,0,0,0,0,0,0,0,41.76,0.011,-2.302
"2019-03-01 15:55:00",0,46.23,0.045,0,0,0,0,0,0,0,41.53,0.011,-2.279
"2019-03-01 15:56:00",0,46.28,0.045,0,0,0,0,0,0,0,41.53,0,-2.495
"2019-03-01 15:57:00",0,46.15,0.046,0,0,0,0,0,0,0,41.55,0,-2.171
"2019-03-01 15:58:00",0,46.37,0.046,0,0,0,0,0,0,0,41.41,0,-2.126
"2019-03-01 15:59:00",0,45.33,0.045,0,0,0,0,0,0,0,41.38,0,-2.126
"2019-03-01 16:00:00",0,43.4,0.045,0,0,0,0,0,0,0,41.54,0,-2.274
"2019-03-01 16:01:00",0,42.01,0.045,0,0,0,0,0,0,0,41.55,0,-2.081
"2019-03-01 16:02:00",0,40.76,0.046,0,0,0,0,0,0,0,41.66,0,-2.46
"2019-03-01 16:03:00",0,40.41,0.046,0,0,0,0,0,0,0,41.61,0,-2.105
"2019-03-01 16:04:00",0,41.15,0.045,0,0,0,0,0,0,0,41.59,0,-2.218
"2019-03-01 16:05:00",0,42.24,0.045,0,0,0,0,0,0,0,41.57,0,-2.226
"2019-03-01 16:06:00",0,42.88,0.045,0,0,0,0,0,0,0,41.59,0,-2.079
"2019-03-01 16:07:00",0,42.83,0.045,0,0,0,0,0,0,0,41.48,0.011,-2.277
"2019-03-01 16:08:00",0,42.84,0.045,0,0,0,0,0,0,0,41.65,0.011,-2.337
"2019-03-01 16:09:00",0,43.51,0.044,0,0,0,0,0,0,0,41.53,0,-1.88
"2019-03-01 16:10:00",0,44.03,0.044,0,0,0,0,0,0,0,41.22,0,-1.93
"2019-03-01 16:11:00",0,44.8,0.045,0,0,0,0,0,0,0,41.46,0,-2.172
"2019-03-01 16:12:00",0,43.59,0.045,0,0,0,0,0,0,0,41.52,0,-2.031
"2019-03-01 16:13:00",0,42.76,0.044,0,0,0,0,0,0,0,41.46,0.023,-2.329
"2019-03-01 16:14:00",0,42.98,0.044,0,0,0,0,0,0,0,41.44,0,-2.172
"2019-03-01 16:15:00",0,43.11,0.045,0,0,0,0,0,0,0,41.37,0,-2.224
"2019-03-01 16:16:00",0,42.82,0.044,0,0,0,0,0,0,0,41.46,0,-1.985
"2019-03-01 16:17:00",0,43.1,0.044,0,0,0,0,0,0,0,41.68,0,-2.323
"2019-03-01 16:18:00",0,44.32,0.043,0,0,0,0,0,0,0,41.42,0,-2.143
"2019-03-01 16:19:00",0,44.35,0.044,0,0,0,0,0,0,0,41.56,0,-1.65
"2019-03-01 16:20:00",0,44.93,0.043,0,0,0,0,0,0,0,41.83,0.011,-2.274
"2019-03-01 16:21:00",0,44.23,0.042,0,0,0,0,0,0,0,41.28,0.011,-2.073
"2019-03-01 16:22:00",0,43,0.043,0,0,0,0,0,0,0,41.63,0,-2.122
"2019-03-01 16:23:00",0,41.88,0.043,0,0,0,0,0,0,0,41.5,0,-2.105
"2019-03-01 16:24:00",0,41.78,0.043,0,0,0,0,0,0,0,41.29,0,-2.03
"2019-03-01 16:25:00",0,42.1,0.043,0,0,0,0,0,0,0,41.73,0,-2.14
"2019-03-01 16:26:00",0,42.95,0.043,0,0,0,0,0,0,0,41.41,0,-2.496
"2019-03-01 16:27:00",0,42.71,0.042,0,0,0,0,0,0,0,41.57,0,-2.131
"2019-03-01 16:28:00",0,41.97,0.042,0,0,0,0,0,0,0,41.39,0.011,-2.011
"2019-03-01 16:29:00",0,42.27,0.043,0,0,0,0,0,0,0,41.68,0,-2.248
"2019-03-01 16:30:00",0,42.39,0.042,0,0,0,0,0,0,0,41.83,0.034,-2.333
"2019-03-01 16:31:00",0,42.4,0.042,0,0,0,0,0,0,0,41.58,0,-2.249
"2019-03-01 16:32:00",0,42.18,0.042,0,0,0,0,0,0,0,41.69,0,-2.208
"2019-03-01 16:33:00",0,42.46,0.042,0,0,0,0,0,0,0,41.83,0,-2.425
"2019-03-01 16:34:00",0,41.75,0.042,0,0,0,0,0,0,0,41.81,0,-1.952
"2019-03-01 16:35:00",0,41.86,0.042,0,0,0,0,0,0,0,41.6,0,-1.853
"2019-03-01 16:36:00",0,42.04,0.043,0,0,0,0,0,0,0,41.73,0.011,-2.197
"2019-03-01 16:37:00",0,42.43,0.042,0,0,0,0,0,0,0,41.35,0,-2.634
"2019-03-01 16:38:00",0,42.51,0.043,0,0,0,0,0,0,0,41.39,0,-1.844
"2019-03-01 16:39:00",0,41.97,0.042,0,0,0,0,0,0,0,41.44,0,-1.827
"2019-03-01 16:40:00",0,40.97,0.042,0,0,0,0,0,0,0,41.49,0,-1.905
"2019-03-01 16:41:00",0,40.67,0.043,0,0,0,0,0,0,0,41.45,0,-1.944
"2019-03-01 16:42:00",0,40.35,0.042,0,0,0,0,0,0,0,41.86,0,-2.275
"2019-03-01 16:43:00",0,39.77,0.043,0,0,0,0,0,0,0,41.43,0,-1.91
"2019-03-01 16:44:00",0,39.15,0.043,0,0,0,0,0,0,0,41.47,0,-2.156
"2019-03-01 16:45:00",0,39.19,0.042,0,0,0,0,0,0,0,41.66,0,-2.405
"2019-03-01 16:46:00",0,39.25,0.042,0,0,0,0,0,0,0,41.37,0,-2.231
"2019-03-01 16:47:00",0,39.85,0.043,0,0,0,0,0,0,0,41.6,0.011,-2.235
"2019-03-01 16:48:00",0,39.94,0.043,0,0,0,0,0,0,0,41.59,0,-2.343
"2019-03-01 16:49:00",0,39.85,0.042,0,0,0,0,0,0,0,41.47,0,-1.923
"2019-03-01 16:50:00",0,39.63,0.042,0,0,0,0,0,0,0,41.47,0.034,-2.64
"2019-03-01 16:51:00",0,39.37,0.042,0,0,0,0,0,0,0,75.61,0.011,-2.089
"2019-03-01 16:52:00",0,38.77,0.042,0,0,0,0,0,0,0,133.8,0,-2.004
"2019-03-01 16:53:00",0,39.01,0.043,0,0,0,0,0,0,0,132.6,0,-1.893
"2019-03-01 16:54:00",0,38.9,0.042,0,0,0,0,0,0,0,131.7,0,-2.279
"2019-03-01 16:55:00",0,39.04,0.042,0,0,0,0,0,0,0,180.9,0.034,-2.541
"2019-03-01 16:56:00",0,39.53,0.042,0,0,0,0,0,0,0,214.8,0.011,-2.231
"2019-03-01 16:57:00",0,40.06,0.041,0,0,0,0,0,0,0,216.2,0,-2.509
"2019-03-01 16:58:00",0,40.29,0.042,0,0,0,0,0,0,0,217.1,0.011,-2.077
"2019-03-01 16:59:00",0,40.21,0.042,0,0,0,0,0,0,0,217.9,0.034,-2.156
"2019-03-01 17:00:00",0,39.76,0.042,0,0,0,0,0,0,0,218.2,0.011,-2.174
"2019-03-01 17:01:00",0,38.84,0.042,0,0,0,0,0,0,0,218.1,0.011,-2.066
"2019-03-01 17:02:00",0,38.35,0.042,0,0,0,0,0,0,0,217.7,0.057,-2.249
"2019-03-01 17:03:00",0,38.01,0.042,0,0,0,0,0,0,0,216.5,0.068,-2.123
"2019-03-01 17:04:00",0,38.26,0.042,0,0,0,0,0,0,0,216.1,0.023,-2.233
"2019-03-01 17:05:00",0,37.91,0.042,0,0,0,0,0,0,0,215.3,0.091,-2.068
"2019-03-01 17:06:00",0,38.39,0.041,0,0,0,0,0,0,0,215,0.011,-2.502
"2019-03-01 17:07:00",0,38.51,0.042,0,0,0,0,0,0,0,214.1,0.011,-2.113
"2019-03-01 17:08:00",0,38.04,0.042,0,0,0,0,0,0,0,212.9,0,-2.181
"2019-03-01 17:09:00",0,37.22,0.04,0,0,0,0,0,0,0,211.9,0,-2.181
"2019-03-01 17:10:00",0,37,0.04,0,0,0,0,0,0,0,211.7,0.057,-2.21
"2019-03-01 17:11:00",0,36.57,0.041,0,0,0,0,0,0,0,211.3,0,-1.936
"2019-03-01 17:12:00",0,36.32,0.04,0,0,0,0,0,0,0,210.1,0.011,-2.562
"2019-03-01 17:13:00",0,35.76,0.04,0,0,0,0,0,0,0,210,0.023,-2.277
"2019-03-01 17:14:00",0,35.26,0.04,0,0,0,0,0,0,0,209.5,0.034,-2.226
"2019-03-01 17:15:00",0,35.53,0.04,0,0,0,0,0,0,0,208.9,0.023,-2.206
"2019-03-01 17:16:00",0,35.95,0.039,0,0,0,0,0,0,0,208.6,0.011,-2.339
"2019-03-01 17:17:00",0,36.28,0.038,0,0,0,0,0,0,0,207.9,0.011,-2.428
"2019-03-01 17:18:00",0,36.41,0.038,0,0,0,0,0,0,0,207.9,0,-2.047
"2019-03-01 17:19:00",0,36.16,0.038,0,0,0,0,0,0,0,138.2,0.023,-2.365
"2019-03-01 17:20:00",0,35.74,0.039,0,0,0,0,0,0,0,130,0.045,-2.12
"2019-03-01 17:21:00",0,35.35,0.04,0,0,0,0,0,0,0,129.9,0,-1.962
"2019-03-01 17:22:00",0,35.06,0.039,0,0,0,0,0,0,0,130.3,0.034,-2.257
"2019-03-01 17:23:00",0,34.98,0.038,0,0,0,0,0,0,0,129.5,0,-2.662
"2019-03-01 17:24:00",0,34.9,0.038,0,0,0,0,0,0,0,130.2,0,-2.603
"2019-03-01 17:25:00",0,34.54,0.039,0,0,0,0,0,0,0,129.7,0.011,-2.576
"2019-03-01 17:26:00",0,34.29,0.039,0,0,0,0,0,0,0,129.8,0,-1.811
"2019-03-01 17:27:00",0,34.09,0.038,0,0,0,0,0,0,0,129.7,0.011,-2.226
"2019-03-01 17:28:00",0,33.86,0.038,0,0,0,0,0,0,0,129.7,0.045,-2.309
"2019-03-01 17:29:00",0,33.83,0.038,0,0,0,0,0,0,0,129.7,0.023,-2.456
"2019-03-01 17:30:00",0,34.04,0.038,0,0,0,0,0,0,0,129.6,0,-2.17
"2019-03-01 17:31:00",0,34.25,0.038,0,0,0,0,0,0,0,129.6,0,-2.297
"2019-03-01 17:32:00",0,34.52,0.038,0,0,0,0,0,0,0,130.2,0.011,-2.378
"2019-03-01 17:33:00",0,34.72,0.037,0,0,0,0,0,0,0,130,0,-2.537
"2019-03-01 17:34:00",0,34.85,0.037,0,0,0,0,0,0,0,130.9,0,-2.242
"2019-03-01 17:35:00",0,34.86,0.037,0,0,0,0,0,0,0,131.4,0,-2.185
"2019-03-01 17:36:00",0,35.2,0.037,0,0,0,0,0,0,0,131.7,0.011,-2.089
"2019-03-01 17:37:00",0,35.28,0.037,0,0,0,0,0,0,0,131.8,0,-2.191
"2019-03-01 17:38:00",0,35.28,0.037,0,0,0,0,0,0,0,67.22,0,-2.107
"2019-03-01 17:39:00",0,35.16,0.037,0,0,0,0,0,0,0,41.56,0.023,-2.2
"2019-03-01 17:40:00",0,35.23,0.037,0,0,0,0,0,0,0,41.38,0,-2.139
"2019-03-01 17:41:00",0,35.38,0.037,0,0,0,0,0,0,0,41.36,0,-2.085
"2019-03-01 17:42:00",0,35.35,0.037,0,0,0,0,0,0,0,41.5,0.011,-2.248
"2019-03-01 17:43:00",0,35.05,0.037,0,0,0,0,0,0,0,41.54,0,-2.069
"2019-03-01 17:44:00",0,35.09,0.037,0,0,0,0,0,0,0,41.55,0,-2.23
"2019-03-01 17:45:00",0,35.06,0.037,0,0,0,0,0,0,0,41.65,0.011,-2.129
"2019-03-01 17:46:00",0,34.95,0.037,0,0,0,0,0,0,0,41.48,0.011,-2.262
"2019-03-01 17:47:00",0,34.81,0.037,0,0,0,0,0,0,0,41.47,0,-1.996
"2019-03-01 17:48:00",0,34.69,0.037,0,0,0,0,0,0,0,41.72,0.011,-2.244
"2019-03-01 17:49:00",0,34.7,0.037,0,0,0,0,0,0,0,41.55,0.011,-2.163
"2019-03-01 17:50:00",0,34.54,0.037,0,0,0,0,0,0,0,41.58,0,-2.043
"2019-03-01 17:51:00",0,34.44,0.037,0,0,0,0,0,0,0,41.73,0.011,-2.183
"2019-03-01 17:52:00",0,34.44,0.037,0,0,0,0,0,0,0,41.5,0,-2.039
"2019-03-01 17:53:00",0,34.16,0.036,0,0,0,0,0,0,0,41.57,0,-1.987
"2019-03-01 17:54:00",0,34.18,0.037,0,0,0,0,0,0,0,41.73,0.011,-2.231
"2019-03-01 17:55:00",0,34.04,0.037,0,0,0,0,0,0,0,41.6,0,-1.945
"2019-03-01 17:56:00",0,33.77,0.037,0,0,0,0,0,0,0,41.42,0,-2.304
"2019-03-01 17:57:00",0,33.6,0.036,0,0,0,0,0,0,0,41.4,0,-2.344
"2019-03-01 17:58:00",0,33.49,0.035,0,0,0,0,0,0,0,41.43,0.011,-2.196
"2019-03-01 17:59:00",0,33.34,0.036,0,0,0,0,0,0,0,41.38,0,-2.198
"2019-03-01 18:00:00",0,33.31,0.036,0,0,0,0,0,0,0,41.48,0,-2.209
"2019-03-01 18:01:00",0,33.28,0.036,0,0,0,0,0,0,0,41.42,0,-2.191
"2019-03-01 18:02:00",0,33.11,0.035,0,0,0,0,0,0,0,41.47,0,-1.965
"2019-03-01 18:03:00",0,33.04,0.036,0,0,0,0,0,0,0,41.5,0,-1.976
"2019-03-01 18:04:00",0,32.65,0.035,0,0,0,0,0,0,0,41.52,0,-2.136
"2019-03-01 18:05:00",0,32.49,0.035,0,0,0,0,0,0,0,41.29,0.011,-2.35
"2019-03-01 18:06:00",0,32.47,0.035,0,0,0,0,0,0,0,41.39,0,-2.144
"2019-03-01 18:07:00",0,32.38,0.035,0,0,0,0,0,0,0,41.62,0,-2.273
"2019-03-01 18:08:00",0,32.33,0.035,0,0,0,0,0,0,0,41.63,0,-2.269
"2019-03-01 18:09:00",0,32.28,0.035,0,0,0,0,0,0,0,41.34,0,-1.96
"2019-03-01 18:10:00",0,32.18,0.035,0,0,0,0,0,0,0,41.37,0.011,-2.466
"2019-03-01 18:11:00",0,32.12,0.035,0,0,0,0,0,0,0,41.38,0,-2.217
"2019-03-01 18:12:00",0,32.11,0.036,0,0,0,0,0,0,0,41.41,0,-2.161
"2019-03-01 18:13:00",0,32.05,0.036,0,0,0,0,0,0,0,41.62,0,-2.542
"2019-03-01 18:14:00",0,32.04,0.035,0,0,0,0,0,0,0,41.31,0,-2.132
"2019-03-01 18:15:00",0,31.99,0.035,0,0,0,0,0,0,0,41.45,0,-2.181
"2019-03-01 18:16:00",0,31.89,0.035,0,0,0,0,0,0,0,41.63,0,-2.336
"2019-03-01 18:17:00",0,31.89,0.035,0,0,0,0,0,0,0,41.54,0,-2.225
"2019-03-01 18:18:00",0,31.77,0.035,0,0,0,0,0,0,0,41.43,0.011,-2.457
"2019-03-01 18:19:00",0,31.68,0.036,0,0,0,0,0,0,0,41.43,0.011,-2.199
"2019-03-01 18:20:00",0,31.68,0.036,0,0,0,0,0,0,0,41.44,0,-2.244
"2019-03-01 18:21:00",0,31.62,0.036,0,0,0,0,0,0,0,41.41,0.011,-2.133
"2019-03-01 18:22:00",0,31.59,0.036,0,0,0,0,0,0,0,41.42,0.011,-2.229
"2019-03-01 18:23:00",0,31.52,0.035,0,0,0,0,0,0,0,41.42,0,-2.403
"2019-03-01 18:24:00",0,31.48,0.036,0,0,0,0,0,0,0,41.7,0.011,-2.202
"2019-03-01 18:25:00",0,31.38,0.035,0,0,0,0,0,0,0,41.5,0,-1.876
"2019-03-01 18:26:00",0,31.29,0.036,0,0,0,0,0,0,0,41.59,0,-1.927
"2019-03-01 18:27:00",0,31.19,0.036,0,0,0,0,0,0,0,41.41,0,-2.206
"2019-03-01 18:28:00",0,31.16,0.036,0,0,0,0,0,0,0,41.42,0,-2.139
"2019-03-01 18:29:00",0,31.01,0.036,0,0,0,0,0,0,0,41.25,0,-2.205
"2019-03-01 18:30:00",0,30.94,0.036,0,0,0,0,0,0,0,41.33,0.023,-2.203
"2019-03-01 18:31:00",0,30.94,0.036,0,0,0,0,0,0,0,41.38,0,-2.187
"2019-03-01 18:32:00",0,30.86,0.036,0,0,0,0,0,0,0,41.24,0.034,-2.161
"2019-03-01 18:33:00",0,30.76,0.036,0,0,0,0,0,0,0,41.24,0,-2.166
"2019-03-01 18:34:00",0,30.69,0.036,0,0,0,0,0,0,0,41.25,0.011,-2.181
"2019-03-01 18:35:00",0,30.63,0.036,0,0,0,0,0,0,0,126.3,0,-2.195
"2019-03-01 18:36:00",0,30.6,0.036,0,0,0,0,0,0,0,132.1,0.023,-2.148
"2019-03-01 18:37:00",0,30.46,0.036,0,0,0,0,0,0,0,132,0.023,-2.058
"2019-03-01 18:38:00",0,30.42,0.036,0,0,0,0,0,0,0,131.3,0.011,-2.079
"2019-03-01 18:39:00",0,30.4,0.036,0,0,0,0,0,0,0,131,0,-1.771
"2019-03-01 18:40:00",0,30.31,0.037,0,0,0,0,0,0,0,131.1,0,-1.932
"2019-03-01 18:41:00",0,30.26,0.037,0,0,0,0,0,0,0,130.8,0,-2.184
"2019-03-01 18:42:00",0,30.19,0.036,0,0,0,0,0,0,0,130.4,0.011,-2.447
"2019-03-01 18:43:00",0,30.16,0.035,0,0,0,0,0,0,0,130.5,0,-2.145
"2019-03-01 18:44:00",0,30.14,0.036,0,0,0,0,0,0,0,130.3,0,-1.814
"2019-03-01 18:45:00",0,30.13,0.035,0,0,0,0,0,0,0,130.2,0,-2.271
"2019-03-01 18:46:00",0,30.16,0.036,0,0,0,0,0,0,0,129.7,0.011,-2.227
"2019-03-01 18:47:00",0,30.04,0.036,0,0,0,0,0,0,0,128.9,0.011,-2.384
"2019-03-01 18:48:00",0,30.02,0.036,0,0,0,0,0,0,0,128.5,0.011,-2.551
"2019-03-01 18:49:00",0,29.96,0.036,0,0,0,0,0,0,0,127.5,0.011,-2.305
"2019-03-01 18:50:00",0,29.96,0.036,0,0,0,0,0,0,0,126.8,0.023,-2.328
"2019-03-01 18:51:00",0,29.88,0.036,0,0,0,0,0,0,0,126.2,0.011,-2.076
"2019-03-01 18:52:00",0,29.86,0.036,0,0,0,0,0,0,0,125.7,0.011,-1.957
"2019-03-01 18:53:00",0,29.79,0.036,0,0,0,0,0,0,0,125.3,0.011,-2.474
"2019-03-01 18:54:00",0,29.81,0.036,0,0,0,0,0,0,0,124.6,0,-2.302
"2019-03-01 18:55:00",0,29.78,0.036,0,0,0,0,0,0,0,123.6,0,-2.123
"2019-03-01 18:56:00",0,29.82,0.036,0,0,0,0,0,0,0,123,0.011,-2.099
"2019-03-01 18:57:00",0,29.82,0.036,0,0,0,0,0,0,0,122.5,0,-2.228
"2019-03-01 18:58:00",0,29.8,0.035,0,0,0,0,0,0,0,121.8,0.011,-2.178
"2019-03-01 18:59:00",0,29.71,0.035,0,0,0,0,0,0,0,121.6,0.023,-2.219
"2019-03-01 19:00:00",0,29.6,0.035,0,0,0,0,0,0,0,121.3,0,-2.208
"2019-03-01 19:01:00",0,29.62,0.035,0,0,0,0,0,0,0,121,0.011,-2.196
"2019-03-01 19:02:00",0,29.62,0.035,0,0,0,0,0,0,0,43.48,0,-2.192
"2019-03-01 19:03:00",0,29.64,0.035,0,0,0,0,0,0,0,40.71,0,-2.259
"2019-03-01 19:04:00",0,29.56,0.035,0,0,0,0,0,0,0,41.88,0.023,-2.274
"2019-03-01 19:05:00",0,29.49,0.035,0,0,0,0,0,0,0,71.54,0.011,-2.27
"2019-03-01 19:06:00",0,29.54,0.034,0,0,0,0,0,0,0,76.57,0,-2.333
"2019-03-01 19:07:00",0,29.55,0.035,0,0,0,0,0,0,0,87,0,-2.261
"2019-03-01 19:08:00",0,29.61,0.034,0,0,0,0,0,0,0,90.6,0,-2.307
"2019-03-01 19:09:00",0,29.64,0.034,0,0,0,0,0,0,0,90.5,0,-2.249
"2019-03-01 19:10:00",0,29.64,0.034,0,0,0,0,0,0,0,90.3,0,-2.278
"2019-03-01 19:11:00",0,29.69,0.034,0,0,0,0,0,0,0,89.8,0,-2.32
"2019-03-01 19:12:00",0,29.63,0.034,0,0,0,0,0,0,0,89.6,0.011,-2.323
"2019-03-01 19:13:00",0,29.63,0.034,0,0,0,0,0,0,0,89.6,0.011,-2.327
"2019-03-01 19:14:00",0,29.64,0.034,0,0,0,0,0,0,0,89.6,0.011,-2.216
"2019-03-01 19:15:00",0,29.61,0.034,0,0,0,0,0,0,0,89.5,0,-2.173
"2019-03-01 19:16:00",0,29.57,0.034,0,0,0,0,0,0,0,89.6,0,-2.262
"2019-03-01 19:17:00",0,29.62,0.034,0,0,0,0,0,0,0,89.4,0.011,-2.301
"2019-03-01 19:18:00",0,29.6,0.034,0,0,0,0,0,0,0,84.6,0.011,-2.218
"2019-03-01 19:19:00",0,29.56,0.034,0,0,0,0,0,0,0,83.8,0,-2.313
"2019-03-01 19:20:00",0,29.66,0.034,0,0,0,0,0,0,0,83.9,0,-2.114
"2019-03-01 19:21:00",0,29.62,0.034,0,0,0,0,0,0,0,83.8,0.011,-2.337
"2019-03-01 19:22:00",0,29.48,0.035,0,0,0,0,0,0,0,76.73,0.023,-2.297
"2019-03-01 19:23:00",0,29.49,0.035,0,0,0,0,0,0,0,64.07,0,-2.138
"2019-03-01 19:24:00",0,29.53,0.034,0,0,0,0,0,0,0,62.94,0.011,-2.453
"2019-03-01 19:25:00",0,29.45,0.035,0,0,0,0,0,0,0,62.89,0,-2.359
"2019-03-01 19:26:00",0,29.48,0.035,0,0,0,0,0,0,0,63.01,0,-2.134
"2019-03-01 19:27:00",0,29.43,0.034,0,0,0,0,0,0,0,62.9,0,-2.42
"2019-03-01 19:28:00",0,29.51,0.035,0,0,0,0,0,0,0,62.68,0,-2.333
"2019-03-01 19:29:00",0,29.48,0.035,0,0,0,0,0,0,0,62.56,0.034,-2.313
"2019-03-01 19:30:00",0,29.5,0.035,0,0,0,0,0,0,0,62.64,0.023,-2.22
"2019-03-01 19:31:00",0,29.45,0.035,0,0,0,0,0,0,0,62.52,0.023,-2.425
"2019-03-01 19:32:00",0,29.43,0.035,0,0,0,0,0,0,0,62.62,0,-2.17
"2019-03-01 19:33:00",0,29.39,0.034,0,0,0,0,0,0,0,62.68,0,-2.057
"2019-03-01 19:34:00",0,29.4,0.035,0,0,0,0,0,0,0,62.65,0.011,-2.458
"2019-03-01 19:35:00",0,29.37,0.035,0,0,0,0,0,0,0,62.74,0,-1.862
"2019-03-01 19:36:00",0,29.4,0.035,0,0,0,0,0,0,0,62.5,0.011,-2.232
"2019-03-01 19:37:00",0,29.32,0.036,0,0,0,0,0,0,0,62.57,0,-2.056
"2019-03-01 19:38:00",0,29.35,0.035,0,0,0,0,0,0,0,62.65,0.011,-2.053
"2019-03-01 19:39:00",0,29.35,0.035,0,0,0,0,0,0,0,62.49,0,-2.354
"2019-03-01 19:40:00",0,29.4,0.035,0,0,0,0,0,0,0,62.58,0,-2.192
"2019-03-01 19:41:00",0,29.38,0.035,0,0,0,0,0,0,0,62.65,0.011,-2.323
"2019-03-01 19:42:00",0,29.38,0.035,0,0,0,0,0,0,0,62.72,0.011,-2.179
"2019-03-01 19:43:00",0,29.36,0.035,0,0,0,0,0,0,0,62.71,0.011,-2.255
"2019-03-01 19:44:00",0,29.29,0.035,0,0,0,0,0,0,0,62.74,0.011,-2.219
"2019-03-01 19:45:00",0,29.24,0.034,0,0,0,0,0,0,0,62.62,0.011,-2.114
"2019-03-01 19:46:00",0,29.17,0.035,0,0,0,0,0,0,0,62.86,0.045,-2.266
"2019-03-01 19:47:00",0,29.19,0.035,0,0,0,0,0,0,0,62.43,0,-2.162
"2019-03-01 19:48:00",0,29.19,0.035,0,0,0,0,0,0,0,62.43,0.011,-2.279
"2019-03-01 19:49:00",0,29.2,0.035,0,0,0,0,0,0,0,62.57,0.011,-2.244
"2019-03-01 19:50:00",0,29.18,0.035,0,0,0,0,0,0,0,62.55,0.023,-2.406
"2019-03-01 19:51:00",0,29.13,0.036,0,0,0,0,0,0,0,62.6,0,-2.053
"2019-03-01 19:52:00",0,29.17,0.035,0,0,0,0,0,0,0,62.7,0,-2.112
"2019-03-01 19:53:00",0,29.15,0.035,0,0,0,0,0,0,0,62.57,0,-2.252
"2019-03-01 19:54:00",0,29.22,0.036,0,0,0,0,0,0,0,62.5,0,-2.244
"2019-03-01 19:55:00",0,29.17,0.035,0,0,0,0,0,0,0,62.53,0.011,-2.136
"2019-03-01 19:56:00",0,29.19,0.036,0,0,0,0,0,0,0,62.51,0.045,-2.26
"2019-03-01 19:57:00",0,29.19,0.036,0,0,0,0,0,0,0,62.55,0,-2.241
"2019-03-01 19:58:00",0,29.1,0.036,0,0,0,0,0,0,0,62.71,0,-2.461
"2019-03-01 19:59:00",0,29.2,0.036,0,0,0,0,0,0,0,62.7,0,-2.345
"2019-03-01 20:00:00",0,29.13,0.036,0,0,0,0,0,0,0,62.5,0,-2.023
"2019-03-01 20:01:00",0,29.23,0.036,0,0,0,0,0,0,0,62.5,0.023,-2.425
"2019-03-01 20:02:00",0,29.31,0.036,0,0,0,0,0,0,0,62.46,0,-2.182
"2019-03-01 20:03:00",0,29.31,0.037,0,0,0,0,0,0,0,62.61,0.011,-2.173
"2019-03-01 20:04:00",0,29.32,0.036,0,0,0,0,0,0,0,62.55,0,-2.345
"2019-03-01 20:05:00",0,29.35,0.036,0,0,0,0,0,0,0,62.63,0,-2.106
"2019-03-01 20:06:00",0,29.36,0.037,0,0,0,0,0,0,0,62.61,0,-2.154
"2019-03-01 20:07:00",0,29.34,0.036,0,0,0,0,0,0,0,62.75,0,-2.732
"2019-03-01 20:08:00",0,29.29,0.036,0,0,0,0,0,0,0,62.86,0,-2.339
"2019-03-01 20:09:00",0,29.37,0.036,0,0,0,0,0,0,0,62.73,0.011,-2.177
"2019-03-01 20:10:00",0,29.36,0.037,0,0,0,0,0,0,0,62.65,0.011,-2.324
"2019-03-01 20:11:00",0,29.42,0.036,0,0,0,0,0,0,0,131.3,0.023,-2.36
"2019-03-01 20:12:00",0,29.46,0.036,0,0,0,0,0,0,0,147.2,0,-2.398
"2019-03-01 20:13:00",0,29.43,0.036,0,0,0,0,0,0,0,149.1,0,-2.375
"2019-03-01 20:14:00",0,29.41,0.037,0,0,0,0,0,0,0,149.4,0.011,-2.133
"2019-03-01 20:15:00",0,29.32,0.037,0,0,0,0,0,0,0,149.5,0.011,-2.447
"2019-03-01 20:16:00",0,29.28,0.037,0,0,0,0,0,0,0,149.1,0,-2.417
"2019-03-01 20:17:00",0,29.29,0.037,0,0,0,0,0,0,0,149.2,0,-2.28
"2019-03-01 20:18:00",0,29.27,0.037,0,0,0,0,0,0,0,149.4,0,-2.27
"2019-03-01 20:19:00",0,29.25,0.037,0,0,0,0,0,0,0,238.5,0.011,-2.318
"2019-03-01 20:20:00",0,29.21,0.037,0,0,0,0,0,0,0,236.8,0.011,-2.616
"2019-03-01 20:21:00",0,29.11,0.038,0,0,0,0,0,0,0,235.8,0,-2.466
"2019-03-01 20:22:00",0,29.1,0.038,0,0,0,0,0,0,0,235.6,0,-2.044
"2019-03-01 20:23:00",0,29.26,0.037,0,0,0,0,0,0,0,235.2,0,-2.492
"2019-03-01 20:24:00",0,29.23,0.038,0,0,0,0,0,0,0,235.5,0,-2.416
"2019-03-01 20:25:00",0,29.16,0.038,0,0,0,0,0,0,0,234.6,0,-2.278
"2019-03-01 20:26:00",0,29.14,0.038,0,0,0,0,0,0,0,233.6,0,-2.378
"2019-03-01 20:27:00",0,29.17,0.037,0,0,0,0,0,0,0,233.6,0,-2.262
"2019-03-01 20:28:00",0,29.18,0.038,0,0,0,0,0,0,0,233.4,0,-2.356
"2019-03-01 20:29:00",0,29.2,0.038,0,0,0,0,0,0,0,233.7,0.011,-2.353
"2019-03-01 20:30:00",0,29.2,0.037,0,0,0,0,0,0,0,233.8,0.011,-2.259
"2019-03-01 20:31:00",0,29.25,0.037,0,0,0,0,0,0,0,233.4,0.034,-2.247
"2019-03-01 20:32:00",0,29.28,0.037,0,0,0,0,0,0,0,233.3,0,-2.287
"2019-03-01 20:33:00",0,29.22,0.037,0,0,0,0,0,0,0,232.4,0,-2.158
"2019-03-01 20:34:00",0,29.15,0.037,0,0,0,0,0,0,0,231.7,0.011,-2.245
"2019-03-01 20:35:00",0,29.2,0.037,0,0,0,0,0,0,0,231.3,0,-2.371
"2019-03-01 20:36:00",0,29.14,0.038,0,0,0,0,0,0,0,230.8,0.023,-2.306
"2019-03-01 20:37:00",0,29.14,0.037,0,0,0,0,0,0,0,230.2,0.011,-2.38
"2019-03-01 20:38:00",0,29.24,0.037,0,0,0,0,0,0,0,230,0.011,-2.282
"2019-03-01 20:39:00",0,29.26,0.037,0,0,0,0,0,0,0,229.3,0,-2.528
"2019-03-01 20:40:00",0,29.28,0.036,0,0,0,0,0,0,0,228.7,0,-2.313
"2019-03-01 20:41:00",0,29.18,0.037,0,0,0,0,0,0,0,228.2,0.011,-2.22
"2019-03-01 20:42:00",0,29.18,0.037,0,0,0,0,0,0,0,227.7,0,-2.228
"2019-03-01 20:43:00",0,29.16,0.037,0,0,0,0,0,0,0,227.4,0,-2.3
"2019-03-01 20:44:00",0,29.09,0.036,0,0,0,0,0,0,0,227,0.011,-2.12
"2019-03-01 20:45:00",0,29.08,0.037,0,0,0,0,0,0,0,226.7,0,-2.039
"2019-03-01 20:46:00",0,29.02,0.037,0,0,0,0,0,0,0,177.7,0,-2.251
"2019-03-01 20:47:00",0,29.08,0.036,0,0,0,0,0,0,0,148.9,0.011,-2.534
"2019-03-01 20:48:00",0,29.03,0.036,0,0,0,0,0,0,0,149.1,0,-2.503
"2019-03-01 20:49:00",0,29.09,0.036,0,0,0,0,0,0,0,149.1,0.034,-2.341
"2019-03-01 20:50:00",0,29.09,0.037,0,0,0,0,0,0,0,148.9,0,-2.211
"2019-03-01 20:51:00",0,29.08,0.037,0,0,0,0,0,0,0,149,0,-2.28
"2019-03-01 20:52:00",0,29.04,0.037,0,0,0,0,0,0,0,149.2,0.011,-2.655
"2019-03-01 20:53:00",0,29.05,0.037,0,0,0,0,0,0,0,65.88,0,-2.307
"2019-03-01 20:54:00",0,29.07,0.037,0,0,0,0,0,0,0,62.67,0,-2.004
"2019-03-01 20:55:00",0,29.12,0.037,0,0,0,0,0,0,0,62.77,0,-2.018
"2019-03-01 20:56:00",0,29.17,0.037,0,0,0,0,0,0,0,62.74,0.011,-2.429
"2019-03-01 20:57:00",0,29.18,0.037,0,0,0,0,0,0,0,62.62,0.011,-2.198
"2019-03-01 20:58:00",0,29.21,0.037,0,0,0,0,0,0,0,62.86,0,-2.243
"2019-03-01 20:59:00",0,29.16,0.036,0,0,0,0,0,0,0,62.67,0,-2.089
"2019-03-01 21:00:00",0,29.14,0.036,0,0,0,0,0,0,0,62.94,0,-2.631
"2019-03-01 21:01:00",0,29.23,0.037,0,0,0,0,0,0,0,62.74,0,-2.399
"2019-03-01 21:02:00",0,29.22,0.036,0,0,0,0,0,0,0,62.81,0.011,-2.183
"2019-03-01 21:03:00",0,29.11,0.036,0,0,0,0,0,0,0,62.7,0,-2.374
"2019-03-01 21:04:00",0,29.08,0.036,0,0,0,0,0,0,0,62.73,0,-1.946
"2019-03-01 21:05:00",0,29.16,0.036,0,0,0,0,0,0,0,62.61,0,-2.182
"2019-03-01 21:06:00",0,29.12,0.036,0,0,0,0,0,0,0,62.64,0,-1.892
"2019-03-01 21:07:00",0,29.16,0.036,0,0,0,0,0,0,0,62.77,0.023,-2.337
"2019-03-01 21:08:00",0,29.21,0.036,0,0,0,0,0,0,0,62.54,0,-2.19
"2019-03-01 21:09:00",0,29.21,0.036,0,0,0,0,0,0,0,62.44,0,-2.061
"2019-03-01 21:10:00",0,29.26,0.036,0,0,0,0,0,0,0,62.58,0,-2.63
"2019-03-01 21:11:00",0,29.22,0.036,0,0,0,0,0,0,0,62.61,0.011,-2.302
"2019-03-01 21:12:00",0,29.15,0.036,0,0,0,0,0,0,0,62.69,0,-2.316
"2019-03-01 21:13:00",0,29.16,0.036,0,0,0,0,0,0,0,62.75,0.045,-2.308
"2019-03-01 21:14:00",0,29.22,0.036,0,0,0,0,0,0,0,62.67,0,-2.141
"2019-03-01 21:15:00",0,29.26,0.035,0,0,0,0,0,0,0,62.71,0,-2.239
"2019-03-01 21:16:00",0,29.27,0.036,0,0,0,0,0,0,0,62.69,0,-2.301
"2019-03-01 21:17:00",0,29.3,0.035,0,0,0,0,0,0,0,62.7,0,-2.647
"2019-03-01 21:18:00",0,29.31,0.036,0,0,0,0,0,0,0,62.59,0,-1.955
"2019-03-01 21:19:00",0,29.35,0.037,0,0,0,0,0,0,0,62.85,0,-2.316
"2019-03-01 21:20:00",0,29.36,0.036,0,0,0,0,0,0,0,62.6,0,-2.358
"2019-03-01 21:21:00",0,29.35,0.036,0,0,0,0,0,0,0,62.5,0.011,-2.23
"2019-03-01 21:22:00",0,29.31,0.036,0,0,0,0,0,0,0,62.53,0.011,-2.242
"2019-03-01 21:23:00",0,29.31,0.036,0,0,0,0,0,0,0,62.59,0,-2.159
"2019-03-01 21:24:00",0,29.29,0.037,0,0,0,0,0,0,0,62.78,0.011,-2.307
"2019-03-01 21:25:00",0,29.33,0.036,0,0,0,0,0,0,0,62.55,0.011,-2.361
"2019-03-01 21:26:00",0,29.29,0.036,0,0,0,0,0,0,0,62.48,0,-2.601
"2019-03-01 21:27:00",0,29.31,0.035,0,0,0,0,0,0,0,62.41,0,-2.27
"2019-03-01 21:28:00",0,29.28,0.035,0,0,0,0,0,0,0,62.38,0,-2.435
"2019-03-01 21:29:00",0,29.23,0.035,0,0,0,0,0,0,0,62.61,0,-2.236
"2019-03-01 21:30:00",0,29.2,0.035,0,0,0,0,0,0,0,62.55,0.023,-2.266
"2019-03-01 21:31:00",0,29.22,0.035,0,0,0,0,0,0,0,62.56,0,-2.651
"2019-03-01 21:32:00",0,29.17,0.035,0,0,0,0,0,0,0,62.5,0,-2.276
"2019-03-01 21:33:00",0,29.21,0.035,0,0,0,0,0,0,0,62.48,0.011,-2.061
"2019-03-01 21:34:00",0,29.21,0.035,0,0,0,0,0,0,0,62.62,0.034,-2.374
"2019-03-01 21:35:00",0,29.21,0.036,0,0,0,0,0,0,0,62.42,0,-2.393
"2019-03-01 21:36:00",0,29.19,0.035,0,0,0,0,0,0,0,62.35,0,-2.172
"2019-03-01 21:37:00",0,29.28,0.035,0,0,0,0,0,0,0,62.43,0,-2.206
"2019-03-01 21:38:00",0,29.3,0.035,0,0,0,0,0,0,0,62.34,0.011,-2.127
"2019-03-01 21:39:00",0,29.24,0.035,0,0,0,0,0,0,0,62.42,0.011,-2.233
"2019-03-01 21:40:00",0,29.19,0.035,0,0,0,0,0,0,0,62.55,0.011,-2.096
"2019-03-01 21:41:00",0,29.14,0.036,0,0,0,0,0,0,0,62.55,0,-2.262
"2019-03-01 21:42:00",0,29.07,0.035,0,0,0,0,0,0,0,62.61,0,-2.265
"2019-03-01 21:43:00",0,29.07,0.035,0,0,0,0,0,0,0,62.72,0.011,-2.289
"2019-03-01 21:44:00",0,29.15,0.035,0,0,0,0,0,0,0,62.69,0.011,-2.308
"2019-03-01 21:45:00",0,29.11,0.035,0,0,0,0,0,0,0,62.39,0,-1.949
"2019-03-01 21:46:00",0,29.09,0.035,0,0,0,0,0,0,0,62.39,0.011,-2.67
"2019-03-01 21:47:00",0,29.13,0.035,0,0,0,0,0,0,0,62.47,0.011,-2.352
"2019-03-01 21:48:00",0,29.08,0.035,0,0,0,0,0,0,0,62.33,0,-2.398
"2019-03-01 21:49:00",0,29.07,0.035,0,0,0,0,0,0,0,62.41,0,-2.241
"2019-03-01 21:50:00",0,29.08,0.035,0,0,0,0,0,0,0,62.51,0.011,-2.316
"2019-03-01 21:51:00",0,29.04,0.035,0,0,0,0,0,0,0,62.49,0.011,-2.241
"2019-03-01 21:52:00",0,29.04,0.035,0,0,0,0,0,0,0,62.64,0.011,-2.271
"2019-03-01 21:53:00",0,29.11,0.035,0,0,0,0,0,0,0,62.51,0,-2.353
"2019-03-01 21:54:00",0,29.13,0.035,0,0,0,0,0,0,0,62.53,0.023,-2.284
"2019-03-01 21:55:00",0,29.18,0.035,0,0,0,0,0,0,0,62.52,0.011,-2.283
"2019-03-01 21:56:00",0,29.22,0.035,0,0,0,0,0,0,0,62.37,0,-2.321
"2019-03-01 21:57:00",0,29.35,0.035,0,0,0,0,0,0,0,62.47,0.023,-2.327
"2019-03-01 21:58:00",0,29.41,0.035,0,0,0,0,0,0,0,62.43,0,-2.312
"2019-03-01 21:59:00",0,29.45,0.035,0,0,0,0,0,0,0,62.55,0,-2.287
"2019-03-01 22:00:00",0,29.49,0.035,0,0,0,0,0,0,0,62.65,0.011,-2.246
"2019-03-01 22:01:00",0,29.54,0.035,0,0,0,0,0,0,0,62.35,0.011,-2.292
"2019-03-01 22:02:00",0,29.52,0.035,0,0,0,0,0,0,0,115.1,0,-2.252
"2019-03-01 22:03:00",0,29.49,0.035,0,0,0,0,0,0,0,153.1,0,-2.332
"2019-03-01 22:04:00",0,29.49,0.035,0,0,0,0,0,0,0,152.3,0,-2.362
"2019-03-01 22:05:00",0,29.46,0.035,0,0,0,0,0,0,0,151.5,0.011,-2.284
"2019-03-01 22:06:00",0,29.43,0.035,0,0,0,0,0,0,0,151.5,0,-2.131
"2019-03-01 22:07:00",0,29.44,0.035,0,0,0,0,0,0,0,151.4,0,-2.023
"2019-03-01 22:08:00",0,29.4,0.036,0,0,0,0,0,0,0,151,0,-1.969
"2019-03-01 22:09:00",0,29.32,0.035,0,0,0,0,0,0,0,150.8,0,-2.437
"2019-03-01 22:10:00",0,29.29,0.036,0,0,0,0,0,0,0,150.6,0.011,-2.113
"2019-03-01 22:11:00",0,29.3,0.036,0,0,0,0,0,0,0,150.3,0,-2.288
"2019-03-01 22:12:00",0,29.2,0.036,0,0,0,0,0,0,0,149.8,0,-2.357
"2019-03-01 22:13:00",0,29.22,0.036,0,0,0,0,0,0,0,149.4,0,-2.319
"2019-03-01 22:14:00",0,29.24,0.036,0,0,0,0,0,0,0,149.3,0.023,-2.28
"2019-03-01 22:15:00",0,29.27,0.035,0,0,0,0,0,0,0,148.9,0.011,-2.164
"2019-03-01 22:16:00",0,29.23,0.036,0,0,0,0,0,0,0,148.4,0,-1.956
"2019-03-01 22:17:00",0,29.25,0.036,0,0,0,0,0,0,0,147.8,0.068,-2.422
"2019-03-01 22:18:00",0,29.11,0.036,0,0,0,0,0,0,0,147,0,-1.903
"2019-03-01 22:19:00",0,29.11,0.035,0,0,0,0,0,0,0,146.6,0.011,-2.271
"2019-03-01 22:20:00",0,29.16,0.036,0,0,0,0,0,0,0,146.3,0,-2.298
"2019-03-01 22:21:00",0,29.18,0.036,0,0,0,0,0,0,0,145.8,0.102,-2.483
"2019-03-01 22:22:00",0,29.07,0.036,0,0,0,0,0,0,0,145.1,0.068,-2.425
"2019-03-01 22:23:00",0,29.08,0.035,0,0,0,0,0,0,0,144.2,0.011,-2.015
"2019-03-01 22:24:00",0,29.06,0.035,0,0,0,0,0,0,0,143.9,0.023,-2.388
"2019-03-01 22:25:00",0,29.05,0.036,0,0,0,0,0,0,0,143,0.023,-2.383
"2019-03-01 22:26:00",0,29.04,0.035,0,0,0,0,0,0,0,142.4,0.011,-2.282
"2019-03-01 22:27:00",0,29.03,0.036,0,0,0,0,0,0,0,142.5,0.011,-2.316
"2019-03-01 22:28:00",0,29.01,0.035,0,0,0,0,0,0,0,141.7,0,-2.391
"2019-03-01 22:29:00",0,28.94,0.036,0,0,0,0,0,0,0,140.4,0.023,-2.188
"2019-03-01 22:30:00",0,28.87,0.036,0,0,0,0,0,0,0,62.71,0,-2.026
"2019-03-01 22:31:00",0,28.79,0.035,0,0,0,0,0,0,0,62.76,0.045,-2.152
"2019-03-01 22:32:00",0,28.84,0.036,0,0,0,0,0,0,0,62.66,0.023,-2.125
"2019-03-01 22:33:00",0,28.92,0.035,0,0,0,0,0,0,0,62.7,0,-2.211
"2019-03-01 22:34:00",0,28.88,0.036,0,0,0,0,0,0,0,62.44,0.023,-2.354
"2019-03-01 22:35:00",0,28.88,0.036,0,0,0,0,0,0,0,62.64,0,-2.14
"2019-03-01 22:36:00",0,28.86,0.036,0,0,0,0,0,0,0,62.72,0.023,-2.068
"2019-03-01 22:37:00",0,28.92,0.037,0,0,0,0,0,0,0,62.78,0,-2.22
"2019-03-01 22:38:00",0,28.93,0.036,0,0,0,0,0,0,0,62.73,0.011,-2.282
"2019-03-01 22:39:00",0,28.9,0.035,0,0,0,0,0,0,0,62.76,0,-2.325
"2019-03-01 22:40:00",0,28.79,0.035,0,0,0,0,0,0,0,62.77,0,-2.035
"2019-03-01 22:41:00",0,28.68,0.035,0,0,0,0,0,0,0,62.72,0.011,-2.473
"2019-03-01 22:42:00",0,28.72,0.035,0,0,0,0,0,0,0,62.76,0,-2.243
"2019-03-01 22:43:00",0,28.79,0.035,0,0,0,0,0,0,0,62.55,0.011,-2.316
"2019-03-01 22:44:00",0,28.73,0.035,0,0,0,0,0,0,0,62.83,0,-2.308
"2019-03-01 22:45:00",0,28.69,0.035,0,0,0,0,0,0,0,62.59,0.023,-2.3
"2019-03-01 22:46:00",0,28.74,0.035,0,0,0,0,0,0,0,62.74,0.034,-2.299
"2019-03-01 22:47:00",0,28.71,0.035,0,0,0,0,0,0,0,62.66,0.011,-2.269
"2019-03-01 22:48:00",0,28.68,0.035,0,0,0,0,0,0,0,62.72,0.023,-2.337
"2019-03-01 22:49:00",0,28.66,0.034,0,0,0,0,0,0,0,62.64,0.011,-2.255
"2019-03-01 22:50:00",0,28.67,0.035,0,0,0,0,0,0,0,62.69,0.045,-2.25
"2019-03-01 22:51:00",0,28.61,0.035,0,0,0,0,0,0,0,62.63,0,-2.225
"2019-03-01 22:52:00",0,28.58,0.035,0,0,0,0,0,0,0,62.71,0,-2.237
"2019-03-01 22:53:00",0,28.54,0.035,0,0,0,0,0,0,0,62.55,0.034,-2.316
"2019-03-01 22:54:00",0,28.53,0.034,0,0,0,0,0,0,0,62.7,0.057,-2.431
"2019-03-01 22:55:00",0,28.49,0.035,0,0,0,0,0,0,0,62.78,0.023,-2.372
"2019-03-01 22:56:00",0,28.5,0.035,0,0,0,0,0,0,0,62.74,0,-2.149
"2019-03-01 22:57:00",0,28.6,0.035,0,0,0,0,0,0,0,62.81,0.023,-2.506
"2019-03-01 22:58:00",0,28.63,0.035,0,0,0,0,0,0,0,62.76,0,-2.343
"2019-03-01 22:59:00",0,28.68,0.035,0,0,0,0,0,0,0,62.72,0,-2.323
"2019-03-01 23:00:00",0,28.67,0.035,0,0,0,0,0,0,0,62.62,0,-2.109
"2019-03-01 23:01:00",0,28.65,0.035,0,0,0,0,0,0,0,62.7,0.034,-2.202
"2019-03-01 23:02:00",0,28.58,0.035,0,0,0,0,0,0,0,62.77,0.034,-2.276
"2019-03-01 23:03:00",0,28.61,0.034,0,0,0,0,0,0,0,62.69,0,-2.049
"2019-03-01 23:04:00",0,28.69,0.035,0,0,0,0,0,0,0,62.72,0,-2.075
"2019-03-01 23:05:00",0,28.67,0.035,0,0,0,0,0,0,0,62.63,0,-2.211
"2019-03-01 23:06:00",0,28.68,0.034,0,0,0,0,0,0,0,62.7,0.068,-2.428
"2019-03-01 23:07:00",0,28.68,0.035,0,0,0,0,0,0,0,62.64,0,-2.28
"2019-03-01 23:08:00",0,28.6,0.036,0,0,0,0,0,0,0,62.51,0,-2.467
"2019-03-01 23:09:00",0,28.68,0.035,0,0,0,0,0,0,0,62.53,0,-2.271
"2019-03-01 23:10:00",0,28.73,0.035,0,0,0,0,0,0,0,62.6,0.023,-2.196
"2019-03-01 23:11:00",0,28.73,0.035,0,0,0,0,0,0,0,62.73,0.011,-2.256
"2019-03-01 23:12:00",0,28.74,0.035,0,0,0,0,0,0,0,62.74,0.011,-2.29
"2019-03-01 23:13:00",0,28.76,0.035,0,0,0,0,0,0,0,62.67,0.023,-2.465
"2019-03-01 23:14:00",0,28.74,0.036,0,0,0,0,0,0,0,62.77,0.011,-2.17
"2019-03-01 23:15:00",0,28.71,0.037,0,0,0,0,0,0,0,62.74,0.011,-2.364
"2019-03-01 23:16:00",0,28.74,0.036,0,0,0,0,0,0,0,62.63,0.011,-2.378
"2019-03-01 23:17:00",0,28.8,0.035,0,0,0,0,0,0,0,62.66,0.011,-2.407
"2019-03-01 23:18:00",0,28.8,0.036,0,0,0,0,0,0,0,62.76,0,-2.26
"2019-03-01 23:19:00",0,28.81,0.035,0,0,0,0,0,0,0,62.78,0.011,-2.429
"2019-03-01 23:20:00",0,28.76,0.035,0,0,0,0,0,0,0,62.74,0.011,-2.309
"2019-03-01 23:21:00",0,28.66,0.034,0,0,0,0,0,0,0,62.67,0,-2.878
"2019-03-01 23:22:00",0,28.73,0.035,0,0,0,0,0,0,0,62.81,0.011,-2.321
"2019-03-01 23:23:00",0,28.72,0.035,0,0,0,0,0,0,0,62.76,0,-2.222
"2019-03-01 23:24:00",0,28.68,0.034,0,0,0,0,0,0,0,62.92,0.011,-2.196
"2019-03-01 23:25:00",0,28.76,0.034,0,0,0,0,0,0,0,62.87,0,-2.488
"2019-03-01 23:26:00",0,28.73,0.034,0,0,0,0,0,0,0,62.75,0.011,-2.22
"2019-03-01 23:27:00",0,28.7,0.034,0,0,0,0,0,0,0,62.87,0,-2.174
"2019-03-01 23:28:00",0,28.73,0.035,0,0,0,0,0,0,0,62.66,0,-2.011
"2019-03-01 23:29:00",0,28.67,0.034,0,0,0,0,0,0,0,62.71,0.011,-2.219
"2019-03-01 23:30:00",0,28.83,0.034,0,0,0,0,0,0,0,62.83,0,-2.403
"2019-03-01 23:31:00",0,28.75,0.034,0,0,0,0,0,0,0,62.69,0,-2.53
"2019-03-01 23:32:00",0,28.8,0.034,0,0,0,0,0,0,0,62.82,0,-2.3
"2019-03-01 23:33:00",0,28.74,0.034,0,0,0,0,0,0,0,62.73,0.023,-2.245
"2019-03-01 23:34:00",0,28.73,0.034,0,0,0,0,0,0,0,62.76,0,-2.333
"2019-03-01 23:35:00",0,28.7,0.034,0,0,0,0,0,0,0,62.54,0,-2.358
"2019-03-01 23:36:00",0,28.64,0.034,0,0,0,0,0,0,0,62.45,0.011,-2.374
"2019-03-01 23:37:00",0,28.65,0.034,0,0,0,0,0,0,0,62.47,0.011,-2.199
"2019-03-01 23:38:00",0,28.7,0.034,0,0,0,0,0,0,0,62.37,0.023,-2.283
"2019-03-01 23:39:00",0,28.69,0.034,0,0,0,0,0,0,0,62.63,0.011,-2.358
"2019-03-01 23:40:00",0,28.75,0.034,0,0,0,0,0,0,0,62.63,0.011,-2.268
"2019-03-01 23:41:00",0,28.74,0.034,0,0,0,0,0,0,0,62.76,0.011,-2.235
"2019-03-01 23:42:00",0,28.74,0.033,0,0,0,0,0,0,0,62.8,0,-2.354
"2019-03-01 23:43:00",0,28.75,0.034,0,0,0,0,0,0,0,62.83,0,-2.189
"2019-03-01 23:44:00",0,28.61,0.033,0,0,0,0,0,0,0,62.83,0,-2.03
"2019-03-01 23:45:00",0,28.72,0.034,0,0,0,0,0,0,0,63.09,0,-2.137
"2019-03-01 23:46:00",0,28.73,0.034,0,0,0,0,0,0,0,77.32,0,-2.453
"2019-03-01 23:47:00",0,28.78,0.034,0,0,0,0,0,0,0,153.6,0.034,-2.478
"2019-03-01 23:48:00",0,28.83,0.034,0,0,0,0,0,0,0,153,0.045,-2.289
"2019-03-01 23:49:00",0,28.82,0.034,0,0,0,0,0,0,0,152.3,0.011,-2.403
"2019-03-01 23:50:00",0,28.81,0.034,0,0,0,0,0,0,0,152,0.011,-2.039
"2019-03-01 23:51:00",0,28.75,0.034,0,0,0,0,0,0,0,152,0.023,-2.253
"2019-03-01 23:52:00",0,28.93,0.034,0,0,0,0,0,0,0,151.7,0.091,-2.315
"2019-03-01 23:53:00",0,28.96,0.033,0,0,0,0,0,0,0,151.4,0,-2.153
"2019-03-01 23:54:00",0,28.94,0.034,0,0,0,0,0,0,0,151.4,0.023,-2.404
"2019-03-01 23:55:00",0,28.95,0.034,0,0,0,0,0,0,0,150.9,0,-2.158
"2019-03-01 23:56:00",0,29,0.034,0,0,0,0,0,0,0,150.6,0.023,-2.382
"2019-03-01 23:57:00",0,28.92,0.034,0,0,0,0,0,0,0,150.3,0.023,-2.294
"2019-03-01 23:58:00",0,28.9,0.035,0,0,0,0,0,0,0,149.7,0,-2.466
"2019-03-01 23:59:00",0,28.93,0.035,0,0,0,0,0,0,0,149.4,0.011,-2.065
