"TOA5","CR1000","CR1000","6428","CR1000.Std.10","CPU:MED_RAD.CR1","22591","Dados"
"TIMESTAMP","Radiacao_Avg","Temp_Cel_Avg","Temp_Amb_Avg","Tensao_S1_Avg","Corrente_S1_Avg","Potencia_S1_Avg","Tensao_S2_Avg","Corrente_S2_Avg","Potencia_S2_Avg","Potencia_FV_Avg","Demanda_Avg","FP_FV_Avg","Tensao_Rede_Avg"
"TS","W/m^2","C","C","V","A","W","V","A","W","W","W","%","V"
"","Avg","Avg","Avg","Avg","Avg","Avg","Avg","Avg","Avg","Avg","Avg","Avg","Avg"
"2019-03-02 00:00:00",0,28.8,0.034,0,0,0,0,0,0,0,149,0,-2.358
"2019-03-02 00:01:00",0,28.76,0.034,0,0,0,0,0,0,0,148.4,0,-2.119
"2019-03-02 00:02:00",0,28.63,0.035,0,0,0,0,0,0,0,147.8,0,-2.175
"2019-03-02 00:03:00",0,28.59,0.035,0,0,0,0,0,0,0,147.4,0.023,-2.244
"2019-03-02 00:04:00",0,28.55,0.034,0,0,0,0,0,0,0,146.9,0.023,-2.232
"2019-03-02 00:05:00",0,28.56,0.035,0,0,0,0,0,0,0,146.5,0.011,-2.321
"2019-03-02 00:06:00",0,28.56,0.035,0,0,0,0,0,0,0,146,0.011,-2.405
"2019-03-02 00:07:00",0,28.5,0.035,0,0,0,0,0,0,0,145.2,0.057,-2.253
"2019-03-02 00:08:00",0,28.56,0.035,0,0,0,0,0,0,0,144.2,0,-2.358
"2019-03-02 00:09:00",0,28.54,0.035,0,0,0,0,0,0,0,143.7,0.023,-2.263
"2019-03-02 00:10:00",0,28.52,0.035,0,0,0,0,0,0,0,143.2,0,-1.987
"2019-03-02 00:11:00",0,28.4,0.035,0,0,0,0,0,0,0,142.9,0.023,-2.009
"2019-03-02 00:12:00",0,28.4,0.035,0,0,0,0,0,0,0,142.4,0.011,-2.169
"2019-03-02 00:13:00",0,28.51,0.035,0,0,0,0,0,0,0,142.1,0.011,-2.275
"2019-03-02 00:14:00",0,28.43,0.035,0,0,0,0,0,0,0,100.8,0,-2.265
"2019-03-02 00:15:00",0,28.41,0.035,0,0,0,0,0,0,0,62.66,0.011,-2.344
"2019-03-02 00:16:00",0,28.39,0.035,0,0,0,0,0,0,0,62.82,0,-2.208
"2019-03-02 00:17:00",0,28.33,0.034,0,0,0,0,0,0,0,62.62,0,-2.593
"2019-03-02 00:18:00",0,28.32,0.035,0,0,0,0,0,0,0,62.63,0.011,-2.273
"2019-03-02 00:19:00",0,28.36,0.034,0,0,0,0,0,0,0,62.72,0.023,-2.495
"2019-03-02 00:20:00",0,28.41,0.034,0,0,0,0,0,0,0,62.65,0.034,-2.221
"2019-03-02 00:21:00",0,28.34,0.034,0,0,0,0,0,0,0,62.5,0.023,-2.411
"2019-03-02 00:22:00",0,28.36,0.034,0,0,0,0,0,0,0,62.39,0.011,-2.233
"2019-03-02 00:23:00",0,28.38,0.033,0,0,0,0,0,0,0,62.5,0,-2.63
"2019-03-02 00:24:00",0,28.37,0.034,0,0,0,0,0,0,0,62.52,0.011,-2.274
"2019-03-02 00:25:00",0,28.36,0.034,0,0,0,0,0,0,0,62.55,0,-2.375
"2019-03-02 00:26:00",0,28.34,0.034,0,0,0,0,0,0,0,62.58,0,-2.29
"2019-03-02 00:27:00",0,28.32,0.034,0,0,0,0,0,0,0,62.71,0.034,-2.642
"2019-03-02 00:28:00",0,28.32,0.033,0,0,0,0,0,0,0,62.49,0.011,-2.432
"2019-03-02 00:29:00",0,28.24,0.033,0,0,0,0,0,0,0,62.62,0.011,-2.284
"2019-03-02 00:30:00",0,28.19,0.034,0,0,0,0,0,0,0,62.44,0.011,-2.215
"2019-03-02 00:31:00",0,28.25,0.033,0,0,0,0,0,0,0,62.66,0,-2.099
"2019-03-02 00:32:00",0,28.21,0.034,0,0,0,0,0,0,0,62.76,0.034,-2.294
"2019-03-02 00:33:00",0,28.23,0.034,0,0,0,0,0,0,0,62.56,0,-2.309
"2019-03-02 00:34:00",0,28.21,0.034,0,0,0,0,0,0,0,62.66,0,-2.118
"2019-03-02 00:35:00",0,28.28,0.035,0,0,0,0,0,0,0,62.81,0,-2.45
"2019-03-02 00:36:00",0,28.32,0.033,0,0,0,0,0,0,0,62.61,0,-2.245
"2019-03-02 00:37:00",0,28.32,0.034,0,0,0,0,0,0,0,62.47,0,-2.299
"2019-03-02 00:38:00",0,28.35,0.034,0,0,0,0,0,0,0,62.65,0.011,-2.284
"2019-03-02 00:39:00",0,28.41,0.034,0,0,0,0,0,0,0,62.58,0.011,-2.246
"2019-03-02 00:40:00",0,28.39,0.033,0,0,0,0,0,0,0,62.56,0.011,-2.349
"2019-03-02 00:41:00",0,28.31,0.034,0,0,0,0,0,0,0,62.59,0.011,-2.337
"2019-03-02 00:42:00",0,28.27,0.033,0,0,0,0,0,0,0,62.44,0.034,-2.382
"2019-03-02 00:43:00",0,28.27,0.034,0,0,0,0,0,0,0,62.4,0,-2.365
"2019-03-02 00:44:00",0,28.19,0.034,0,0,0,0,0,0,0,62.37,0.011,-2.135
"2019-03-02 00:45:00",0,28.13,0.035,0,0,0,0,0,0,0,69.21,0,-2.223
"2019-03-02 00:46:00",0,28.04,0.035,0,0,0,0,0,0,0,149.2,0.011,-2.342
"2019-03-02 00:47:00",0,27.96,0.034,0,0,0,0,0,0,0,147.3,0.011,-2.391
"2019-03-02 00:48:00",0,28.05,0.034,0,0,0,0,0,0,0,149.5,0,-2.138
"2019-03-02 00:49:00",0,27.97,0.034,0,0,0,0,0,0,0,149.3,0.023,-2.241
"2019-03-02 00:50:00",0,27.9,0.034,0,0,0,0,0,0,0,149.2,0.034,-2.353
"2019-03-02 00:51:00",0,27.84,0.035,0,0,0,0,0,0,0,149.1,0,-2.244
"2019-03-02 00:52:00",0,27.88,0.034,0,0,0,0,0,0,0,149.1,0,-2.337
"2019-03-02 00:53:00",0,27.85,0.034,0,0,0,0,0,0,0,148.6,0.011,-2.361
"2019-03-02 00:54:00",0,27.88,0.034,0,0,0,0,0,0,0,148.3,0,-2.198
"2019-03-02 00:55:00",0,27.91,0.035,0,0,0,0,0,0,0,148.3,0.023,-2.375
"2019-03-02 00:56:00",0,27.93,0.034,0,0,0,0,0,0,0,148.3,0,-2.487
"2019-03-02 00:57:00",0,27.93,0.034,0,0,0,0,0,0,0,148.3,0,-2.242
"2019-03-02 00:58:00",0,27.89,0.034,0,0,0,0,0,0,0,148.9,0,-2.296
"2019-03-02 00:59:00",0,27.89,0.034,0,0,0,0,0,0,0,149,0.011,-2.299
"2019-03-02 01:00:00",0,27.78,0.034,0,0,0,0,0,0,0,148.9,0.023,-2.3
"2019-03-02 01:01:00",0,27.89,0.034,0,0,0,0,0,0,0,148.4,0.011,-2.398
"2019-03-02 01:02:00",0,27.96,0.034,0,0,0,0,0,0,0,148.2,0,-2.187
"2019-03-02 01:03:00",0,27.89,0.034,0,0,0,0,0,0,0,148.2,0,-2.354
"2019-03-02 01:04:00",0,27.91,0.034,0,0,0,0,0,0,0,148.5,0,-2.257
"2019-03-02 01:05:00",0,27.89,0.034,0,0,0,0,0,0,0,148.2,0.023,-2.224
"2019-03-02 01:06:00",0,27.95,0.034,0,0,0,0,0,0,0,148,0.023,-2.489
"2019-03-02 01:07:00",0,27.93,0.034,0,0,0,0,0,0,0,147.8,0,-2.306
"2019-03-02 01:08:00",0,27.88,0.033,0,0,0,0,0,0,0,147.5,0,-2.245
"2019-03-02 01:09:00",0,28.04,0.033,0,0,0,0,0,0,0,147.8,0.011,-2.405
"2019-03-02 01:10:00",0,28.04,0.033,0,0,0,0,0,0,0,147.8,0,-2.253
"2019-03-02 01:11:00",0,28.08,0.033,0,0,0,0,0,0,0,148,0.011,-2.211
"2019-03-02 01:12:00",0,28.03,0.033,0,0,0,0,0,0,0,148,0.023,-2.245
"2019-03-02 01:13:00",0,28.09,0.033,0,0,0,0,0,0,0,147.9,0,-2.235
"2019-03-02 01:14:00",0,28.08,0.032,0,0,0,0,0,0,0,147.9,0.023,-2.263
"2019-03-02 01:15:00",0,28.01,0.032,0,0,0,0,0,0,0,147.7,0.011,-2.451
"2019-03-02 01:16:00",0,27.89,0.033,0,0,0,0,0,0,0,148,0.011,-2.413
"2019-03-02 01:17:00",0,27.91,0.032,0,0,0,0,0,0,0,147.7,0.011,-2.391
"2019-03-02 01:18:00",0,27.82,0.032,0,0,0,0,0,0,0,147.8,0.011,-2.238
"2019-03-02 01:19:00",0,27.87,0.032,0,0,0,0,0,0,0,147.6,0.011,-2.262
"2019-03-02 01:20:00",0,27.87,0.032,0,0,0,0,0,0,0,147.8,0,-2.332
"2019-03-02 01:21:00",0,27.86,0.032,0,0,0,0,0,0,0,147.9,0.034,-2.301
"2019-03-02 01:22:00",0,27.96,0.032,0,0,0,0,0,0,0,148.2,0.011,-2.333
"2019-03-02 01:23:00",0,27.99,0.032,0,0,0,0,0,0,0,148.2,0,-2.228
"2019-03-02 01:24:00",0,27.96,0.032,0,0,0,0,0,0,0,148.2,0.011,-2.304
"2019-03-02 01:25:00",0,27.86,0.032,0,0,0,0,0,0,0,148.1,0.011,-2.211
"2019-03-02 01:26:00",0,27.83,0.031,0,0,0,0,0,0,0,147.9,0,-2.35
"2019-03-02 01:27:00",0,27.84,0.032,0,0,0,0,0,0,0,148.1,0.011,-2.319
"2019-03-02 01:28:00",0,27.85,0.032,0,0,0,0,0,0,0,112.4,0,-2.294
"2019-03-02 01:29:00",0,27.9,0.032,0,0,0,0,0,0,0,62.47,0.045,-2.249
"2019-03-02 01:30:00",0,27.92,0.032,0,0,0,0,0,0,0,62.33,0.011,-1.963
"2019-03-02 01:31:00",0,27.94,0.031,0,0,0,0,0,0,0,80.6,0.034,-2.361
"2019-03-02 01:32:00",0,27.91,0.032,0,0,0,0,0,0,0,152.7,0,-2.259
"2019-03-02 01:33:00",0,27.87,0.031,0,0,0,0,0,0,0,152.2,0.023,-2.344
"2019-03-02 01:34:00",0,27.86,0.032,0,0,0,0,0,0,0,151.5,0,-2.174
"2019-03-02 01:35:00",0,27.95,0.032,0,0,0,0,0,0,0,151,0,-2.294
"2019-03-02 01:36:00",0,27.95,0.031,0,0,0,0,0,0,0,151,0,-2.47
"2019-03-02 01:37:00",0,27.92,0.031,0,0,0,0,0,0,0,150.7,0,-2.22
"2019-03-02 01:38:00",0,27.82,0.032,0,0,0,0,0,0,0,150.6,0.011,-2.513
"2019-03-02 01:39:00",0,27.79,0.031,0,0,0,0,0,0,0,150.3,0.034,-2.236
"2019-03-02 01:40:00",0,27.83,0.032,0,0,0,0,0,0,0,150.1,0.011,-2.318
"2019-03-02 01:41:00",0,27.86,0.032,0,0,0,0,0,0,0,149.9,0.023,-2.168
"2019-03-02 01:42:00",0,27.91,0.032,0,0,0,0,0,0,0,149.5,0,-2.308
"2019-03-02 01:43:00",0,27.83,0.032,0,0,0,0,0,0,0,149,0.034,-2.379
"2019-03-02 01:44:00",0,27.8,0.032,0,0,0,0,0,0,0,148.7,0,-2.25
"2019-03-02 01:45:00",0,27.77,0.032,0,0,0,0,0,0,0,148.2,0.023,-2.249
"2019-03-02 01:46:00",0,27.8,0.032,0,0,0,0,0,0,0,147.8,0,-2.293
"2019-03-02 01:47:00",0,27.82,0.032,0,0,0,0,0,0,0,147,0.023,-2.292
"2019-03-02 01:48:00",0,27.75,0.032,0,0,0,0,0,0,0,146.8,0.023,-2.329
"2019-03-02 01:49:00",0,27.74,0.032,0,0,0,0,0,0,0,146.2,0.011,-2.302
"2019-03-02 01:50:00",0,27.74,0.032,0,0,0,0,0,0,0,145.7,0,-2.313
"2019-03-02 01:51:00",0,27.84,0.032,0,0,0,0,0,0,0,145.3,0,-2.313
"2019-03-02 01:52:00",0,27.9,0.032,0,0,0,0,0,0,0,144.7,0.011,-2.314
"2019-03-02 01:53:00",0,28.01,0.032,0,0,0,0,0,0,0,143.8,0.011,-2.296
"2019-03-02 01:54:00",0,28.07,0.032,0,0,0,0,0,0,0,143,0.034,-2.323
"2019-03-02 01:55:00",0,28.12,0.032,0,0,0,0,0,0,0,142.6,0.011,-2.271
"2019-03-02 01:56:00",0,28.12,0.032,0,0,0,0,0,0,0,142.3,0.023,-2.292
"2019-03-02 01:57:00",0,28.12,0.032,0,0,0,0,0,0,0,142,0.023,-2.297
"2019-03-02 01:58:00",0,28.06,0.032,0,0,0,0,0,0,0,141.8,0.023,-2.288
"2019-03-02 01:59:00",0,28.1,0.032,0,0,0,0,0,0,0,79.74,0.023,-2.288
"2019-03-02 02:00:00",0,28.05,0.032,0,0,0,0,0,0,0,62.48,0.011,-2.308
"2019-03-02 02:01:00",0,28.04,0.032,0,0,0,0,0,0,0,62.56,0,-2.324
"2019-03-02 02:02:00",0,27.92,0.032,0,0,0,0,0,0,0,62.51,0.011,-2.302
"2019-03-02 02:03:00",0,27.85,0.032,0,0,0,0,0,0,0,62.41,0,-2.283
"2019-03-02 02:04:00",0,27.81,0.032,0,0,0,0,0,0,0,62.58,0,-2.252
"2019-03-02 02:05:00",0,27.72,0.032,0,0,0,0,0,0,0,62.54,0.023,-2.307
"2019-03-02 02:06:00",0,27.67,0.033,0,0,0,0,0,0,0,62.4,0,-2.303
"2019-03-02 02:07:00",0,27.75,0.032,0,0,0,0,0,0,0,62.43,0.023,-2.325
"2019-03-02 02:08:00",0,27.66,0.032,0,0,0,0,0,0,0,62.31,0.034,-2.284
"2019-03-02 02:09:00",0,27.62,0.032,0,0,0,0,0,0,0,62.37,0.023,-2.288
"2019-03-02 02:10:00",0,27.7,0.032,0,0,0,0,0,0,0,62.31,0.011,-2.321
"2019-03-02 02:11:00",0,27.7,0.032,0,0,0,0,0,0,0,62.37,0,-2.303
"2019-03-02 02:12:00",0,27.76,0.032,0,0,0,0,0,0,0,62.32,0.011,-2.273
"2019-03-02 02:13:00",0,27.79,0.032,0,0,0,0,0,0,0,62.54,0,-2.259
"2019-03-02 02:14:00",0,27.78,0.033,0,0,0,0,0,0,0,62.59,0,-2.207
"2019-03-02 02:15:00",0,27.81,0.032,0,0,0,0,0,0,0,62.56,0.011,-2.218
"2019-03-02 02:16:00",0,27.81,0.032,0,0,0,0,0,0,0,62.6,0,-2.158
"2019-03-02 02:17:00",0,27.87,0.033,0,0,0,0,0,0,0,62.41,0.011,-2.219
"2019-03-02 02:18:00",0,27.91,0.033,0,0,0,0,0,0,0,62.65,0.011,-2.246
"2019-03-02 02:19:00",0,27.86,0.033,0,0,0,0,0,0,0,62.6,0.011,-2.315
"2019-03-02 02:20:00",0,27.85,0.033,0,0,0,0,0,0,0,62.6,0.011,-2.237
"2019-03-02 02:21:00",0,27.75,0.033,0,0,0,0,0,0,0,62.63,0,-2.245
"2019-03-02 02:22:00",0,27.8,0.033,0,0,0,0,0,0,0,62.6,0,-2.242
"2019-03-02 02:23:00",0,27.79,0.033,0,0,0,0,0,0,0,62.6,0.023,-2.32
"2019-03-02 02:24:00",0,27.86,0.032,0,0,0,0,0,0,0,62.44,0.034,-2.293
"2019-03-02 02:25:00",0,27.85,0.033,0,0,0,0,0,0,0,62.75,0,-2.112
"2019-03-02 02:26:00",0,27.87,0.033,0,0,0,0,0,0,0,62.72,0.023,-2.027
"2019-03-02 02:27:00",0,27.94,0.033,0,0,0,0,0,0,0,62.64,0.011,-2.17
"2019-03-02 02:28:00",0,27.97,0.033,0,0,0,0,0,0,0,62.67,0,-2.382
"2019-03-02 02:29:00",0,28.09,0.033,0,0,0,0,0,0,0,62.51,0,-2.217
"2019-03-02 02:30:00",0,28.19,0.033,0,0,0,0,0,0,0,62.61,0.023,-2.378
"2019-03-02 02:31:00",0,28.27,0.033,0,0,0,0,0,0,0,62.5,0.023,-2.246
"2019-03-02 02:32:00",0,28.25,0.033,0,0,0,0,0,0,0,62.53,0.023,-2.244
"2019-03-02 02:33:00",0,28.2,0.033,0,0,0,0,0,0,0,62.62,0.011,-2.244
"2019-03-02 02:34:00",0,28.2,0.033,0,0,0,0,0,0,0,62.56,0.011,-2.255
"2019-03-02 02:35:00",0,28.09,0.033,0,0,0,0,0,0,0,62.64,0.011,-2.239
"2019-03-02 02:36:00",0,28.12,0.033,0,0,0,0,0,0,0,62.88,0,-2.217
"2019-03-02 02:37:00",0,28.13,0.033,0,0,0,0,0,0,0,62.81,0,-2.282
"2019-03-02 02:38:00",0,28.05,0.034,0,0,0,0,0,0,0,62.75,0.011,-2.251
"2019-03-02 02:39:00",0,28.03,0.034,0,0,0,0,0,0,0,62.67,0.011,-2.248
"2019-03-02 02:40:00",0,28.06,0.034,0,0,0,0,0,0,0,62.51,0.023,-2.258
"2019-03-02 02:41:00",0,28.01,0.034,0,0,0,0,0,0,0,62.61,0.011,-2.241
"2019-03-02 02:42:00",0,27.96,0.034,0,0,0,0,0,0,0,62.63,0.011,-2.246
"2019-03-02 02:43:00",0,27.98,0.034,0,0,0,0,0,0,0,62.62,0,-2.24
"2019-03-02 02:44:00",0,27.89,0.034,0,0,0,0,0,0,0,62.51,0.011,-2.257
"2019-03-02 02:45:00",0,27.87,0.034,0,0,0,0,0,0,0,62.6,0,-2.24
"2019-03-02 02:46:00",0,27.85,0.034,0,0,0,0,0,0,0,62.74,0.011,-2.29
"2019-03-02 02:47:00",0,27.73,0.034,0,0,0,0,0,0,0,62.39,0,-2.223
"2019-03-02 02:48:00",0,27.63,0.034,0,0,0,0,0,0,0,62.86,0,-2.307
"2019-03-02 02:49:00",0,27.57,0.034,0,0,0,0,0,0,0,62.37,0.011,-2.217
"2019-03-02 02:50:00",0,27.44,0.034,0,0,0,0,0,0,0,62.78,0,-2.263
"2019-03-02 02:51:00",0,27.43,0.033,0,0,0,0,0,0,0,62.73,0.023,-2.394
"2019-03-02 02:52:00",0,27.38,0.034,0,0,0,0,0,0,0,62.69,0,-2.279
"2019-03-02 02:53:00",0,27.38,0.034,0,0,0,0,0,0,0,62.74,0,-2.324
"2019-03-02 02:54:00",0,27.41,0.034,0,0,0,0,0,0,0,62.52,0.023,-2.339
"2019-03-02 02:55:00",0,27.4,0.034,0,0,0,0,0,0,0,62.51,0.023,-2.229
"2019-03-02 02:56:00",0,27.37,0.034,0,0,0,0,0,0,0,62.45,0.011,-2.338
"2019-03-02 02:57:00",0,27.43,0.034,0,0,0,0,0,0,0,62.8,0.034,-2.353
"2019-03-02 02:58:00",0,27.46,0.034,0,0,0,0,0,0,0,62.63,0.011,-2.229
"2019-03-02 02:59:00",0,27.4,0.034,0,0,0,0,0,0,0,62.65,0.011,-2.367
"2019-03-02 03:00:00",0,27.46,0.033,0,0,0,0,0,0,0,62.59,0,-2.334
"2019-03-02 03:01:00",0,27.54,0.034,0,0,0,0,0,0,0,62.59,0,-2.205
"2019-03-02 03:02:00",0,27.59,0.034,0,0,0,0,0,0,0,62.47,0.023,-2.123
"2019-03-02 03:03:00",0,27.61,0.034,0,0,0,0,0,0,0,62.58,0,-2.232
"2019-03-02 03:04:00",0,27.65,0.034,0,0,0,0,0,0,0,62.48,0,-2.632
"2019-03-02 03:05:00",0,27.61,0.034,0,0,0,0,0,0,0,62.54,0,-1.861
"2019-03-02 03:06:00",0,27.6,0.034,0,0,0,0,0,0,0,62.69,0,-2.194
"2019-03-02 03:07:00",0,27.58,0.034,0,0,0,0,0,0,0,62.84,0,-2.28
"2019-03-02 03:08:00",0,27.49,0.034,0,0,0,0,0,0,0,62.6,0,-2.151
"2019-03-02 03:09:00",0,27.42,0.034,0,0,0,0,0,0,0,62.75,0,-2.295
"2019-03-02 03:10:00",0,27.38,0.034,0,0,0,0,0,0,0,62.55,0,-2.057
"2019-03-02 03:11:00",0,27.36,0.034,0,0,0,0,0,0,0,62.52,0.011,-2.428
"2019-03-02 03:12:00",0,27.35,0.034,0,0,0,0,0,0,0,62.61,0.011,-2.459
"2019-03-02 03:13:00",0,27.29,0.035,0,0,0,0,0,0,0,62.71,0,-2.33
"2019-03-02 03:14:00",0,27.31,0.035,0,0,0,0,0,0,0,62.69,0,-1.853
"2019-03-02 03:15:00",0,27.33,0.034,0,0,0,0,0,0,0,62.44,0,-2.264
"2019-03-02 03:16:00",0,27.3,0.034,0,0,0,0,0,0,0,107.8,0,-2.351
"2019-03-02 03:17:00",0,27.31,0.034,0,0,0,0,0,0,0,152.9,0,-2.057
"2019-03-02 03:18:00",0,27.32,0.034,0,0,0,0,0,0,0,152.8,0,-2.271
"2019-03-02 03:19:00",0,27.28,0.035,0,0,0,0,0,0,0,152,0.011,-2.292
"2019-03-02 03:20:00",0,27.22,0.034,0,0,0,0,0,0,0,152.2,0,-2.128
"2019-03-02 03:21:00",0,27.17,0.034,0,0,0,0,0,0,0,152,0,-2.286
"2019-03-02 03:22:00",0,27.14,0.035,0,0,0,0,0,0,0,151.8,0,-2.149
"2019-03-02 03:23:00",0,27.11,0.034,0,0,0,0,0,0,0,151.5,0.011,-2.139
"2019-03-02 03:24:00",0,27.06,0.034,0,0,0,0,0,0,0,151.3,0.011,-2.164
"2019-03-02 03:25:00",0,26.99,0.035,0,0,0,0,0,0,0,151.1,0.011,-2.254
"2019-03-02 03:26:00",0,26.92,0.035,0,0,0,0,0,0,0,150.8,0,-2.102
"2019-03-02 03:27:00",0,26.93,0.035,0,0,0,0,0,0,0,150.4,0.011,-2.438
"2019-03-02 03:28:00",0,26.94,0.035,0,0,0,0,0,0,0,149.9,0,-2.558
"2019-03-02 03:29:00",0,26.93,0.035,0,0,0,0,0,0,0,149.4,0,-2.19
"2019-03-02 03:30:00",0,26.95,0.035,0,0,0,0,0,0,0,148.9,0.011,-2.244
"2019-03-02 03:31:00",0,26.93,0.035,0,0,0,0,0,0,0,148.5,0,-2.222
"2019-03-02 03:32:00",0,27.07,0.035,0,0,0,0,0,0,0,148,0.034,-2.208
"2019-03-02 03:33:00",0,27.18,0.035,0,0,0,0,0,0,0,147.8,0.011,-2.195
"2019-03-02 03:34:00",0,27.12,0.035,0,0,0,0,0,0,0,147.3,0.011,-2.231
"2019-03-02 03:35:00",0,27.14,0.035,0,0,0,0,0,0,0,146.6,0.045,-2.321
"2019-03-02 03:36:00",0,27.2,0.036,0,0,0,0,0,0,0,145.9,0.011,-2.215
"2019-03-02 03:37:00",0,27.14,0.036,0,0,0,0,0,0,0,145.7,0,-2.541
"2019-03-02 03:38:00",0,27.15,0.035,0,0,0,0,0,0,0,145.1,0,-2.274
"2019-03-02 03:39:00",0,27.12,0.034,0,0,0,0,0,0,0,144.8,0.011,-2.743
"2019-03-02 03:40:00",0,27.16,0.035,0,0,0,0,0,0,0,144.3,0,-2.001
"2019-03-02 03:41:00",0,27.24,0.034,0,0,0,0,0,0,0,143.6,0,-2.319
"2019-03-02 03:42:00",0,27.15,0.035,0,0,0,0,0,0,0,142.8,0.011,-2.258
"2019-03-02 03:43:00",0,27.18,0.035,0,0,0,0,0,0,0,142.2,0.011,-2.265
"2019-03-02 03:44:00",0,27.23,0.035,0,0,0,0,0,0,0,97.4,0,-2.314
"2019-03-02 03:45:00",0,27.35,0.035,0,0,0,0,0,0,0,62.72,0.011,-2.394
"2019-03-02 03:46:00",0,27.42,0.035,0,0,0,0,0,0,0,62.75,0.011,-2.106
"2019-03-02 03:47:00",0,27.36,0.035,0,0,0,0,0,0,0,62.61,0.034,-2.051
"2019-03-02 03:48:00",0,27.44,0.035,0,0,0,0,0,0,0,62.65,0,-2.507
"2019-03-02 03:49:00",0,27.54,0.036,0,0,0,0,0,0,0,62.69,0,-2.002
"2019-03-02 03:50:00",0,27.61,0.035,0,0,0,0,0,0,0,62.71,0,-2.443
"2019-03-02 03:51:00",0,27.65,0.035,0,0,0,0,0,0,0,62.62,0,-2.248
"2019-03-02 03:52:00",0,27.7,0.035,0,0,0,0,0,0,0,62.51,0,-2.007
"2019-03-02 03:53:00",0,27.84,0.035,0,0,0,0,0,0,0,62.52,0,-2.23
"2019-03-02 03:54:00",0,27.95,0.035,0,0,0,0,0,0,0,62.54,0.011,-2.269
"2019-03-02 03:55:00",0,27.95,0.035,0,0,0,0,0,0,0,62.45,0.011,-2.378
"2019-03-02 03:56:00",0,27.96,0.035,0,0,0,0,0,0,0,62.54,0,-2.271
"2019-03-02 03:57:00",0,27.93,0.035,0,0,0,0,0,0,0,62.61,0,-2.255
"2019-03-02 03:58:00",0,27.94,0.035,0,0,0,0,0,0,0,62.7,0.011,-2.187
"2019-03-02 03:59:00",0,27.96,0.035,0,0,0,0,0,0,0,62.63,0,-1.99
"2019-03-02 04:00:00",0,27.95,0.035,0,0,0,0,0,0,0,62.66,0,-2.302
"2019-03-02 04:01:00",0,27.92,0.035,0,0,0,0,0,0,0,62.41,0,-2.205
"2019-03-02 04:02:00",0,27.91,0.036,0,0,0,0,0,0,0,62.42,0,-2.091
"2019-03-02 04:03:00",0,27.9,0.036,0,0,0,0,0,0,0,62.48,0.011,-2.037
"2019-03-02 04:04:00",0,27.95,0.035,0,0,0,0,0,0,0,62.39,0,-2.39
"2019-03-02 04:05:00",0,27.96,0.035,0,0,0,0,0,0,0,62.47,0,-2.648
"2019-03-02 04:06:00",0,27.91,0.035,0,0,0,0,0,0,0,62.55,0,-2.24
"2019-03-02 04:07:00",0,27.93,0.035,0,0,0,0,0,0,0,62.52,0,-2.341
"2019-03-02 04:08:00",0,27.95,0.035,0,0,0,0,0,0,0,62.48,0.011,-2.192
"2019-03-02 04:09:00",0,27.93,0.035,0,0,0,0,0,0,0,62.54,0,-2.269
"2019-03-02 04:10:00",0,27.94,0.035,0,0,0,0,0,0,0,62.48,0,-2.514
"2019-03-02 04:11:00",0,27.89,0.036,0,0,0,0,0,0,0,62.52,0,-2.571
"2019-03-02 04:12:00",0,27.77,0.036,0,0,0,0,0,0,0,62.41,0.011,-2.312
"2019-03-02 04:13:00",0,27.6,0.036,0,0,0,0,0,0,0,62.33,0,-2.152
"2019-03-02 04:14:00",0,27.56,0.035,0,0,0,0,0,0,0,62.54,0,-2.251
"2019-03-02 04:15:00",0,27.46,0.036,0,0,0,0,0,0,0,62.43,0.011,-2.183
"2019-03-02 04:16:00",0,27.39,0.037,0,0,0,0,0,0,0,62.64,0,-2.405
"2019-03-02 04:17:00",0,27.36,0.036,0,0,0,0,0,0,0,62.61,0,-2.274
"2019-03-02 04:18:00",0,27.26,0.036,0,0,0,0,0,0,0,62.56,0,-2.372
"2019-03-02 04:19:00",0,27.21,0.037,0,0,0,0,0,0,0,62.61,0,-2.486
"2019-03-02 04:20:00",0,27.18,0.037,0,0,0,0,0,0,0,62.5,0.034,-2.244
"2019-03-02 04:21:00",0,27.11,0.037,0,0,0,0,0,0,0,62.64,0,-2.315
"2019-03-02 04:22:00",0,27.02,0.037,0,0,0,0,0,0,0,62.65,0.011,-2.513
"2019-03-02 04:23:00",0,27.01,0.037,0,0,0,0,0,0,0,62.58,0,-2.685
"2019-03-02 04:24:00",0,27.01,0.037,0,0,0,0,0,0,0,62.63,0,-2.366
"2019-03-02 04:25:00",0,26.99,0.037,0,0,0,0,0,0,0,62.62,0.011,-2.542
"2019-03-02 04:26:00",0,26.96,0.036,0,0,0,0,0,0,0,62.67,0,-2.564
"2019-03-02 04:27:00",0,26.93,0.037,0,0,0,0,0,0,0,62.64,0,-2.372
"2019-03-02 04:28:00",0,26.94,0.037,0,0,0,0,0,0,0,62.61,0,-2.282
"2019-03-02 04:29:00",0,26.84,0.036,0,0,0,0,0,0,0,62.61,0,-2.54
"2019-03-02 04:30:00",0,26.81,0.037,0,0,0,0,0,0,0,62.55,0,-2.07
"2019-03-02 04:31:00",0,26.76,0.037,0,0,0,0,0,0,0,62.49,0,-2.025
"2019-03-02 04:32:00",0,26.76,0.037,0,0,0,0,0,0,0,62.48,0,-1.982
"2019-03-02 04:33:00",0,26.71,0.037,0,0,0,0,0,0,0,62.43,0.011,-2.342
"2019-03-02 04:34:00",0,26.63,0.037,0,0,0,0,0,0,0,62.51,0,-2.041
"2019-03-02 04:35:00",0,26.6,0.038,0,0,0,0,0,0,0,62.51,0.011,-2.28
"2019-03-02 04:36:00",0,26.57,0.037,0,0,0,0,0,0,0,62.58,0.011,-2.244
"2019-03-02 04:37:00",0,26.53,0.038,0,0,0,0,0,0,0,62.59,0,-2.421
"2019-03-02 04:38:00",0,26.47,0.037,0,0,0,0,0,0,0,62.51,0,-2.195
"2019-03-02 04:39:00",0,26.4,0.038,0,0,0,0,0,0,0,62.53,0.011,-2.211
"2019-03-02 04:40:00",0,26.3,0.037,0,0,0,0,0,0,0,62.48,0.023,-2.258
"2019-03-02 04:41:00",0,26.25,0.037,0,0,0,0,0,0,0,62.58,0.011,-2.265
"2019-03-02 04:42:00",0,26.22,0.037,0,0,0,0,0,0,0,62.55,0.023,-2.175
"2019-03-02 04:43:00",0,26.3,0.037,0,0,0,0,0,0,0,62.56,0,-2.133
"2019-03-02 04:44:00",0,26.28,0.037,0,0,0,0,0,0,0,62.52,0.011,-2.132
"2019-03-02 04:45:00",0,26.28,0.037,0,0,0,0,0,0,0,62.51,0.011,-2.287
"2019-03-02 04:46:00",0,26.24,0.038,0,0,0,0,0,0,0,62.7,0,-2.452
"2019-03-02 04:47:00",0,26.23,0.037,0,0,0,0,0,0,0,62.69,0,-2.182
"2019-03-02 04:48:00",0,26.29,0.037,0,0,0,0,0,0,0,62.76,0,-1.968
"2019-03-02 04:49:00",0,26.27,0.037,0,0,0,0,0,0,0,62.43,0.011,-1.794
"2019-03-02 04:50:00",0,26.3,0.037,0,0,0,0,0,0,0,62.53,0,-2.278
"2019-03-02 04:51:00",0,26.32,0.037,0,0,0,0,0,0,0,62.54,0.011,-2.177
"2019-03-02 04:52:00",0,26.32,0.037,0,0,0,0,0,0,0,62.58,0.011,-2.269
"2019-03-02 04:53:00",0,26.24,0.037,0,0,0,0,0,0,0,62.58,0,-2.294
"2019-03-02 04:54:00",0,26.23,0.037,0,0,0,0,0,0,0,62.62,0,-2.362
"2019-03-02 04:55:00",0,26.21,0.037,0,0,0,0,0,0,0,62.7,0,-2.221
"2019-03-02 04:56:00",0,26.15,0.037,0,0,0,0,0,0,0,62.7,0,-2.316
"2019-03-02 04:57:00",0,26.11,0.037,0,0,0,0,0,0,0,62.42,0,-2.185
"2019-03-02 04:58:00",0,26.06,0.037,0,0,0,0,0,0,0,62.39,0.023,-2.235
"2019-03-02 04:59:00",0,26.05,0.037,0,0,0,0,0,0,0,62.63,0.011,-2.278
"2019-03-02 05:00:00",0,26.04,0.037,0,0,0,0,0,0,0,62.69,0,-2.14
"2019-03-02 05:01:00",0,26.01,0.037,0,0,0,0,0,0,0,62.53,0.011,-2.249
"2019-03-02 05:02:00",0,25.99,0.037,0,0,0,0,0,0,0,86.7,0,-2.249
"2019-03-02 05:03:00",0,25.96,0.038,0,0,0,0,0,0,0,153.6,0,-2.25
"2019-03-02 05:04:00",0,25.97,0.038,0,0,0,0,0,0,0,152.9,0.011,-2.2
"2019-03-02 05:05:00",0,25.95,0.038,0,0,0,0,0,0,0,152.1,0,-2.328
"2019-03-02 05:06:00",0,25.94,0.038,0,0,0,0,0,0,0,151.7,0,-2.221
"2019-03-02 05:07:00",0,25.94,0.038,0,0,0,0,0,0,0,151.7,0.011,-2.22
"2019-03-02 05:08:00",0,25.99,0.038,0,0,0,0,0,0,0,151.5,0,-2.276
"2019-03-02 05:09:00",0,26.06,0.038,0,0,0,0,0,0,0,151.5,0,-2.304
"2019-03-02 05:10:00",0,26.09,0.038,0,0,0,0,0,0,0,151.3,0,-2.311
"2019-03-02 05:11:00",0,26.16,0.038,0,0,0,0,0,0,0,151.1,0.011,-2.231
"2019-03-02 05:12:00",0,26.22,0.038,0,0,0,0,0,0,0,150.8,0.034,-2.301
"2019-03-02 05:13:00",0,26.31,0.038,0,0,0,0,0,0,0,150.1,0,-2.146
"2019-03-02 05:14:00",0,26.38,0.038,0,0,0,0,0,0,0,149.8,0.034,-2.342
"2019-03-02 05:15:00",0,26.41,0.039,0,0,0,0,0,0,0,149.4,0.011,-2.264
"2019-03-02 05:16:00",0,26.44,0.039,0,0,0,0,0,0,0,149.2,0.011,-2.217
"2019-03-02 05:17:00",0,26.53,0.038,0,0,0,0,0,0,0,148.4,0,-2.095
"2019-03-02 05:18:00",0,26.52,0.039,0,0,0,0,0,0,0,147.9,0.011,-2.307
"2019-03-02 05:19:00",0,26.54,0.039,0,0,0,0,0,0,0,147.5,0,-2.219
"2019-03-02 05:20:00",0,26.48,0.039,0,0,0,0,0,0,0,146.9,0.011,-2.222
"2019-03-02 05:21:00",0,26.49,0.039,0,0,0,0,0,0,0,146.5,0.011,-2.066
"2019-03-02 05:22:00",0,26.49,0.039,0,0,0,0,0,0,0,146,0,-2.257
"2019-03-02 05:23:00",0,26.5,0.039,0,0,0,0,0,0,0,145.2,0,-2.217
"2019-03-02 05:24:00",0,26.49,0.04,0,0,0,0,0,0,0,144.7,0,-2.215
"2019-03-02 05:25:00",0,26.48,0.04,0,0,0,0,0,0,0,144.3,0,-2.233
"2019-03-02 05:26:00",0,26.51,0.039,0,0,0,0,0,0,0,143.9,0,-2.246
"2019-03-02 05:27:00",0,26.5,0.039,0,0,0,0,0,0,0,143.5,0,-2.256
"2019-03-02 05:28:00",0,26.52,0.04,0,0,0,0,0,0,0,150.8,0.011,-2.112
"2019-03-02 05:29:00",0,26.52,0.04,0,0,0,0,0,0,0,229.6,0.011,-2.266
"2019-03-02 05:30:00",0,26.49,0.039,0,0,0,0,0,0,0,160,0.011,-2.489
"2019-03-02 05:31:00",0,26.48,0.04,0,0,0,0,0,0,0,151,0,-2.196
"2019-03-02 05:32:00",0,26.5,0.04,0,0,0,0,0,0,0,151.9,0,-2.132
"2019-03-02 05:33:00",0,26.54,0.04,0,0,0,0,0,0,0,151.9,0,-2.137
"2019-03-02 05:34:00",0,26.52,0.04,0,0,0,0,0,0,0,151.8,0,-2.277
"2019-03-02 05:35:00",0,26.54,0.039,0,0,0,0,0,0,0,151.6,0,-2.423
"2019-03-02 05:36:00",0,26.57,0.04,0,0,0,0,0,0,0,151.4,0,-2.14
"2019-03-02 05:37:00",0,26.56,0.041,0,0,0,0,0,0,0,151.1,0,-2.256
"2019-03-02 05:38:00",0,26.58,0.04,0,0,0,0,0,0,0,151,0.011,-2.286
"2019-03-02 05:39:00",0,26.52,0.04,0,0,0,0,0,0,0,151,0,-1.978
"2019-03-02 05:40:00",0,26.52,0.04,0,0,0,0,0,0,0,151,0,-2.123
"2019-03-02 05:41:00",0,26.53,0.04,0,0,0,0,0,0,0,151,0,-2.15
"2019-03-02 05:42:00",0,26.51,0.04,0,0,0,0,0,0,0,150.7,0.023,-2.233
"2019-03-02 05:43:00",0,26.52,0.04,0,0,0,0,0,0,0,150.3,0,-2.188
"2019-03-02 05:44:00",0,26.51,0.041,0,0,0,0,0,0,0,150.3,0,-2.328
"2019-03-02 05:45:00",0,26.49,0.04,0,0,0,0,0,0,0,150.4,0.011,-2.311
"2019-03-02 05:46:00",0,26.41,0.04,0,0,0,0,0,0,0,150.4,0.011,-2.265
"2019-03-02 05:47:00",0,26.41,0.04,0,0,0,0,0,0,0,150.6,0.011,-2.206
"2019-03-02 05:48:00",0,26.35,0.04,0,0,0,0,0,0,0,150.3,0.011,-2.157
"2019-03-02 05:49:00",0,26.35,0.04,0,0,0,0,0,0,0,150.2,0,-2.27
"2019-03-02 05:50:00",0,26.33,0.04,0,0,0,0,0,0,0,150,0,-2.183
"2019-03-02 05:51:00",0,26.36,0.04,0,0,0,0,0,0,0,150.1,0,-2.14
"2019-03-02 05:52:00",0,26.36,0.041,0,0,0,0,0,0,0,150.2,0.057,-2.277
"2019-03-02 05:53:00",0,26.38,0.04,0,0,0,0,0,0,0,150.1,0,-2.281
"2019-03-02 05:54:00",0,26.37,0.041,0,0,0,0,0,0,0,150.3,0,-1.943
"2019-03-02 05:55:00",0,26.33,0.041,0,0,0,0,0,0,0,149.8,0,-2.114
"2019-03-02 05:56:00",0,26.28,0.041,0,0,0,0,0,0,0,150.2,0,-2.487
"2019-03-02 05:57:00",0,26.22,0.04,0,0,0,0,0,0,0,150.3,0,-2.275
"2019-03-02 05:58:00",0,26.13,0.041,0,0,0,0,0,0,0,150.5,0.011,-2.501
"2019-03-02 05:59:00",0,26.11,0.041,0,0,0,0,0,0,0,150,0.011,-1.97
"2019-03-02 06:00:00",0,26.08,0.041,0,0,0,0,0,0,0,150.1,0.011,-2.37
"2019-03-02 06:01:00",0,26.04,0.041,0,0,0,0,0,0,0,155.5,0.011,-2.507
"2019-03-02 06:02:00",0,26.06,0.04,0,0,0,0,0,0,0,162.6,0,-1.987
"2019-03-02 06:03:00",0,26.02,0.04,0,0,0,0,0,0,0,159.5,0.011,-2.221
"2019-03-02 06:04:00",0,26.04,0.041,0,0,0,0,0,0,0,134.6,0.011,-2.219
"2019-03-02 06:05:00",0,26.05,0.041,0,0,0,0,0,0,0,136.1,0.011,-2.17
"2019-03-02 06:06:00",0,26.02,0.04,0,0,0,0,0,0,0,136.9,0.011,-2.043
"2019-03-02 06:07:00",0,25.98,0.041,0,0,0,0,0,0,0,136.9,0,-2.186
"2019-03-02 06:08:00",0,25.89,0.04,0,0,0,0,0,0,0,135.8,0.011,-1.982
"2019-03-02 06:09:00",0,25.93,0.04,0,0,0,0,0,0,0,135.1,0,-2.382
"2019-03-02 06:10:00",0,25.88,0.04,0,0,0,0,0,0,0,134.9,0,-2.634
"2019-03-02 06:11:00",0,25.93,0.04,0,0,0,0,0,0,0,135.2,0.011,-2.315
"2019-03-02 06:12:00",0,25.94,0.04,0,0,0,0,0,0,0,135.4,0,-2.352
"2019-03-02 06:13:00",0,25.91,0.04,0,0,0,0,0,0,0,135.5,0,-2.275
"2019-03-02 06:14:00",0,25.95,0.04,0,0,0,0,0,0,0,135.2,0,-2.556
"2019-03-02 06:15:00",0,25.98,0.04,0,0,0,0,0,0,0,135.4,0,-2.427
"2019-03-02 06:16:00",0,26,0.04,0,0,0,0,0,0,0,135.1,0,-2.075
"2019-03-02 06:17:00",0,25.99,0.04,0,0,0,0,0,0,0,134.9,0.023,-2.36
"2019-03-02 06:18:00",0,25.99,0.04,0,0,0,0,0,0,0,135,0,-2.602
"2019-03-02 06:19:00",0,26.01,0.04,0,0,0,0,0,0,0,135.1,0,-2.254
"2019-03-02 06:20:00",0,26.03,0.04,0,0,0,0,0,0,0,135.4,0,-2.306
"2019-03-02 06:21:00",0,26.04,0.04,0,0,0,0,0,0,0,135.3,0,-2.311
"2019-03-02 06:22:00",0,25.98,0.04,0,0,0,0,0,0,0,96.6,0,-2.278
"2019-03-02 06:23:00",0,25.92,0.04,0,0,0,0,0,0,0,49.17,0,-2.24
"2019-03-02 06:24:00",0,25.88,0.04,0,0,0,0,0,0,0,49.05,0,-2.339
"2019-03-02 06:25:00",0,25.87,0.04,0,0,0,0,0,0,0,48.97,0,-2.279
"2019-03-02 06:26:00",0,25.84,0.04,0,0,0,0,0,0,0,49.01,0,-2.216
"2019-03-02 06:27:00",0,25.88,0.04,0,0,0,0,0,0,0,49.03,0,-2.243
"2019-03-02 06:28:00",0,25.89,0.039,0,0,0,0,0,0,0,48.9,0,-2.625
"2019-03-02 06:29:00",0,25.91,0.039,0,0,0,0,0,0,0,45.98,0.011,-2.404
"2019-03-02 06:30:00",0,25.87,0.039,0,0,0,0,0,0,0,46.24,0,-2.388
"2019-03-02 06:31:00",0,25.86,0.04,0,0,0,0,0,0,0,46.2,0.011,-2.118
"2019-03-02 06:32:00",0,25.82,0.04,0,0,0,0,0,0,0,46.06,0,-2.144
"2019-03-02 06:33:00",0,25.81,0.04,0,0,0,0,0,0,0,46.19,0,-2.275
"2019-03-02 06:34:00",0,25.8,0.039,0,0,0,0,0,0,0,46.1,0.011,-2.292
"2019-03-02 06:35:00",0,25.8,0.04,0,0,0,0,0,0,0,46.09,0,-2.271
"2019-03-02 06:36:00",0,25.81,0.039,0,0,0,0,0,0,0,45.8,0,-2.304
"2019-03-02 06:37:00",0,25.83,0.04,0,0,0,0,0,0,0,40.69,0,-2.45
"2019-03-02 06:38:00",0,25.83,0.04,0,0,0,0,0,0,0,40.81,0,-2.292
"2019-03-02 06:39:00",0,25.82,0.039,0,0,0,0,0,0,0,40.74,0,-2.238
"2019-03-02 06:40:00",0,25.87,0.039,0,0,0,0,0,0,0,40.51,0.011,-2.378
"2019-03-02 06:41:00",0,25.9,0.04,0,0,0,0,0,0,0,40.59,0.011,-2.267
"2019-03-02 06:42:00",0,25.9,0.04,0,0,0,0,0,0,0,40.49,0,-2.323
"2019-03-02 06:43:00",0,25.9,0.04,0,0,0,0,0,0,0,40.66,0,-2.251
"2019-03-02 06:44:00",0,25.93,0.041,0,0,0,0,0,0,0,40.58,0,-2.089
"2019-03-02 06:45:00",0,25.95,0.04,0,0,0,0,0,0,0,40.47,0.023,-2.453
"2019-03-02 06:46:00",0,25.93,0.04,0,0,0,0,0,0,0,40.58,0,-2.411
"2019-03-02 06:47:00",0,25.92,0.04,0,0,0,0,0,0,0,52.26,0,-2.349
"2019-03-02 06:48:00",0,25.93,0.04,0,0,0,0,0,0,0,130.8,0,-2.25
"2019-03-02 06:49:00",0,25.94,0.039,0,0,0,0,0,0,0,130.2,0,-2.503
"2019-03-02 06:50:00",0,25.99,0.04,0,0,0,0,0,0,0,129.3,0,-2.191
"2019-03-02 06:51:00",0,26.09,0.039,0,0,0,0,0,0,0,128.9,0,-2.168
"2019-03-02 06:52:00",0,26.15,0.04,0,0,0,0,0,0,0,128.8,0,-2.383
"2019-03-02 06:53:00",0,26.14,0.04,0,0,0,0,0,0,0,128.9,0.023,-2.296
"2019-03-02 06:54:00",0,26.19,0.04,0,0,0,0,0,0,0,128.5,0,-2.445
"2019-03-02 06:55:00",0,26.24,0.04,0,0,0,0,0,0,0,127.9,0,-2.25
"2019-03-02 06:56:00",0,26.28,0.04,0,0,0,0,0,0,0,128,0.011,-2.342
"2019-03-02 06:57:00",0,26.31,0.04,0,0,0,0,0,0,0,127.8,0.011,-2.275
"2019-03-02 06:58:00",0,26.28,0.04,0,0,0,0,0,0,0,127.1,0,-2.263
"2019-03-02 06:59:00",0,26.33,0.041,0,0,0,0,0,0,0,126.5,0,-2.291
"2019-03-02 07:00:00",0,26.36,0.04,0,0,0,0,0,0,0,125.9,0,-2.34
"2019-03-02 07:01:00",0,26.41,0.04,0,0,0,0,0,0,0,125.3,0.011,-2.337
"2019-03-02 07:02:00",0,26.42,0.041,0,0,0,0,0,0,0,124.9,0,-2.346
"2019-03-02 07:03:00",0,26.51,0.041,0,0,0,0,0,0,0,124.3,0.011,-2.327
"2019-03-02 07:04:00",0,26.57,0.041,0,0,0,0,0,0,0,124,0,-2.353
"2019-03-02 07:05:00",0,26.66,0.041,0,0,0,0,0,0,0,123.7,0,-2.335
"2019-03-02 07:06:00",0,26.72,0.041,0,0,0,0,0,0,0,123.6,0,-2.296
"2019-03-02 07:07:00",0,26.77,0.041,0,0,0,0,0,0,0,123.1,0,-2.235
"2019-03-02 07:08:00",0,26.83,0.041,0,0,0,0,0,0,0,122.7,0,-2.287
"2019-03-02 07:09:00",0,26.88,0.041,0,0,0,0,0,0,0,121.6,0,-2.302
"2019-03-02 07:10:00",0,26.96,0.041,0,0,0,0,0,0,0,121.1,0,-2.277
"2019-03-02 07:11:00",0,27.03,0.041,0,0,0,0,0,0,0,120.5,0.011,-2.302
"2019-03-02 07:12:00",0,27.09,0.041,0,0,0,0,0,0,0,120.2,0.023,-2.311
"2019-03-02 07:13:00",0,27.19,0.041,0,0,0,0,0,0,0,64.36,0,-2.307
"2019-03-02 07:14:00",0,27.26,0.04,0,0,0,0,0,0,0,40.66,0,-2.255
"2019-03-02 07:15:00",0,27.34,0.041,0,0,0,0,0,0,0,40.84,0.011,-2.291
"2019-03-02 07:16:00",0,27.41,0.04,0,0,0,0,0,0,0,40.59,0,-2.344
"2019-03-02 07:17:00",0,27.52,0.04,0,0,0,0,0,0,0,40.48,0,-2.232
"2019-03-02 07:18:00",0,27.64,0.041,0,0,0,0,0,0,0,40.77,0.023,-2.399
"2019-03-02 07:19:00",0,27.75,0.04,0,0,0,0,0,0,0,40.66,0,-2.544
"2019-03-02 07:20:00",0,27.85,0.041,0,0,0,0,0,0,0,40.6,0,-2.352
"2019-03-02 07:21:00",0,27.98,0.041,0,0,0,0,0,0,0,40.41,0.011,-2.269
"2019-03-02 07:22:00",0,28.15,0.041,0,0,0,0,0,0,0,40.53,0.011,-2.224
"2019-03-02 07:23:00",0,28.31,0.041,0,0,0,0,0,0,0,40.64,0.011,-2.348
"2019-03-02 07:24:00",0,28.5,0.041,0,0,0,0,0,0,0,40.59,0,-2.215
"2019-03-02 07:25:00",0,28.65,0.041,0,0,0,0,0,0,0,40.61,0,-2.298
"2019-03-02 07:26:00",0,28.73,0.041,0,0,0,0,0,0,0,40.45,0.011,-2.295
"2019-03-02 07:27:00",0,28.91,0.041,0,0,0,0,0,0,0,40.63,0,-2.278
"2019-03-02 07:28:00",0,29.12,0.041,0,0,0,0,0,0,0,40.6,0.011,-2.299
"2019-03-02 07:29:00",0,29.37,0.041,0,0,0,0,0,0,0,40.71,0,-2.288
"2019-03-02 07:30:00",0,29.55,0.041,0,0,0,0,0,0,0,40.56,0.023,-2.249
"2019-03-02 07:31:00",0,29.95,0.041,0,0,0,0,0,0,0,40.63,0.011,-2.29
"2019-03-02 07:32:00",0,30.24,0.041,0,0,0,0,0,0,0,40.72,0,-2.277
"2019-03-02 07:33:00",0,30.76,0.041,0,0,0,0,0,0,0,78.62,0.011,-2.271
"2019-03-02 07:34:00",0,31.28,0.041,0,0,0,0,0,0,0,185.8,0.011,-2.294
"2019-03-02 07:35:00",0,31.79,0.041,0,0,0,0,0,0,0,40.86,0.011,-2.327
"2019-03-02 07:36:00",0,32,0.041,0,0,0,0,0,0,0,40.61,0.011,-2.219
"2019-03-02 07:37:00",0,32.5,0.041,0,0,0,0,0,0,0,40.64,0.011,-2.313
"2019-03-02 07:38:00",0,33.13,0.041,0,0,0,0,0,0,0,40.6,0,-2.25
"2019-03-02 07:39:00",0,33.68,0.041,0,0,0,0,0,0,0,40.76,0.011,-2.273
"2019-03-02 07:40:00",0,33.86,0.041,0,0,0,0,0,0,0,40.71,0,-2.284
"2019-03-02 07:41:00",0,33.95,0.041,0,0,0,0,0,0,0,40.51,0.023,-2.313
"2019-03-02 07:42:00",0,34.05,0.041,0,0,0,0,0,0,0,47.1,0,-2.278
"2019-03-02 07:43:00",0,33.86,0.041,0,0,0,0,0,0,0,53.02,0.011,-2.338
"2019-03-02 07:44:00",0,33.53,0.041,0,0,0,0,0,0,0,53.02,0,-2.262
"2019-03-02 07:45:00",0,33.72,0.041,0,0,0,0,0,0,0,53,0,-2.229
"2019-03-02 07:46:00",0,33.96,0.041,0,0,0,0,0,0,0,52.65,0,-2.325
"2019-03-02 07:47:00",0,34.25,0.041,0,0,0,0,0,0,0,65.13,0,-2.302
"2019-03-02 07:48:00",0,34.86,0.041,0,0,0,0,0,0,0,78.26,0,-2.313
"2019-03-02 07:49:00",0,35.13,0.041,0,0,0,0,0,0,0,78.06,0,-2.37
"2019-03-02 07:50:00",0,35.63,0.041,0,0,0,0,0,0,0,68.69,0,-2.226
"2019-03-02 07:51:00",0,35.73,0.041,0,0,0,0,0,0,0,74.52,0,-2.278
"2019-03-02 07:52:00",0,35.13,0.041,0,0,0,0,0,0,0,86.4,0,-2.293
"2019-03-02 07:53:00",0,35.21,0.041,0,0,0,0,0,0,0,88.2,0,-2.301
"2019-03-02 07:54:00",0,35.43,0.042,0,0,0,0,0,0,0,89.5,0,-2.267
"2019-03-02 07:55:00",0,35.52,0.042,0,0,0,0,0,0,0,88,0.011,-2.264
"2019-03-02 07:56:00",0,35.73,0.042,0,0,0,0,0,0,0,87.4,0,-2.278
"2019-03-02 07:57:00",0,36.24,0.042,0,0,0,0,0,0,0,88.2,0,-2.344
"2019-03-02 07:58:00",0,36.19,0.042,0,0,0,0,0,0,0,87.6,0,-2.309
"2019-03-02 07:59:00",0,35.69,0.042,0,0,0,0,0,0,0,85.4,0.011,-2.288
"2019-03-02 08:00:00",0,35.2,0.042,0,0,0,0,0,0,0,84.9,0.011,-2.314
"2019-03-02 08:01:00",0,34.83,0.042,0,0,0,0,0,0,0,86.9,0,-2.291
"2019-03-02 08:02:00",0,34.65,0.042,0,0,0,0,0,0,0,44.17,0,-2.311
"2019-03-02 08:03:00",0,34.59,0.042,0,0,0,0,0,0,0,40.53,0,-2.245
"2019-03-02 08:04:00",0,34.4,0.041,0,0,0,0,0,0,0,40.78,0.023,-2.424
"2019-03-02 08:05:00",0,34.22,0.042,0,0,0,0,0,0,0,40.86,0,-2.357
"2019-03-02 08:06:00",0,34.7,0.042,0,0,0,0,0,0,0,40.53,0,-2.235
"2019-03-02 08:07:00",0,35.44,0.042,0,0,0,0,0,0,0,40.62,0.023,-2.524
"2019-03-02 08:08:00",0,36.25,0.043,0,0,0,0,0,0,0,40.6,0.023,-2.035
"2019-03-02 08:09:00",0,37.17,0.043,0,0,0,0,0,0,0,40.73,0,-2.302
"2019-03-02 08:10:00",0,37.66,0.043,0,0,0,0,0,0,0,40.64,0,-2.336
"2019-03-02 08:11:00",0,38,0.043,0,0,0,0,0,0,0,40.56,0,-2.345
"2019-03-02 08:12:00",0,38.53,0.043,0,0,0,0,0,0,0,40.54,0.011,-2.294
"2019-03-02 08:13:00",0,39.26,0.044,0,0,0,0,0,0,0,40.55,0,-2.296
"2019-03-02 08:14:00",0,40.08,0.044,0,0,0,0,0,0,0,40.49,0,-2.178
"2019-03-02 08:15:00",0,40.85,0.044,0,0,0,0,0,0,0,40.63,0,-2.063
"2019-03-02 08:16:00",0,41.42,0.044,0,0,0,0,0,0,0,40.64,0,-2.253
"2019-03-02 08:17:00",0,41.4,0.044,0,0,0,0,0,0,0,40.59,0,-2.308
"2019-03-02 08:18:00",0,40.51,0.044,0,0,0,0,0,0,0,40.5,0,-2.154
"2019-03-02 08:19:00",0,40.1,0.044,0,0,0,0,0,0,0,40.56,0,-2.278
"2019-03-02 08:20:00",0,39.56,0.044,0,0,0,0,0,0,0,40.69,0.011,-2.191
"2019-03-02 08:21:00",0,39.12,0.044,0,0,0,0,0,0,0,40.7,0,-2.318
"2019-03-02 08:22:00",0,38.64,0.044,0,0,0,0,0,0,0,40.81,0,-2.132
"2019-03-02 08:23:00",0,38.82,0.044,0,0,0,0,0,0,0,40.84,0,-2.756
"2019-03-02 08:24:00",0,39.37,0.044,0,0,0,0,0,0,0,40.69,0,-1.993
"2019-03-02 08:25:00",0,39.97,0.045,0,0,0,0,0,0,0,40.82,0,-2.468
"2019-03-02 08:26:00",0,40.11,0.044,0,0,0,0,0,0,0,40.6,0,-2.363
"2019-03-02 08:27:00",0,39.78,0.044,0,0,0,0,0,0,0,40.77,0,-2.056
"2019-03-02 08:28:00",0,40.06,0.044,0,0,0,0,0,0,0,40.91,0,-2.347
"2019-03-02 08:29:00",0,40.13,0.045,0,0,0,0,0,0,0,115.8,0,-2.219
"2019-03-02 08:30:00",0,40.81,0.045,0,0,0,0,0,0,0,130,0,-2.43
"2019-03-02 08:31:00",0,40.62,0.045,0,0,0,0,0,0,0,129,0,-2.346
"2019-03-02 08:32:00",0,39.94,0.045,0,0,0,0,0,0,0,129.3,0,-2.015
"2019-03-02 08:33:00",0,38.98,0.045,0,0,0,0,0,0,0,129.2,0,-2.118
"2019-03-02 08:34:00",0,38.52,0.044,0,0,0,0,0,0,0,128.9,0,-2.246
"2019-03-02 08:35:00",0,37.98,0.044,0,0,0,0,0,0,0,128.7,0.011,-2.399
"2019-03-02 08:36:00",0,37.82,0.045,0,0,0,0,0,0,0,128.6,0.011,-2.333
"2019-03-02 08:37:00",0,38.15,0.045,0,0,0,0,0,0,0,128.6,0,-2.204
"2019-03-02 08:38:00",0,38.56,0.045,0,0,0,0,0,0,0,128.4,0,-2.262
"2019-03-02 08:39:00",0,38.77,0.045,0,0,0,0,0,0,0,128.1,0,-2.532
"2019-03-02 08:40:00",0,39.04,0.045,0,0,0,0,0,0,0,127.5,0,-2.349
"2019-03-02 08:41:00",0,39.51,0.045,0,0,0,0,0,0,0,127.2,0,-2.604
"2019-03-02 08:42:00",0,39.38,0.044,0,0,0,0,0,0,0,126.8,0.011,-2.124
"2019-03-02 08:43:00",0,39.32,0.045,0,0,0,0,0,0,0,126.2,0,-2.332
"2019-03-02 08:44:00",0,39.23,0.045,0,0,0,0,0,0,0,125.5,0.011,-2.29
"2019-03-02 08:45:00",0,39.34,0.044,0,0,0,0,0,0,0,125.2,0,-2.057
"2019-03-02 08:46:00",0,39.53,0.044,0,0,0,0,0,0,0,124.6,0,-2.158
"2019-03-02 08:47:00",0,40.19,0.044,0,0,0,0,0,0,0,124.5,0,-2.321
"2019-03-02 08:48:00",0,40.94,0.044,0,0,0,0,0,0,0,124,0,-2.296
"2019-03-02 08:49:00",0,40.85,0.044,0,0,0,0,0,0,0,122.7,0.011,-2.266
"2019-03-02 08:50:00",0,40.38,0.044,0,0,0,0,0,0,0,121.7,0,-2.121
"2019-03-02 08:51:00",0,39.64,0.044,0,0,0,0,0,0,0,121.5,0.011,-2.465
"2019-03-02 08:52:00",0,38.7,0.045,0,0,0,0,0,0,0,121.2,0,-2.225
"2019-03-02 08:53:00",0,38.22,0.044,0,0,0,0,0,0,0,120.8,0,-2.476
"2019-03-02 08:54:00",0,37.99,0.045,0,0,0,0,0,0,0,92.5,0.011,-2.157
"2019-03-02 08:55:00",0,38.08,0.045,0,0,0,0,0,0,0,40.88,0,-2.19
"2019-03-02 08:56:00",0,38.13,0.045,0,0,0,0,0,0,0,40.87,0,-2.332
"2019-03-02 08:57:00",0,38.29,0.045,0,0,0,0,0,0,0,40.91,0,-2.292
"2019-03-02 08:58:00",0,38.39,0.045,0,0,0,0,0,0,0,40.89,0,-2.259
"2019-03-02 08:59:00",0,39.51,0.045,0,0,0,0,0,0,0,40.94,0.011,-2.363
"2019-03-02 09:00:00",0,40.12,0.045,0,0,0,0,0,0,0,40.89,0,-2.237
"2019-03-02 09:01:00",0,40.66,0.045,0,0,0,0,0,0,0,40.85,0,-2.157
"2019-03-02 09:02:00",0,41.72,0.045,0,0,0,0,0,0,0,40.97,0,-2.41
"2019-03-02 09:03:00",0,42.75,0.045,0,0,0,0,0,0,0,40.78,0.023,-2.277
"2019-03-02 09:04:00",0,43.93,0.045,0,0,0,0,0,0,0,40.89,0,-2.303
"2019-03-02 09:05:00",0,44.84,0.045,0,0,0,0,0,0,0,40.75,0,-2.413
"2019-03-02 09:06:00",0,44.81,0.045,0,0,0,0,0,0,0,40.87,0,-2.492
"2019-03-02 09:07:00",0,44.46,0.045,0,0,0,0,0,0,0,40.93,0,-2.06
"2019-03-02 09:08:00",0,45.22,0.045,0,0,0,0,0,0,0,40.83,0,-2.282
"2019-03-02 09:09:00",0,45.36,0.045,0,0,0,0,0,0,0,40.78,0,-2.235
"2019-03-02 09:10:00",0,46.21,0.045,0,0,0,0,0,0,0,40.82,0,-2.379
"2019-03-02 09:11:00",0,46.9,0.045,0,0,0,0,0,0,0,40.85,0,-2.352
"2019-03-02 09:12:00",0,47.27,0.046,0,0,0,0,0,0,0,40.86,0.023,-2.08
"2019-03-02 09:13:00",0,48.15,0.046,0,0,0,0,0,0,0,40.88,0.011,-2.304
"2019-03-02 09:14:00",0,48.92,0.046,0,0,0,0,0,0,0,40.92,0,-2.182
"2019-03-02 09:15:00",0,48.79,0.046,0,0,0,0,0,0,0,41.01,0,-2.533
"2019-03-02 09:16:00",0,49.19,0.046,0,0,0,0,0,0,0,40.95,0,-2.527
"2019-03-02 09:17:00",0,49.46,0.045,0,0,0,0,0,0,0,40.8,0.023,-2.379
"2019-03-02 09:18:00",0,49.35,0.046,0,0,0,0,0,0,0,40.92,0,-2.325
"2019-03-02 09:19:00",0,48.7,0.046,0,0,0,0,0,0,0,40.87,0.023,-2.284
"2019-03-02 09:20:00",0,49.09,0.047,0,0,0,0,0,0,0,40.86,0.068,-2.332
"2019-03-02 09:21:00",0,49.55,0.047,0,0,0,0,0,0,0,40.84,0.011,-2.355
"2019-03-02 09:22:00",0,50.45,0.046,0,0,0,0,0,0,0,40.59,0,-2.517
"2019-03-02 09:23:00",0,51.24,0.046,0,0,0,0,0,0,0,40.87,0.011,-2.451
"2019-03-02 09:24:00",0,51.32,0.046,0,0,0,0,0,0,0,40.89,0.011,-2.263
"2019-03-02 09:25:00",0,50.49,0.046,0,0,0,0,0,0,0,40.84,0.011,-2.574
"2019-03-02 09:26:00",0,50.18,0.046,0,0,0,0,0,0,0,40.82,0.011,-2.388
"2019-03-02 09:27:00",0,49.98,0.047,0,0,0,0,0,0,0,40.95,0.023,-2.254
"2019-03-02 09:28:00",0,50.25,0.047,0,0,0,0,0,0,0,40.82,0,-2.16
"2019-03-02 09:29:00",0,49.37,0.047,0,0,0,0,0,0,0,40.8,0,-2.485
"2019-03-02 09:30:00",0,49.73,0.046,0,0,0,0,0,0,0,40.66,0.011,-2.384
"2019-03-02 09:31:00",0,49.88,0.047,0,0,0,0,0,0,0,40.69,0,-2.258
"2019-03-02 09:32:00",0,49.82,0.047,0,0,0,0,0,0,0,40.58,0,-2.292
"2019-03-02 09:33:00",0,50.76,0.047,0,0,0,0,0,0,0,40.66,0,-2.115
"2019-03-02 09:34:00",0,51.65,0.047,0,0,0,0,0,0,0,40.76,0.023,-2.16
"2019-03-02 09:35:00",0,51.95,0.047,0,0,0,0,0,0,0,40.84,0,-2.274
"2019-03-02 09:36:00",0,52.26,0.047,0,0,0,0,0,0,0,40.97,0,-2.237
"2019-03-02 09:37:00",0,53.18,0.046,0,0,0,0,0,0,0,40.97,0.011,-2.731
"2019-03-02 09:38:00",0,53.59,0.046,0,0,0,0,0,0,0,40.72,0,-2.089
"2019-03-02 09:39:00",0,53.96,0.047,0,0,0,0,0,0,0,40.92,0.011,-2.336
"2019-03-02 09:40:00",0,54.27,0.046,0,0,0,0,0,0,0,40.86,0.011,-1.983
"2019-03-02 09:41:00",0,54.6,0.047,0,0,0,0,0,0,0,40.84,0,-2.324
"2019-03-02 09:42:00",0,53.62,0.047,0,0,0,0,0,0,0,40.89,0,-2.168
"2019-03-02 09:43:00",0,52.74,0.047,0,0,0,0,0,0,0,40.96,0.011,-2.03
"2019-03-02 09:44:00",0,52.67,0.048,0,0,0,0,0,0,0,40.99,0.011,-2.37
"2019-03-02 09:45:00",0,51.71,0.047,0,0,0,0,0,0,0,40.87,0,-2.321
"2019-03-02 09:46:00",0,52.48,0.047,0,0,0,0,0,0,0,40.97,0.011,-2.2
"2019-03-02 09:47:00",0,52.36,0.047,0,0,0,0,0,0,0,40.93,0.011,-2.327
"2019-03-02 09:48:00",0,52.25,0.047,0,0,0,0,0,0,0,40.83,0.011,-2.597
"2019-03-02 09:49:00",0,53.25,0.047,0,0,0,0,0,0,0,40.81,0,-2.261
"2019-03-02 09:50:00",0,54.08,0.047,0,0,0,0,0,0,0,40.81,0,-2.793
"2019-03-02 09:51:00",0,54.64,0.046,0,0,0,0,0,0,0,40.86,0,-2.384
"2019-03-02 09:52:00",0,55.37,0.047,0,0,0,0,0,0,0,40.65,0.011,-2.38
"2019-03-02 09:53:00",0,54.39,0.047,0,0,0,0,0,0,0,40.8,0.011,-2.225
"2019-03-02 09:54:00",0,54.77,0.047,0,0,0,0,0,0,0,40.77,0.034,-2.403
"2019-03-02 09:55:00",0,55.62,0.047,0,0,0,0,0,0,0,116.1,0,-2.295
"2019-03-02 09:56:00",0,55,0.047,0,0,0,0,0,0,0,125.4,0.011,-2.425
"2019-03-02 09:57:00",0,54.6,0.047,0,0,0,0,0,0,0,127.5,0,-2.141
"2019-03-02 09:58:00",0,54.67,0.047,0,0,0,0,0,0,0,128,0,-1.952
"2019-03-02 09:59:00",0,55.4,0.047,0,0,0,0,0,0,0,127.9,0,-2.227
"2019-03-02 10:00:00",0,55.6,0.046,0,0,0,0,0,0,0,128.4,0,-2.336
"2019-03-02 10:01:00",0,55.8,0.047,0,0,0,0,0,0,0,128.3,0,-2.028
"2019-03-02 10:02:00",0,56.02,0.047,0,0,0,0,0,0,0,128.4,0.023,-2.14
"2019-03-02 10:03:00",0,55.89,0.048,0,0,0,0,0,0,0,128.3,0.023,-2.344
"2019-03-02 10:04:00",0,56.2,0.047,0,0,0,0,0,0,0,128.2,0,-2.225
"2019-03-02 10:05:00",0,56.56,0.047,0,0,0,0,0,0,0,128.5,0.011,-2.458
"2019-03-02 10:06:00",0,55.26,0.047,0,0,0,0,0,0,0,128.2,0,-2.377
"2019-03-02 10:07:00",0,55.81,0.048,0,0,0,0,0,0,0,128.3,0,-2.211
"2019-03-02 10:08:00",0,55.79,0.048,0,0,0,0,0,0,0,127.9,0.011,-2.194
"2019-03-02 10:09:00",0,56.18,0.047,0,0,0,0,0,0,0,127.7,0.011,-2.194
"2019-03-02 10:10:00",0,56.04,0.046,0,0,0,0,0,0,0,127.6,0,-1.842
"2019-03-02 10:11:00",0,55.71,0.046,0,0,0,0,0,0,0,127.4,0,-2.367
"2019-03-02 10:12:00",0,54.71,0.048,0,0,0,0,0,0,0,203.6,0,-2.134
"2019-03-02 10:13:00",0,52.73,0.048,0,0,0,0,0,0,0,213.6,0,-2.263
"2019-03-02 10:14:00",0,54.25,0.047,0,0,0,0,0,0,0,213.1,0.023,-2.366
"2019-03-02 10:15:00",0,55.92,0.047,0,0,0,0,0,0,0,212.5,0.011,-2.373
"2019-03-02 10:16:00",0,55.67,0.047,0,0,0,0,0,0,0,212.4,0.023,-2.239
"2019-03-02 10:17:00",0,54.33,0.047,0,0,0,0,0,0,0,212.1,0.011,-2.377
"2019-03-02 10:18:00",0,55.25,0.048,0,0,0,0,0,0,0,212,0,-2.206
"2019-03-02 10:19:00",0,56.13,0.048,0,0,0,0,0,0,0,212.1,0,-2.375
"2019-03-02 10:20:00",0,56.57,0.047,0,0,0,0,0,0,0,212.2,0,-2.25
"2019-03-02 10:21:00",0,56.64,0.047,0,0,0,0,0,0,0,211.9,0,-2.185
"2019-03-02 10:22:00",0,57.67,0.048,0,0,0,0,0,0,0,211.6,0.011,-2.66
"2019-03-02 10:23:00",0,58.21,0.048,0,0,0,0,0,0,0,211.6,0,-2.223
"2019-03-02 10:24:00",0,58.85,0.048,0,0,0,0,0,0,0,211.2,0,-2.174
"2019-03-02 10:25:00",0,59.06,0.048,0,0,0,0,0,0,0,210.2,0,-2.384
"2019-03-02 10:26:00",0,59.25,0.048,0,0,0,0,0,0,0,209.9,0.011,-2.287
"2019-03-02 10:27:00",0,58.43,0.047,0,0,0,0,0,0,0,209,0,-2.026
"2019-03-02 10:28:00",0,57.46,0.047,0,0,0,0,0,0,0,208.4,0.011,-2.433
"2019-03-02 10:29:00",0,58.43,0.048,0,0,0,0,0,0,0,208.2,0.023,-2.357
"2019-03-02 10:30:00",0,59.78,0.049,0,0,0,0,0,0,0,207.7,0.045,-2.568
"2019-03-02 10:31:00",0,59.09,0.048,0,0,0,0,0,0,0,206.9,0.023,-1.985
"2019-03-02 10:32:00",0,59.33,0.048,0,0,0,0,0,0,0,206.3,0.011,-2.377
"2019-03-02 10:33:00",0,59.13,0.048,0,0,0,0,0,0,0,205.9,0.023,-2.451
"2019-03-02 10:34:00",0,57.29,0.048,0,0,0,0,0,0,0,204.7,0,-2.427
"2019-03-02 10:35:00",0,56.34,0.048,0,0,0,0,0,0,0,203.9,0,-2.323
"2019-03-02 10:36:00",0,55.48,0.048,0,0,0,0,0,0,0,203.6,0.011,-2.452
"2019-03-02 10:37:00",0,56.73,0.048,0,0,0,0,0,0,0,203.1,0,-2.369
"2019-03-02 10:38:00",0,57.81,0.048,0,0,0,0,0,0,0,133.8,0.011,-2.093
"2019-03-02 10:39:00",0,59.21,0.049,0,0,0,0,0,0,0,40.82,0.011,-2.547
"2019-03-02 10:40:00",0,60.14,0.049,0,0,0,0,0,0,0,40.58,0,-1.961
"2019-03-02 10:41:00",0,61.2,0.049,0,0,0,0,0,0,0,40.75,0,-2.227
"2019-03-02 10:42:00",0,61.09,0.049,0,0,0,0,0,0,0,40.44,0.011,-2.488
"2019-03-02 10:43:00",0,62.14,0.049,0,0,0,0,0,0,0,40.53,0,-2.58
"2019-03-02 10:44:00",0,62.53,0.048,0,0,0,0,0,0,0,40.84,0.011,-2.482
"2019-03-02 10:45:00",0,61.52,0.048,0,0,0,0,0,0,0,40.82,0,-2.596
"2019-03-02 10:46:00",0,61.25,0.049,0,0,0,0,0,0,0,40.95,0,-2.322
"2019-03-02 10:47:00",0,58.67,0.048,0,0,0,0,0,0,0,40.91,0.011,-2.352
"2019-03-02 10:48:00",0,58.75,0.049,0,0,0,0,0,0,0,40.87,0.011,-2.59
"2019-03-02 10:49:00",0,58.4,0.049,0,0,0,0,0,0,0,40.89,0,-2.301
"2019-03-02 10:50:00",0,58.91,0.049,0,0,0,0,0,0,0,40.89,0.023,-2.449
"2019-03-02 10:51:00",0,59.1,0.049,0,0,0,0,0,0,0,40.67,0,-2.049
"2019-03-02 10:52:00",0,59.15,0.049,0,0,0,0,0,0,0,41.05,0,-2.576
"2019-03-02 10:53:00",0,60.06,0.049,0,0,0,0,0,0,0,40.82,0,-2.07
"2019-03-02 10:54:00",0,60.59,0.049,0,0,0,0,0,0,0,40.87,0,-2.492
"2019-03-02 10:55:00",0,60.68,0.05,0,0,0,0,0,0,0,40.76,0.011,-2.382
"2019-03-02 10:56:00",0,61.19,0.049,0,0,0,0,0,0,0,40.69,0,-2.359
"2019-03-02 10:57:00",0,61.13,0.049,0,0,0,0,0,0,0,40.82,0,-2.328
"2019-03-02 10:58:00",0,62.52,0.05,0,0,0,0,0,0,0,40.45,0,-2.543
"2019-03-02 10:59:00",0,61.07,0.049,0,0,0,0,0,0,0,40.78,0,-2.432
"2019-03-02 11:00:00",0,61.41,0.05,0,0,0,0,0,0,0,40.73,0.011,-2.312
"2019-03-02 11:01:00",0,61.29,0.049,0,0,0,0,0,0,0,40.74,0,-2.265
"2019-03-02 11:02:00",0,61.74,0.049,0,0,0,0,0,0,0,40.55,0,-2.239
"2019-03-02 11:03:00",0,60.68,0.049,0,0,0,0,0,0,0,40.61,0.011,-2.245
"2019-03-02 11:04:00",0,61.82,0.049,0,0,0,0,0,0,0,40.85,0,-2.425
"2019-03-02 11:05:00",0,62.35,0.049,0,0,0,0,0,0,0,40.52,0,-2.312
"2019-03-02 11:06:00",0,59.22,0.049,0,0,0,0,0,0,0,40.6,0,-2.529
"2019-03-02 11:07:00",0,57.85,0.049,0,0,0,0,0,0,0,40.86,0.011,-2.342
"2019-03-02 11:08:00",0,58.69,0.05,0,0,0,0,0,0,0,40.72,0,-1.927
"2019-03-02 11:09:00",0,58.71,0.049,0,0,0,0,0,0,0,40.77,0,-2.272
"2019-03-02 11:10:00",0,59.88,0.05,0,0,0,0,0,0,0,40.81,0,-2.073
"2019-03-02 11:11:00",0,60.01,0.049,0,0,0,0,0,0,0,40.88,0,-2.356
"2019-03-02 11:12:00",0,59.84,0.05,0,0,0,0,0,0,0,40.81,0,-2.139
"2019-03-02 11:13:00",0,60.47,0.05,0,0,0,0,0,0,0,40.78,0,-2.302
"2019-03-02 11:14:00",0,60.62,0.05,0,0,0,0,0,0,0,40.85,0,-2.465
"2019-03-02 11:15:00",0,60.09,0.049,0,0,0,0,0,0,0,40.85,0,-2.308
"2019-03-02 11:16:00",0,60.21,0.05,0,0,0,0,0,0,0,40.96,0,-2.351
"2019-03-02 11:17:00",0,60.26,0.05,0,0,0,0,0,0,0,40.83,0,-2.082
"2019-03-02 11:18:00",0,60.46,0.05,0,0,0,0,0,0,0,40.87,0,-2.311
"2019-03-02 11:19:00",0,59.3,0.05,0,0,0,0,0,0,0,40.71,0,-2.293
"2019-03-02 11:20:00",0,57.99,0.05,0,0,0,0,0,0,0,40.92,0,-1.994
"2019-03-02 11:21:00",0,58.65,0.05,0,0,0,0,0,0,0,40.81,0,-2.155
"2019-03-02 11:22:00",0,57.75,0.049,0,0,0,0,0,0,0,40.85,0,-2.499
"2019-03-02 11:23:00",0,56.81,0.049,0,0,0,0,0,0,0,40.78,0,-2.283
"2019-03-02 11:24:00",0,54.27,0.049,0,0,0,0,0,0,0,40.78,0,-2.404
"2019-03-02 11:25:00",0,53.83,0.05,0,0,0,0,0,0,0,40.81,0,-2.224
"2019-03-02 11:26:00",0,55.51,0.05,0,0,0,0,0,0,0,40.7,0,-2.714
"2019-03-02 11:27:00",0,55.94,0.049,0,0,0,0,0,0,0,40.7,0.011,-2.486
"2019-03-02 11:28:00",0,57.02,0.05,0,0,0,0,0,0,0,40.89,0.034,-2.128
"2019-03-02 11:29:00",0,57.03,0.049,0,0,0,0,0,0,0,40.76,0,-2.455
"2019-03-02 11:30:00",0,56.11,0.05,0,0,0,0,0,0,0,40.85,0,-2.501
"2019-03-02 11:31:00",0,54.44,0.05,0,0,0,0,0,0,0,40.72,0,-2.216
"2019-03-02 11:32:00",0,56.36,0.05,0,0,0,0,0,0,0,40.84,0,-2.503
"2019-03-02 11:33:00",0,58.08,0.049,0,0,0,0,0,0,0,40.94,0,-2.149
"2019-03-02 11:34:00",0,58.26,0.05,0,0,0,0,0,0,0,40.95,0,-2.342
"2019-03-02 11:35:00",0,58.64,0.05,0,0,0,0,0,0,0,40.92,0,-2.171
"2019-03-02 11:36:00",0,58.82,0.05,0,0,0,0,0,0,0,40.83,0,-2.074
"2019-03-02 11:37:00",0,57.95,0.05,0,0,0,0,0,0,0,40.89,0,-2.344
"2019-03-02 11:38:00",0,55.99,0.05,0,0,0,0,0,0,0,41.02,0,-2.306
"2019-03-02 11:39:00",0,56.91,0.05,0,0,0,0,0,0,0,40.97,0,-1.835
"2019-03-02 11:40:00",0,57.56,0.05,0,0,0,0,0,0,0,40.93,0.011,-2.61
"2019-03-02 11:41:00",0,54.19,0.05,0,0,0,0,0,0,0,41.05,0,-2.367
"2019-03-02 11:42:00",0,53.95,0.05,0,0,0,0,0,0,0,40.94,0,-2.329
"2019-03-02 11:43:00",0,54.15,0.05,0,0,0,0,0,0,0,40.94,0,-1.949
"2019-03-02 11:44:00",0,54.3,0.05,0,0,0,0,0,0,0,40.95,0,-2.508
"2019-03-02 11:45:00",0,56.6,0.049,0,0,0,0,0,0,0,40.91,0.011,-2.312
"2019-03-02 11:46:00",0,56.25,0.049,0,0,0,0,0,0,0,40.71,0,-2.368
"2019-03-02 11:47:00",0,53.56,0.049,0,0,0,0,0,0,0,40.84,0.034,-2.367
"2019-03-02 11:48:00",0,52.74,0.048,0,0,0,0,0,0,0,40.96,0,-2.21
"2019-03-02 11:49:00",0,52.13,0.049,0,0,0,0,0,0,0,40.54,0,-2.212
"2019-03-02 11:50:00",0,54.1,0.049,0,0,0,0,0,0,0,40.73,0,-2.251
"2019-03-02 11:51:00",0,55.4,0.048,0,0,0,0,0,0,0,40.83,0,-2.311
"2019-03-02 11:52:00",0,56.97,0.049,0,0,0,0,0,0,0,40.94,0.011,-2.389
"2019-03-02 11:53:00",0,57.68,0.049,0,0,0,0,0,0,0,40.75,0,-2.441
"2019-03-02 11:54:00",0,58.87,0.049,0,0,0,0,0,0,0,40.72,0,-2.143
"2019-03-02 11:55:00",0,59.42,0.049,0,0,0,0,0,0,0,134.8,0,-2.282
"2019-03-02 11:56:00",0,60.02,0.049,0,0,0,0,0,0,0,130.5,0,-2.06
"2019-03-02 11:57:00",0,60.36,0.049,0,0,0,0,0,0,0,130.1,0.011,-2.198
"2019-03-02 11:58:00",0,60.7,0.049,0,0,0,0,0,0,0,129.4,0.011,-2.233
"2019-03-02 11:59:00",0,60.49,0.049,0,0,0,0,0,0,0,129.3,0,-2.194
"2019-03-02 12:00:00",0,59.77,0.049,0,0,0,0,0,0,0,129.2,0.011,-2.388
"2019-03-02 12:01:00",0,58.87,0.049,0,0,0,0,0,0,0,129.1,0,-2.289
"2019-03-02 12:02:00",0,57.23,0.049,0,0,0,0,0,0,0,129.1,0,-2.245
"2019-03-02 12:03:00",0,57.31,0.05,0,0,0,0,0,0,0,128.9,0,-2.248
"2019-03-02 12:04:00",0,55.65,0.05,0,0,0,0,0,0,0,128.7,0,-2.358
"2019-03-02 12:05:00",0,55.3,0.049,0,0,0,0,0,0,0,128.3,0.011,-2.202
"2019-03-02 12:06:00",0,56.99,0.049,0,0,0,0,0,0,0,127.6,0.034,-2.412
"2019-03-02 12:07:00",0,56.43,0.049,0,0,0,0,0,0,0,127.5,0.011,-2.418
"2019-03-02 12:08:00",0,55.46,0.049,0,0,0,0,0,0,0,127,0.011,-2.086
"2019-03-02 12:09:00",0,54.83,0.05,0,0,0,0,0,0,0,126.7,0,-2.324
"2019-03-02 12:10:00",0,56.18,0.05,0,0,0,0,0,0,0,126.1,0.011,-2.38
"2019-03-02 12:11:00",0,58.22,0.05,0,0,0,0,0,0,0,125.4,0,-2.366
"2019-03-02 12:12:00",0,58.32,0.05,0,0,0,0,0,0,0,124.9,0,-2.582
"2019-03-02 12:13:00",0,57.26,0.05,0,0,0,0,0,0,0,124.4,0,-2.06
"2019-03-02 12:14:00",0,55.99,0.05,0,0,0,0,0,0,0,123.9,0.011,-2.291
"2019-03-02 12:15:00",0,56.42,0.049,0,0,0,0,0,0,0,123.2,0,-1.911
"2019-03-02 12:16:00",0,55.63,0.05,0,0,0,0,0,0,0,122.5,0.011,-2.198
"2019-03-02 12:17:00",0,54.85,0.05,0,0,0,0,0,0,0,121.8,0,-1.914
"2019-03-02 12:18:00",0,52.97,0.05,0,0,0,0,0,0,0,121,0.034,-2.279
"2019-03-02 12:19:00",0,50.85,0.049,0,0,0,0,0,0,0,120.8,0,-2.186
"2019-03-02 12:20:00",0,51.61,0.05,0,0,0,0,0,0,0,120.5,0,-2.12
"2019-03-02 12:21:00",0,54.16,0.05,0,0,0,0,0,0,0,97.7,0,-2.258
"2019-03-02 12:22:00",0,56.38,0.05,0,0,0,0,0,0,0,40.93,0,-2.495
"2019-03-02 12:23:00",0,56.07,0.05,0,0,0,0,0,0,0,40.85,0.011,-2.323
"2019-03-02 12:24:00",0,57.93,0.05,0,0,0,0,0,0,0,40.84,0,-2.208
"2019-03-02 12:25:00",0,58.88,0.05,0,0,0,0,0,0,0,40.76,0,-2.319
"2019-03-02 12:26:00",0,57.3,0.05,0,0,0,0,0,0,0,41.07,0,-2.022
"2019-03-02 12:27:00",0,58.22,0.05,0,0,0,0,0,0,0,40.75,0.011,-2.28
"2019-03-02 12:28:00",0,57.82,0.049,0,0,0,0,0,0,0,40.81,0,-2.37
"2019-03-02 12:29:00",0,57.71,0.049,0,0,0,0,0,0,0,41.1,0.023,-2.347
"2019-03-02 12:30:00",0,58.05,0.05,0,0,0,0,0,0,0,40.71,0,-2.339
"2019-03-02 12:31:00",0,56.94,0.049,0,0,0,0,0,0,0,40.81,0,-2.306
"2019-03-02 12:32:00",0,56.95,0.05,0,0,0,0,0,0,0,40.88,0.011,-2.329
"2019-03-02 12:33:00",0,55.1,0.05,0,0,0,0,0,0,0,78.42,0,-2.176
"2019-03-02 12:34:00",0,53.4,0.049,0,0,0,0,0,0,0,126.4,0,-2.445
"2019-03-02 12:35:00",0,54.15,0.049,0,0,0,0,0,0,0,126.6,0,-2.474
"2019-03-02 12:36:00",0,52.92,0.049,0,0,0,0,0,0,0,127.2,0,-2.085
"2019-03-02 12:37:00",0,53.93,0.05,0,0,0,0,0,0,0,127.5,0,-2.531
"2019-03-02 12:38:00",0,56.25,0.05,0,0,0,0,0,0,0,127.7,0,-2.742
"2019-03-02 12:39:00",0,56.76,0.049,0,0,0,0,0,0,0,127.9,0,-1.92
"2019-03-02 12:40:00",0,57.34,0.049,0,0,0,0,0,0,0,127.6,0,-2.235
"2019-03-02 12:41:00",0,58.34,0.05,0,0,0,0,0,0,0,127.6,0,-2.039
"2019-03-02 12:42:00",0,57.88,0.049,0,0,0,0,0,0,0,127.5,0,-2.406
"2019-03-02 12:43:00",0,59.89,0.05,0,0,0,0,0,0,0,127.6,0,-2.204
"2019-03-02 12:44:00",0,61.34,0.049,0,0,0,0,0,0,0,127.2,0,-2.211
"2019-03-02 12:45:00",0,61.95,0.049,0,0,0,0,0,0,0,127,0,-2.348
"2019-03-02 12:46:00",0,62.96,0.049,0,0,0,0,0,0,0,126.8,0,-2.528
"2019-03-02 12:47:00",0,61.36,0.049,0,0,0,0,0,0,0,127,0,-2.127
"2019-03-02 12:48:00",0,61.34,0.049,0,0,0,0,0,0,0,127.2,0,-2.562
"2019-03-02 12:49:00",0,59.65,0.049,0,0,0,0,0,0,0,127.4,0,-2.137
"2019-03-02 12:50:00",0,57.67,0.049,0,0,0,0,0,0,0,127.1,0,-2.36
"2019-03-02 12:51:00",0,57.23,0.049,0,0,0,0,0,0,0,127.5,0,-2.417
"2019-03-02 12:52:00",0,58.35,0.049,0,0,0,0,0,0,0,127.9,0,-2.378
"2019-03-02 12:53:00",0,59.3,0.05,0,0,0,0,0,0,0,128.1,0,-2.168
"2019-03-02 12:54:00",0,58.98,0.05,0,0,0,0,0,0,0,128.4,0,-2.61
"2019-03-02 12:55:00",0,59.47,0.05,0,0,0,0,0,0,0,128,0,-2.489
"2019-03-02 12:56:00",0,58.93,0.049,0,0,0,0,0,0,0,128,0.011,-2.387
"2019-03-02 12:57:00",0,57.77,0.049,0,0,0,0,0,0,0,128.1,0,-2.206
"2019-03-02 12:58:00",0,56.82,0.049,0,0,0,0,0,0,0,127.7,0.023,-2.542
"2019-03-02 12:59:00",0,55.87,0.049,0,0,0,0,0,0,0,127.9,0,-2.622
"2019-03-02 13:00:00",0,54.1,0.049,0,0,0,0,0,0,0,128.3,0,-2.143
"2019-03-02 13:01:00",0,55.22,0.049,0,0,0,0,0,0,0,128.3,0.023,-2.299
"2019-03-02 13:02:00",0,56.52,0.048,0,0,0,0,0,0,0,128.7,0.011,-2.316
"2019-03-02 13:03:00",0,55.79,0.048,0,0,0,0,0,0,0,128.8,0,-2.211
"2019-03-02 13:04:00",0,56.96,0.048,0,0,0,0,0,0,0,128.7,0,-2.26
"2019-03-02 13:05:00",0,56.64,0.048,0,0,0,0,0,0,0,128.7,0,-2.103
"2019-03-02 13:06:00",0,54.55,0.048,0,0,0,0,0,0,0,128.8,0.011,-2.153
"2019-03-02 13:07:00",0,55.01,0.048,0,0,0,0,0,0,0,129.1,0.011,-2.27
"2019-03-02 13:08:00",0,55.56,0.048,0,0,0,0,0,0,0,128.7,0,-2.316
"2019-03-02 13:09:00",0,56.72,0.048,0,0,0,0,0,0,0,129.1,0,-2.103
"2019-03-02 13:10:00",0,56.52,0.048,0,0,0,0,0,0,0,129,0,-2.109
"2019-03-02 13:11:00",0,56.65,0.048,0,0,0,0,0,0,0,129.6,0,-2.075
"2019-03-02 13:12:00",0,57.76,0.048,0,0,0,0,0,0,0,129.7,0.011,-2.09
"2019-03-02 13:13:00",0,58.65,0.048,0,0,0,0,0,0,0,129.7,0.011,-2.308
"2019-03-02 13:14:00",0,58.15,0.048,0,0,0,0,0,0,0,130,0,-1.998
"2019-03-02 13:15:00",0,56.79,0.047,0,0,0,0,0,0,0,130.2,0,-2.284
"2019-03-02 13:16:00",0,56.33,0.048,0,0,0,0,0,0,0,130.1,0,-2.194
"2019-03-02 13:17:00",0,55.88,0.046,0,0,0,0,0,0,0,130,0,-2.231
"2019-03-02 13:18:00",0,54.74,0.046,0,0,0,0,0,0,0,130,0.011,-2.443
"2019-03-02 13:19:00",0,56.79,0.046,0,0,0,0,0,0,0,129.8,0,-2.155
"2019-03-02 13:20:00",0,57.63,0.047,0,0,0,0,0,0,0,129.8,0.011,-2.354
"2019-03-02 13:21:00",0,57.84,0.046,0,0,0,0,0,0,0,129.8,0,-2.341
"2019-03-02 13:22:00",0,58.02,0.047,0,0,0,0,0,0,0,129.2,0,-2.202
"2019-03-02 13:23:00",0,59.02,0.046,0,0,0,0,0,0,0,129,0.011,-2.032
"2019-03-02 13:24:00",0,59.77,0.046,0,0,0,0,0,0,0,129,0,-1.909
"2019-03-02 13:25:00",0,58.96,0.045,0,0,0,0,0,0,0,91.5,0,-1.942
"2019-03-02 13:26:00",0,58.87,0.046,0,0,0,0,0,0,0,41.06,0,-2.158
"2019-03-02 13:27:00",0,59.17,0.046,0,0,0,0,0,0,0,41.16,0.011,-2.273
"2019-03-02 13:28:00",0,58.41,0.046,0,0,0,0,0,0,0,41.15,0,-2.309
"2019-03-02 13:29:00",0,57.68,0.046,0,0,0,0,0,0,0,40.87,0,-2.259
"2019-03-02 13:30:00",0,57.09,0.045,0,0,0,0,0,0,0,40.83,0,-2.181
"2019-03-02 13:31:00",0,55.15,0.045,0,0,0,0,0,0,0,40.91,0,-2.134
"2019-03-02 13:32:00",0,54.49,0.045,0,0,0,0,0,0,0,40.94,0,-2.232
"2019-03-02 13:33:00",0,55.5,0.046,0,0,0,0,0,0,0,40.97,0.023,-2.279
"2019-03-02 13:34:00",0,56.8,0.045,0,0,0,0,0,0,0,40.93,0,-2.204
"2019-03-02 13:35:00",0,58.63,0.045,0,0,0,0,0,0,0,40.83,0,-2.464
"2019-03-02 13:36:00",0,58.72,0.045,0,0,0,0,0,0,0,40.98,0,-2.072
"2019-03-02 13:37:00",0,57.81,0.045,0,0,0,0,0,0,0,121,0,-2.352
"2019-03-02 13:38:00",0,58.45,0.045,0,0,0,0,0,0,0,131.5,0.011,-2.334
"2019-03-02 13:39:00",0,58.89,0.045,0,0,0,0,0,0,0,130.7,0,-2.19
"2019-03-02 13:40:00",0,57.1,0.045,0,0,0,0,0,0,0,130,0.011,-2.185
"2019-03-02 13:41:00",0,57.34,0.045,0,0,0,0,0,0,0,129.8,0,-2.448
"2019-03-02 13:42:00",0,56.84,0.045,0,0,0,0,0,0,0,130.1,0,-2.527
"2019-03-02 13:43:00",0,56.8,0.044,0,0,0,0,0,0,0,130.1,0,-2.291
"2019-03-02 13:44:00",0,57.95,0.045,0,0,0,0,0,0,0,130,0.011,-2.36
"2019-03-02 13:45:00",0,58.38,0.045,0,0,0,0,0,0,0,129.7,0,-2.22
"2019-03-02 13:46:00",0,57.19,0.044,0,0,0,0,0,0,0,129.1,0.011,-2.27
"2019-03-02 13:47:00",0,55.14,0.044,0,0,0,0,0,0,0,128.7,0.023,-2.32
"2019-03-02 13:48:00",0,53.55,0.044,0,0,0,0,0,0,0,128.2,0.011,-2.079
"2019-03-02 13:49:00",0,52.6,0.043,0,0,0,0,0,0,0,127.9,0,-2.188
"2019-03-02 13:50:00",0,51.23,0.043,0,0,0,0,0,0,0,127.5,0,-2.111
"2019-03-02 13:51:00",0,50.18,0.044,0,0,0,0,0,0,0,127.2,0,-1.99
"2019-03-02 13:52:00",0,48.89,0.043,0,0,0,0,0,0,0,126.8,0,-2.649
"2019-03-02 13:53:00",0,49.65,0.042,0,0,0,0,0,0,0,126.3,0,-1.785
"2019-03-02 13:54:00",0,49.49,0.043,0,0,0,0,0,0,0,125.8,0,-2.178
"2019-03-02 13:55:00",0,49.65,0.044,0,0,0,0,0,0,0,125,0.011,-2.263
"2019-03-02 13:56:00",0,50.76,0.043,0,0,0,0,0,0,0,124.4,0,-2.111
"2019-03-02 13:57:00",0,52.28,0.043,0,0,0,0,0,0,0,124,0,-2.415
"2019-03-02 13:58:00",0,52.5,0.043,0,0,0,0,0,0,0,123.4,0.011,-2.25
"2019-03-02 13:59:00",0,51.97,0.043,0,0,0,0,0,0,0,122.9,0,-2.091
"2019-03-02 14:00:00",0,50.68,0.043,0,0,0,0,0,0,0,122.3,0,-2.3
"2019-03-02 14:01:00",0,51.43,0.043,0,0,0,0,0,0,0,122.3,0.023,-2.229
"2019-03-02 14:02:00",0,52.62,0.043,0,0,0,0,0,0,0,121.1,0,-2.032
"2019-03-02 14:03:00",0,53.43,0.044,0,0,0,0,0,0,0,120.6,0,-2.054
"2019-03-02 14:04:00",0,54.87,0.043,0,0,0,0,0,0,0,84.7,0,-2.043
"2019-03-02 14:05:00",0,55.87,0.043,0,0,0,0,0,0,0,40.97,0,-1.953
"2019-03-02 14:06:00",0,55.25,0.042,0,0,0,0,0,0,0,41.07,0,-1.923
"2019-03-02 14:07:00",0,57.29,0.042,0,0,0,0,0,0,0,41.04,0,-1.903
"2019-03-02 14:08:00",0,56.74,0.043,0,0,0,0,0,0,0,41.08,0,-2.127
"2019-03-02 14:09:00",0,56.14,0.043,0,0,0,0,0,0,0,40.89,0,-2.101
"2019-03-02 14:10:00",0,54.89,0.042,0,0,0,0,0,0,0,41.01,0,-2.453
"2019-03-02 14:11:00",0,53.18,0.043,0,0,0,0,0,0,0,40.93,0,-2.614
"2019-03-02 14:12:00",0,50.98,0.042,0,0,0,0,0,0,0,40.88,0.011,-2.384
"2019-03-02 14:13:00",0,50.47,0.043,0,0,0,0,0,0,0,40.86,0,-2.137
"2019-03-02 14:14:00",0,50.13,0.042,0,0,0,0,0,0,0,40.77,0,-2.116
"2019-03-02 14:15:00",0,49.08,0.043,0,0,0,0,0,0,0,40.91,0,-2.178
"2019-03-02 14:16:00",0,47.79,0.043,0,0,0,0,0,0,0,40.92,0,-1.968
"2019-03-02 14:17:00",0,46.75,0.043,0,0,0,0,0,0,0,41.05,0,-2.252
"2019-03-02 14:18:00",0,46.59,0.043,0,0,0,0,0,0,0,61.33,0,-2.442
"2019-03-02 14:19:00",0,47.98,0.043,0,0,0,0,0,0,0,70.02,0,-2.333
"2019-03-02 14:20:00",0,50.39,0.042,0,0,0,0,0,0,0,69.64,0,-2.133
"2019-03-02 14:21:00",0,52.46,0.043,0,0,0,0,0,0,0,69.67,0.023,-2.211
"2019-03-02 14:22:00",0,54.02,0.043,0,0,0,0,0,0,0,69.86,0,-2.198
"2019-03-02 14:23:00",0,53.83,0.043,0,0,0,0,0,0,0,69.98,0,-2.208
"2019-03-02 14:24:00",0,52.82,0.042,0,0,0,0,0,0,0,70.01,0,-2.152
"2019-03-02 14:25:00",0,54.03,0.042,0,0,0,0,0,0,0,70.1,0.011,-2.488
"2019-03-02 14:26:00",0,54.75,0.043,0,0,0,0,0,0,0,70.25,0,-2.154
"2019-03-02 14:27:00",0,53.68,0.043,0,0,0,0,0,0,0,70.28,0.011,-2.008
"2019-03-02 14:28:00",0,53.85,0.043,0,0,0,0,0,0,0,70.73,0,-2.253
"2019-03-02 14:29:00",0,54.14,0.042,0,0,0,0,0,0,0,70.19,0,-2.233
"2019-03-02 14:30:00",0,55.26,0.043,0,0,0,0,0,0,0,70.26,0.011,-2.292
"2019-03-02 14:31:00",0,53.08,0.042,0,0,0,0,0,0,0,70.3,0,-2.34
"2019-03-02 14:32:00",0,50.09,0.043,0,0,0,0,0,0,0,70.29,0,-2.118
"2019-03-02 14:33:00",0,50.02,0.043,0,0,0,0,0,0,0,70.31,0,-2.131
"2019-03-02 14:34:00",0,49.74,0.043,0,0,0,0,0,0,0,70.37,0,-2.155
"2019-03-02 14:35:00",0,48.18,0.042,0,0,0,0,0,0,0,70.07,0,-2.296
"2019-03-02 14:36:00",0,47.82,0.043,0,0,0,0,0,0,0,70.15,0.011,-2.309
"2019-03-02 14:37:00",0,46.86,0.042,0,0,0,0,0,0,0,70.23,0,-2.26
"2019-03-02 14:38:00",0,46.11,0.043,0,0,0,0,0,0,0,70.27,0,-2.246
"2019-03-02 14:39:00",0,46.1,0.043,0,0,0,0,0,0,0,70.31,0,-2.272
"2019-03-02 14:40:00",0,45.87,0.042,0,0,0,0,0,0,0,70.03,0.011,-2.64
"2019-03-02 14:41:00",0,44.74,0.042,0,0,0,0,0,0,0,70.09,0,-2.082
"2019-03-02 14:42:00",0,43.3,0.043,0,0,0,0,0,0,0,69.74,0,-1.734
"2019-03-02 14:43:00",0,42.65,0.043,0,0,0,0,0,0,0,69.83,0.011,-2.371
"2019-03-02 14:44:00",0,41.73,0.043,0,0,0,0,0,0,0,69.62,0,-2.009
"2019-03-02 14:45:00",0,41.04,0.044,0,0,0,0,0,0,0,69.44,0,-2.054
"2019-03-02 14:46:00",0,40.84,0.043,0,0,0,0,0,0,0,69.77,0.011,-2.068
"2019-03-02 14:47:00",0,42.62,0.043,0,0,0,0,0,0,0,69.57,0.011,-2.309
"2019-03-02 14:48:00",0,44.6,0.043,0,0,0,0,0,0,0,69.65,0,-2.036
"2019-03-02 14:49:00",0,46.23,0.042,0,0,0,0,0,0,0,69.57,0,-1.954
"2019-03-02 14:50:00",0,47.47,0.043,0,0,0,0,0,0,0,69.74,0.011,-2.353
"2019-03-02 14:51:00",0,48.64,0.043,0,0,0,0,0,0,0,69.72,0,-2.078
"2019-03-02 14:52:00",0,49.72,0.043,0,0,0,0,0,0,0,69.93,0,-2.379
"2019-03-02 14:53:00",0,49.54,0.043,0,0,0,0,0,0,0,69.63,0,-2.419
"2019-03-02 14:54:00",0,47.38,0.042,0,0,0,0,0,0,0,69.88,0.011,-2.367
"2019-03-02 14:55:00",0,45.62,0.043,0,0,0,0,0,0,0,69.85,0,-2.101
"2019-03-02 14:56:00",0,46.07,0.042,0,0,0,0,0,0,0,69.58,0.011,-2.286
"2019-03-02 14:57:00",0,45.87,0.043,0,0,0,0,0,0,0,69.43,0,-2.184
"2019-03-02 14:58:00",0,46.15,0.042,0,0,0,0,0,0,0,69.73,0,-2.105
"2019-03-02 14:59:00",0,44.16,0.043,0,0,0,0,0,0,0,69.65,0,-1.983
"2019-03-02 15:00:00",0,43.68,0.042,0,0,0,0,0,0,0,69.85,0.011,-2.324
"2019-03-02 15:01:00",0,45.16,0.043,0,0,0,0,0,0,0,69.68,0.011,-2.305
"2019-03-02 15:02:00",0,46.59,0.043,0,0,0,0,0,0,0,69.96,0.034,-2.383
"2019-03-02 15:03:00",0,47.87,0.042,0,0,0,0,0,0,0,69.69,0.011,-2.221
"2019-03-02 15:04:00",0,48.31,0.043,0,0,0,0,0,0,0,69.6,0,-2.362
"2019-03-02 15:05:00",0,49.12,0.042,0,0,0,0,0,0,0,69.56,0,-2.155
"2019-03-02 15:06:00",0,48.03,0.042,0,0,0,0,0,0,0,69.54,0,-2.232
"2019-03-02 15:07:00",0,47.87,0.042,0,0,0,0,0,0,0,69.77,0.011,-2.425
"2019-03-02 15:08:00",0,49.11,0.042,0,0,0,0,0,0,0,69.41,0,-2.24
"2019-03-02 15:09:00",0,50.44,0.042,0,0,0,0,0,0,0,68.96,0.011,-2.068
"2019-03-02 15:10:00",0,51.54,0.042,0,0,0,0,0,0,0,68.77,0.011,-2.479
"2019-03-02 15:11:00",0,51.74,0.042,0,0,0,0,0,0,0,68.96,0,-2.249
"2019-03-02 15:12:00",0,51.77,0.041,0,0,0,0,0,0,0,68.83,0,-2.104
"2019-03-02 15:13:00",0,50.97,0.042,0,0,0,0,0,0,0,68.97,0,-2.152
"2019-03-02 15:14:00",0,51.19,0.042,0,0,0,0,0,0,0,69.01,0,-2.503
"2019-03-02 15:15:00",0,51.61,0.042,0,0,0,0,0,0,0,69.03,0,-2.115
"2019-03-02 15:16:00",0,52.35,0.041,0,0,0,0,0,0,0,68.74,0,-2.199
"2019-03-02 15:17:00",0,52.57,0.041,0,0,0,0,0,0,0,69.14,0,-2.262
"2019-03-02 15:18:00",0,53.25,0.04,0,0,0,0,0,0,0,69.06,0,-2.273
"2019-03-02 15:19:00",0,53.22,0.04,0,0,0,0,0,0,0,68.63,0,-2.346
"2019-03-02 15:20:00",0,53.61,0.04,0,0,0,0,0,0,0,68.27,0,-2.464
"2019-03-02 15:21:00",0,54.2,0.041,0,0,0,0,0,0,0,115.9,0,-1.621
"2019-03-02 15:22:00",0,54.23,0.04,0,0,0,0,0,0,0,159.6,0.011,-2.195
"2019-03-02 15:23:00",0,53.25,0.04,0,0,0,0,0,0,0,159.2,0.011,-2.179
"2019-03-02 15:24:00",0,54.13,0.04,0,0,0,0,0,0,0,158.5,0,-2.203
"2019-03-02 15:25:00",0,54.96,0.04,0,0,0,0,0,0,0,158.4,0.023,-2.166
"2019-03-02 15:26:00",0,55.33,0.04,0,0,0,0,0,0,0,158.3,0,-2.103
"2019-03-02 15:27:00",0,55.88,0.04,0,0,0,0,0,0,0,157.9,0.011,-2.264
"2019-03-02 15:28:00",0,55.4,0.039,0,0,0,0,0,0,0,157.7,0,-2.076
"2019-03-02 15:29:00",0,56.03,0.04,0,0,0,0,0,0,0,157.5,0,-2.21
"2019-03-02 15:30:00",0,55.46,0.039,0,0,0,0,0,0,0,157.2,0,-2.175
"2019-03-02 15:31:00",0,54.21,0.04,0,0,0,0,0,0,0,156.9,0.011,-2.419
"2019-03-02 15:32:00",0,54.7,0.04,0,0,0,0,0,0,0,156.6,0,-2.378
"2019-03-02 15:33:00",0,54.14,0.039,0,0,0,0,0,0,0,156.3,0,-2.405
"2019-03-02 15:34:00",0,53.73,0.039,0,0,0,0,0,0,0,155.9,0,-2.006
"2019-03-02 15:35:00",0,54.18,0.038,0,0,0,0,0,0,0,155.5,0,-1.767
"2019-03-02 15:36:00",0,54.69,0.039,0,0,0,0,0,0,0,155.1,0.011,-2.296
"2019-03-02 15:37:00",0,52.98,0.039,0,0,0,0,0,0,0,154.2,0.011,-2.365
"2019-03-02 15:38:00",0,52.13,0.039,0,0,0,0,0,0,0,153.7,0.034,-2.372
"2019-03-02 15:39:00",0,51.68,0.039,0,0,0,0,0,0,0,153.2,0.011,-2.648
"2019-03-02 15:40:00",0,52.66,0.039,0,0,0,0,0,0,0,152.8,0,-2.16
"2019-03-02 15:41:00",0,53.6,0.04,0,0,0,0,0,0,0,152.2,0,-2.177
"2019-03-02 15:42:00",0,53.47,0.039,0,0,0,0,0,0,0,151.4,0,-2.094
"2019-03-02 15:43:00",0,53.57,0.039,0,0,0,0,0,0,0,150.7,0,-2.626
"2019-03-02 15:44:00",0,53.79,0.039,0,0,0,0,0,0,0,150.3,0,-2.151
"2019-03-02 15:45:00",0,53.83,0.039,0,0,0,0,0,0,0,149.1,0,-2.204
"2019-03-02 15:46:00",0,54.38,0.039,0,0,0,0,0,0,0,149.5,0,-1.893
"2019-03-02 15:47:00",0,54.53,0.04,0,0,0,0,0,0,0,149,0.023,-2.525
"2019-03-02 15:48:00",0,54.1,0.039,0,0,0,0,0,0,0,94.4,0,-2.258
"2019-03-02 15:49:00",0,53.53,0.039,0,0,0,0,0,0,0,68.95,0,-2.118
"2019-03-02 15:50:00",0,53.52,0.04,0,0,0,0,0,0,0,68.85,0,-2.137
"2019-03-02 15:51:00",0,52.98,0.039,0,0,0,0,0,0,0,68.83,0,-2.129
"2019-03-02 15:52:00",0,51.07,0.039,0,0,0,0,0,0,0,69.61,0,-2.024
"2019-03-02 15:53:00",0,50.42,0.04,0,0,0,0,0,0,0,69.66,0,-2.639
"2019-03-02 15:54:00",0,49.33,0.04,0,0,0,0,0,0,0,69.76,0,-2.197
"2019-03-02 15:55:00",0,48.96,0.04,0,0,0,0,0,0,0,69.9,0.011,-2.296
"2019-03-02 15:56:00",0,47.91,0.04,0,0,0,0,0,0,0,69.9,0.034,-2.263
"2019-03-02 15:57:00",0,47.77,0.039,0,0,0,0,0,0,0,70.05,0.023,-1.952
"2019-03-02 15:58:00",0,47.17,0.039,0,0,0,0,0,0,0,69.89,0,-1.974
"2019-03-02 15:59:00",0,46.01,0.04,0,0,0,0,0,0,0,69.78,0.011,-2.149
"2019-03-02 16:00:00",0,45.1,0.04,0,0,0,0,0,0,0,69.74,0.023,-2.22
"2019-03-02 16:01:00",0,43.7,0.04,0,0,0,0,0,0,0,69.62,0.011,-2.235
"2019-03-02 16:02:00",0,42.58,0.04,0,0,0,0,0,0,0,69.65,0.011,-2.189
"2019-03-02 16:03:00",0,42.61,0.04,0,0,0,0,0,0,0,69.53,0.011,-2.248
"2019-03-02 16:04:00",0,43.1,0.04,0,0,0,0,0,0,0,69.5,0,-2.185
"2019-03-02 16:05:00",0,43.32,0.04,0,0,0,0,0,0,0,69.63,0.011,-2.295
"2019-03-02 16:06:00",0,43.61,0.04,0,0,0,0,0,0,0,69.63,0.034,-2.156
"2019-03-02 16:07:00",0,44.44,0.04,0,0,0,0,0,0,0,69.68,0,-2.082
"2019-03-02 16:08:00",0,44.97,0.04,0,0,0,0,0,0,0,69.79,0.011,-2.308
"2019-03-02 16:09:00",0,44.98,0.04,0,0,0,0,0,0,0,69.7,0.011,-2.286
"2019-03-02 16:10:00",0,45.39,0.04,0,0,0,0,0,0,0,69.78,0,-1.965
"2019-03-02 16:11:00",0,43.45,0.04,0,0,0,0,0,0,0,69.91,0.023,-2.121
"2019-03-02 16:12:00",0,41.93,0.04,0,0,0,0,0,0,0,69.92,0,-2.203
"2019-03-02 16:13:00",0,43.18,0.04,0,0,0,0,0,0,0,69.89,0.023,-2.307
"2019-03-02 16:14:00",0,43.19,0.04,0,0,0,0,0,0,0,70,0.034,-2.328
"2019-03-02 16:15:00",0,43.23,0.04,0,0,0,0,0,0,0,70.01,0,-2.43
"2019-03-02 16:16:00",0,43.71,0.04,0,0,0,0,0,0,0,69.79,0.023,-2.351
"2019-03-02 16:17:00",0,43.26,0.04,0,0,0,0,0,0,0,70.17,0,-2.084
"2019-03-02 16:18:00",0,42.9,0.04,0,0,0,0,0,0,0,120.4,0.011,-2.192
"2019-03-02 16:19:00",0,42.08,0.04,0,0,0,0,0,0,0,156.1,0.034,-2.294
"2019-03-02 16:20:00",0,41.7,0.04,0,0,0,0,0,0,0,156.9,0,-2.238
"2019-03-02 16:21:00",0,41.49,0.04,0,0,0,0,0,0,0,158.3,0.011,-2.376
"2019-03-02 16:22:00",0,41.88,0.04,0,0,0,0,0,0,0,158.1,0,-1.903
"2019-03-02 16:23:00",0,41.28,0.04,0,0,0,0,0,0,0,157.8,0.011,-2.302
"2019-03-02 16:24:00",0,40.71,0.04,0,0,0,0,0,0,0,157.9,0,-2.478
"2019-03-02 16:25:00",0,40.11,0.04,0,0,0,0,0,0,0,157.9,0,-2.401
"2019-03-02 16:26:00",0,39.94,0.04,0,0,0,0,0,0,0,157.9,0,-2.161
"2019-03-02 16:27:00",0,39.54,0.041,0,0,0,0,0,0,0,158,0.011,-2.339
"2019-03-02 16:28:00",0,39.37,0.041,0,0,0,0,0,0,0,158.2,0.011,-2.146
"2019-03-02 16:29:00",0,38.82,0.04,0,0,0,0,0,0,0,157.9,0.011,-2.258
"2019-03-02 16:30:00",0,38,0.04,0,0,0,0,0,0,0,157.7,0.023,-2.106
"2019-03-02 16:31:00",0,37.82,0.04,0,0,0,0,0,0,0,157.7,0.045,-2.27
"2019-03-02 16:32:00",0,37.45,0.04,0,0,0,0,0,0,0,157.4,0.011,-2.201
"2019-03-02 16:33:00",0,36.99,0.04,0,0,0,0,0,0,0,157.5,0.023,-2.32
"2019-03-02 16:34:00",0,36.43,0.039,0,0,0,0,0,0,0,157.3,0.023,-2.1
"2019-03-02 16:35:00",0,35.6,0.039,0,0,0,0,0,0,0,157.6,0,-2.3
"2019-03-02 16:36:00",0,35.18,0.04,0,0,0,0,0,0,0,157.4,0.011,-2.271
"2019-03-02 16:37:00",0,35.19,0.039,0,0,0,0,0,0,0,157.7,0,-2.165
"2019-03-02 16:38:00",0,35.31,0.039,0,0,0,0,0,0,0,157.4,0,-2.43
"2019-03-02 16:39:00",0,35.32,0.039,0,0,0,0,0,0,0,157.5,0,-2.383
"2019-03-02 16:40:00",0,35.34,0.039,0,0,0,0,0,0,0,157.4,0,-2.024
"2019-03-02 16:41:00",0,35.38,0.04,0,0,0,0,0,0,0,157.6,0,-2.006
"2019-03-02 16:42:00",0,35.57,0.039,0,0,0,0,0,0,0,157.4,0,-2.272
"2019-03-02 16:43:00",0,35.66,0.039,0,0,0,0,0,0,0,157.4,0,-2.383
"2019-03-02 16:44:00",0,35.5,0.039,0,0,0,0,0,0,0,157.2,0,-2.054
"2019-03-02 16:45:00",0,35.37,0.038,0,0,0,0,0,0,0,157.3,0,-2.643
"2019-03-02 16:46:00",0,35.09,0.038,0,0,0,0,0,0,0,157.2,0,-2.16
"2019-03-02 16:47:00",0,34.83,0.039,0,0,0,0,0,0,0,157.4,0,-2.221
"2019-03-02 16:48:00",0,34.77,0.038,0,0,0,0,0,0,0,157.4,0,-2.262
"2019-03-02 16:49:00",0,35.12,0.039,0,0,0,0,0,0,0,157.4,0.023,-2.453
"2019-03-02 16:50:00",0,35.74,0.038,0,0,0,0,0,0,0,157.2,0.011,-2.245
"2019-03-02 16:51:00",0,36.41,0.038,0,0,0,0,0,0,0,157.5,0.034,-2.003
"2019-03-02 16:52:00",0,36.83,0.038,0,0,0,0,0,0,0,157.3,0.011,-2.421
"2019-03-02 16:53:00",0,37.46,0.038,0,0,0,0,0,0,0,157.4,0.011,-2.221
"2019-03-02 16:54:00",0,37.94,0.038,0,0,0,0,0,0,0,157.4,0,-2.293
"2019-03-02 16:55:00",0,38.22,0.039,0,0,0,0,0,0,0,157.5,0,-1.893
"2019-03-02 16:56:00",0,38.64,0.038,0,0,0,0,0,0,0,157.6,0.045,-2.003
"2019-03-02 16:57:00",0,39.22,0.038,0,0,0,0,0,0,0,157.8,0,-2.172
"2019-03-02 16:58:00",0,39.32,0.038,0,0,0,0,0,0,0,158.1,0.023,-2.02
"2019-03-02 16:59:00",0,39.56,0.038,0,0,0,0,0,0,0,157.9,0,-2.019
"2019-03-02 17:00:00",0,39.69,0.038,0,0,0,0,0,0,0,157.6,0.034,-2.331
"2019-03-02 17:01:00",0,40,0.037,0,0,0,0,0,0,0,127.3,0.011,-2.22
"2019-03-02 17:02:00",0,40.05,0.038,0,0,0,0,0,0,0,70.29,0,-2.319
"2019-03-02 17:03:00",0,40.36,0.038,0,0,0,0,0,0,0,70.06,0.011,-2.128
"2019-03-02 17:04:00",0,40.13,0.038,0,0,0,0,0,0,0,128.6,0.057,-2.755
"2019-03-02 17:05:00",0,40,0.037,0,0,0,0,0,0,0,160.5,0,-1.87
"2019-03-02 17:06:00",0,39.84,0.038,0,0,0,0,0,0,0,159.3,0.023,-2.301
"2019-03-02 17:07:00",0,39.98,0.039,0,0,0,0,0,0,0,158.8,0.011,-2.412
"2019-03-02 17:08:00",0,40.03,0.038,0,0,0,0,0,0,0,158.7,0.011,-2.139
"2019-03-02 17:09:00",0,39.89,0.038,0,0,0,0,0,0,0,158.9,0,-1.972
"2019-03-02 17:10:00",0,40.25,0.038,0,0,0,0,0,0,0,158.6,0.011,-2.133
"2019-03-02 17:11:00",0,40.15,0.039,0,0,0,0,0,0,0,158.3,0,-2.102
"2019-03-02 17:12:00",0,40.06,0.038,0,0,0,0,0,0,0,158.4,0.011,-2.092
"2019-03-02 17:13:00",0,39.8,0.039,0,0,0,0,0,0,0,158.1,0,-2.262
"2019-03-02 17:14:00",0,39.69,0.038,0,0,0,0,0,0,0,157,0.011,-2.315
"2019-03-02 17:15:00",0,39.59,0.038,0,0,0,0,0,0,0,157.1,0,-2.186
"2019-03-02 17:16:00",0,39.58,0.038,0,0,0,0,0,0,0,156.6,0,-2.195
"2019-03-02 17:17:00",0,39.38,0.038,0,0,0,0,0,0,0,156.2,0.011,-2.239
"2019-03-02 17:18:00",0,38.93,0.038,0,0,0,0,0,0,0,155.9,0.011,-2.185
"2019-03-02 17:19:00",0,38.66,0.037,0,0,0,0,0,0,0,155.3,0,-2.3
"2019-03-02 17:20:00",0,38.75,0.038,0,0,0,0,0,0,0,155,0,-2.185
"2019-03-02 17:21:00",0,38.83,0.037,0,0,0,0,0,0,0,154.4,0,-2.408
"2019-03-02 17:22:00",0,38.64,0.037,0,0,0,0,0,0,0,153.7,0,-2.321
"2019-03-02 17:23:00",0,38.43,0.037,0,0,0,0,0,0,0,153.2,0.023,-2.246
"2019-03-02 17:24:00",0,38.4,0.037,0,0,0,0,0,0,0,152.6,0,-2.26
"2019-03-02 17:25:00",0,38.41,0.037,0,0,0,0,0,0,0,151.8,0.011,-2.253
"2019-03-02 17:26:00",0,38.22,0.037,0,0,0,0,0,0,0,151.1,0,-2.272
"2019-03-02 17:27:00",0,38.16,0.037,0,0,0,0,0,0,0,150.9,0.034,-2.269
"2019-03-02 17:28:00",0,38.02,0.037,0,0,0,0,0,0,0,131.1,0,-2.42
"2019-03-02 17:29:00",0,38.04,0.037,0,0,0,0,0,0,0,121.1,0,-1.9
"2019-03-02 17:30:00",0,37.78,0.037,0,0,0,0,0,0,0,114,0,-2.419
"2019-03-02 17:31:00",0,37.95,0.038,0,0,0,0,0,0,0,40.74,0,-2.465
"2019-03-02 17:32:00",0,37.8,0.037,0,0,0,0,0,0,0,40.47,0.045,-2.378
"2019-03-02 17:33:00",0,37.68,0.037,0,0,0,0,0,0,0,40.59,0,-2.278
"2019-03-02 17:34:00",0,37.42,0.037,0,0,0,0,0,0,0,40.6,0.011,-2.19
"2019-03-02 17:35:00",0,37.41,0.037,0,0,0,0,0,0,0,40.58,0,-2.207
"2019-03-02 17:36:00",0,36.97,0.038,0,0,0,0,0,0,0,40.43,0,-2.053
"2019-03-02 17:37:00",0,36.79,0.037,0,0,0,0,0,0,0,40.51,0,-2.264
"2019-03-02 17:38:00",0,36.73,0.037,0,0,0,0,0,0,0,40.45,0,-1.981
"2019-03-02 17:39:00",0,36.54,0.037,0,0,0,0,0,0,0,40.63,0.011,-2.38
"2019-03-02 17:40:00",0,36.38,0.037,0,0,0,0,0,0,0,40.69,0.023,-2.16
"2019-03-02 17:41:00",0,36.3,0.037,0,0,0,0,0,0,0,40.44,0.011,-2.548
"2019-03-02 17:42:00",0,36.19,0.037,0,0,0,0,0,0,0,40.56,0,-2.63
"2019-03-02 17:43:00",0,36.12,0.037,0,0,0,0,0,0,0,40.59,0,-2.022
"2019-03-02 17:44:00",0,35.82,0.038,0,0,0,0,0,0,0,40.77,0,-2.374
"2019-03-02 17:45:00",0,35.72,0.037,0,0,0,0,0,0,0,40.77,0.023,-2.496
"2019-03-02 17:46:00",0,35.7,0.038,0,0,0,0,0,0,0,40.71,0,-2.153
"2019-03-02 17:47:00",0,35.65,0.037,0,0,0,0,0,0,0,40.74,0.011,-2.372
"2019-03-02 17:48:00",0,35.48,0.037,0,0,0,0,0,0,0,40.62,0,-2.628
"2019-03-02 17:49:00",0,35.4,0.037,0,0,0,0,0,0,0,40.7,0.023,-2.313
"2019-03-02 17:50:00",0,35.09,0.038,0,0,0,0,0,0,0,40.48,0,-1.944
"2019-03-02 17:51:00",0,35.07,0.038,0,0,0,0,0,0,0,40.44,0.023,-2.406
"2019-03-02 17:52:00",0,35.14,0.037,0,0,0,0,0,0,0,40.76,0,-2.248
"2019-03-02 17:53:00",0,35.1,0.038,0,0,0,0,0,0,0,40.67,0,-1.821
"2019-03-02 17:54:00",0,35,0.038,0,0,0,0,0,0,0,40.73,0.023,-2.411
"2019-03-02 17:55:00",0,34.82,0.038,0,0,0,0,0,0,0,40.75,0.011,-2.287
"2019-03-02 17:56:00",0,34.67,0.038,0,0,0,0,0,0,0,40.37,0,-2.546
"2019-03-02 17:57:00",0,34.58,0.039,0,0,0,0,0,0,0,40.45,0,-2.057
"2019-03-02 17:58:00",0,34.57,0.038,0,0,0,0,0,0,0,40.7,0,-2.131
"2019-03-02 17:59:00",0,34.44,0.038,0,0,0,0,0,0,0,40.56,0,-2.306
"2019-03-02 18:00:00",0,34.35,0.039,0,0,0,0,0,0,0,40.74,0.011,-2.127
"2019-03-02 18:01:00",0,34.2,0.039,0,0,0,0,0,0,0,40.66,0.023,-2.361
"2019-03-02 18:02:00",0,33.91,0.039,0,0,0,0,0,0,0,40.52,0.011,-2.295
"2019-03-02 18:03:00",0,33.78,0.039,0,0,0,0,0,0,0,40.49,0,-2.234
"2019-03-02 18:04:00",0,33.68,0.039,0,0,0,0,0,0,0,40.6,0.011,-2.358
"2019-03-02 18:05:00",0,33.6,0.039,0,0,0,0,0,0,0,40.43,0,-2.11
"2019-03-02 18:06:00",0,33.4,0.038,0,0,0,0,0,0,0,40.45,0,-2.199
"2019-03-02 18:07:00",0,33.3,0.038,0,0,0,0,0,0,0,40.47,0,-2.644
"2019-03-02 18:08:00",0,33.15,0.038,0,0,0,0,0,0,0,40.49,0.023,-2.031
"2019-03-02 18:09:00",0,32.92,0.038,0,0,0,0,0,0,0,40.4,0,-2.292
"2019-03-02 18:10:00",0,32.72,0.037,0,0,0,0,0,0,0,40.07,0.011,-2.604
"2019-03-02 18:11:00",0,32.63,0.038,0,0,0,0,0,0,0,39.9,0.034,-2.238
"2019-03-02 18:12:00",0,32.61,0.039,0,0,0,0,0,0,0,40.18,0.011,-2.595
"2019-03-02 18:13:00",0,32.54,0.038,0,0,0,0,0,0,0,40.44,0,-1.969
"2019-03-02 18:14:00",0,32.43,0.037,0,0,0,0,0,0,0,40.09,0,-2.181
"2019-03-02 18:15:00",0,32.33,0.037,0,0,0,0,0,0,0,40.08,0,-2.353
"2019-03-02 18:16:00",0,32.26,0.037,0,0,0,0,0,0,0,40.32,0.011,-2.382
"2019-03-02 18:17:00",0,32.17,0.037,0,0,0,0,0,0,0,40.4,0,-2.291
"2019-03-02 18:18:00",0,32.1,0.038,0,0,0,0,0,0,0,40.41,0,-2.093
"2019-03-02 18:19:00",0,31.96,0.037,0,0,0,0,0,0,0,40.4,0.011,-2.328
"2019-03-02 18:20:00",0,31.79,0.037,0,0,0,0,0,0,0,40.35,0,-2.3
"2019-03-02 18:21:00",0,31.75,0.037,0,0,0,0,0,0,0,40.1,0,-2.175
"2019-03-02 18:22:00",0,31.65,0.037,0,0,0,0,0,0,0,43.33,0,-2.159
"2019-03-02 18:23:00",0,31.47,0.037,0,0,0,0,0,0,0,53.03,0,-2.387
"2019-03-02 18:24:00",0,31.4,0.037,0,0,0,0,0,0,0,53.61,0.011,-2.296
"2019-03-02 18:25:00",0,31.32,0.036,0,0,0,0,0,0,0,57.95,0.011,-2.44
"2019-03-02 18:26:00",0,31.24,0.037,0,0,0,0,0,0,0,161.4,0.011,-2.43
"2019-03-02 18:27:00",0,31.15,0.036,0,0,0,0,0,0,0,168.6,0.011,-2.197
"2019-03-02 18:28:00",0,31.06,0.037,0,0,0,0,0,0,0,169,0,-2.187
"2019-03-02 18:29:00",0,31.04,0.037,0,0,0,0,0,0,0,169.2,0.011,-2.425
"2019-03-02 18:30:00",0,30.98,0.036,0,0,0,0,0,0,0,169.1,0.023,-2.305
"2019-03-02 18:31:00",0,30.96,0.036,0,0,0,0,0,0,0,169,0,-2.213
"2019-03-02 18:32:00",0,30.85,0.036,0,0,0,0,0,0,0,168.9,0.011,-2.528
"2019-03-02 18:33:00",0,30.74,0.036,0,0,0,0,0,0,0,169.5,0,-2.084
"2019-03-02 18:34:00",0,30.76,0.036,0,0,0,0,0,0,0,169.6,0.023,-2.442
"2019-03-02 18:35:00",0,30.66,0.036,0,0,0,0,0,0,0,169,0,-2.769
"2019-03-02 18:36:00",0,30.66,0.035,0,0,0,0,0,0,0,168.8,0,-2.326
"2019-03-02 18:37:00",0,30.57,0.037,0,0,0,0,0,0,0,168.8,0,-1.946
"2019-03-02 18:38:00",0,30.49,0.037,0,0,0,0,0,0,0,168.5,0,-2.414
"2019-03-02 18:39:00",0,30.38,0.036,0,0,0,0,0,0,0,168.5,0,-2.096
"2019-03-02 18:40:00",0,30.38,0.036,0,0,0,0,0,0,0,168.1,0.011,-2.213
"2019-03-02 18:41:00",0,30.29,0.036,0,0,0,0,0,0,0,167.4,0,-2.139
"2019-03-02 18:42:00",0,30.22,0.036,0,0,0,0,0,0,0,165.7,0,-2.215
"2019-03-02 18:43:00",0,30.16,0.036,0,0,0,0,0,0,0,163.5,0,-2.078
"2019-03-02 18:44:00",0,30.12,0.035,0,0,0,0,0,0,0,161.5,0,-2.042
"2019-03-02 18:45:00",0,30.09,0.036,0,0,0,0,0,0,0,160.5,0.011,-2.325
"2019-03-02 18:46:00",0,30.05,0.035,0,0,0,0,0,0,0,159.7,0,-2.229
"2019-03-02 18:47:00",0,30,0.036,0,0,0,0,0,0,0,198.9,0,-2.16
"2019-03-02 18:48:00",0,29.98,0.036,0,0,0,0,0,0,0,246.2,0,-2.475
"2019-03-02 18:49:00",0,29.95,0.036,0,0,0,0,0,0,0,245.6,0,-1.974
"2019-03-02 18:50:00",0,29.92,0.036,0,0,0,0,0,0,0,244.2,0,-2.514
"2019-03-02 18:51:00",0,29.89,0.037,0,0,0,0,0,0,0,242.8,0,-2.139
"2019-03-02 18:52:00",0,29.85,0.036,0,0,0,0,0,0,0,242.6,0,-2.112
"2019-03-02 18:53:00",0,29.83,0.036,0,0,0,0,0,0,0,242.6,0,-2.357
"2019-03-02 18:54:00",0,29.87,0.037,0,0,0,0,0,0,0,242.1,0.023,-2.206
"2019-03-02 18:55:00",0,29.91,0.036,0,0,0,0,0,0,0,241.6,0,-2.352
"2019-03-02 18:56:00",0,29.92,0.036,0,0,0,0,0,0,0,241.8,0.045,-2.17
"2019-03-02 18:57:00",0,29.97,0.035,0,0,0,0,0,0,0,246.4,0,-2.468
"2019-03-02 18:58:00",0,29.97,0.036,0,0,0,0,0,0,0,258.7,0,-2.275
"2019-03-02 18:59:00",0,29.97,0.036,0,0,0,0,0,0,0,261.6,0,-2.362
"2019-03-02 19:00:00",0,29.93,0.035,0,0,0,0,0,0,0,261.9,0.011,-2.581
"2019-03-02 19:01:00",0,29.97,0.036,0,0,0,0,0,0,0,261.8,0,-2.287
"2019-03-02 19:02:00",0,29.99,0.036,0,0,0,0,0,0,0,188.8,0.011,-2.197
"2019-03-02 19:03:00",0,29.97,0.036,0,0,0,0,0,0,0,175.1,0,-2.228
"2019-03-02 19:04:00",0,29.94,0.036,0,0,0,0,0,0,0,174.6,0,-2.434
"2019-03-02 19:05:00",0,29.86,0.036,0,0,0,0,0,0,0,174.4,0,-2.377
"2019-03-02 19:06:00",0,29.84,0.037,0,0,0,0,0,0,0,172.7,0,-2.404
"2019-03-02 19:07:00",0,29.78,0.036,0,0,0,0,0,0,0,166.4,0,-2.266
"2019-03-02 19:08:00",0,29.76,0.037,0,0,0,0,0,0,0,166.1,0,-2.421
"2019-03-02 19:09:00",0,29.84,0.037,0,0,0,0,0,0,0,165.9,0.011,-2.298
"2019-03-02 19:10:00",0,29.85,0.037,0,0,0,0,0,0,0,165.8,0.011,-2.208
"2019-03-02 19:11:00",0,29.66,0.036,0,0,0,0,0,0,0,146.1,0,-2.512
"2019-03-02 19:12:00",0,29.6,0.036,0,0,0,0,0,0,0,134.7,0,-2.301
"2019-03-02 19:13:00",0,29.63,0.036,0,0,0,0,0,0,0,142,0.011,-2.306
"2019-03-02 19:14:00",0,29.55,0.037,0,0,0,0,0,0,0,80.4,0.011,-2.428
"2019-03-02 19:15:00",0,29.58,0.037,0,0,0,0,0,0,0,63.19,0,-2.24
"2019-03-02 19:16:00",0,29.62,0.036,0,0,0,0,0,0,0,63.02,0.011,-2.124
"2019-03-02 19:17:00",0,29.54,0.037,0,0,0,0,0,0,0,63.03,0,-2.411
"2019-03-02 19:18:00",0,29.56,0.036,0,0,0,0,0,0,0,63.03,0,-2.279
"2019-03-02 19:19:00",0,29.53,0.035,0,0,0,0,0,0,0,62.86,0.034,-2.487
"2019-03-02 19:20:00",0,29.51,0.035,0,0,0,0,0,0,0,62.86,0,-2.273
"2019-03-02 19:21:00",0,29.43,0.036,0,0,0,0,0,0,0,62.74,0,-2.338
"2019-03-02 19:22:00",0,29.44,0.036,0,0,0,0,0,0,0,62.78,0,-1.973
"2019-03-02 19:23:00",0,29.39,0.036,0,0,0,0,0,0,0,62.88,0.023,-2.233
"2019-03-02 19:24:00",0,29.36,0.036,0,0,0,0,0,0,0,62.82,0.011,-2.271
"2019-03-02 19:25:00",0,29.35,0.036,0,0,0,0,0,0,0,62.55,0.023,-2.24
"2019-03-02 19:26:00",0,29.33,0.036,0,0,0,0,0,0,0,62.41,0.011,-2.36
"2019-03-02 19:27:00",0,29.33,0.037,0,0,0,0,0,0,0,62.45,0,-2.159
"2019-03-02 19:28:00",0,29.27,0.036,0,0,0,0,0,0,0,62.29,0,-2.257
"2019-03-02 19:29:00",0,29.25,0.036,0,0,0,0,0,0,0,62.37,0,-2.207
"2019-03-02 19:30:00",0,29.25,0.035,0,0,0,0,0,0,0,62.35,0,-2.176
"2019-03-02 19:31:00",0,29.23,0.035,0,0,0,0,0,0,0,62.21,0,-2.244
"2019-03-02 19:32:00",0,29.22,0.035,0,0,0,0,0,0,0,62.22,0.011,-2.281
"2019-03-02 19:33:00",0,29.2,0.035,0,0,0,0,0,0,0,62.21,0,-2.175
"2019-03-02 19:34:00",0,29.26,0.035,0,0,0,0,0,0,0,62.13,0.011,-2.149
"2019-03-02 19:35:00",0,29.28,0.035,0,0,0,0,0,0,0,62.27,0,-2.281
"2019-03-02 19:36:00",0,29.33,0.035,0,0,0,0,0,0,0,62.1,0.011,-2.344
"2019-03-02 19:37:00",0,29.4,0.035,0,0,0,0,0,0,0,62.16,0,-2.171
"2019-03-02 19:38:00",0,29.42,0.035,0,0,0,0,0,0,0,62.07,0.011,-2.149
"2019-03-02 19:39:00",0,29.42,0.035,0,0,0,0,0,0,0,62.22,0,-2.202
"2019-03-02 19:40:00",0,29.36,0.035,0,0,0,0,0,0,0,62.11,0.011,-2.282
"2019-03-02 19:41:00",0,29.3,0.036,0,0,0,0,0,0,0,62.04,0.011,-2.367
"2019-03-02 19:42:00",0,29.32,0.035,0,0,0,0,0,0,0,62.07,0.023,-2.442
"2019-03-02 19:43:00",0,29.26,0.035,0,0,0,0,0,0,0,61.98,0.034,-2.518
"2019-03-02 19:44:00",0,29.29,0.035,0,0,0,0,0,0,0,62,0.023,-2.327
"2019-03-02 19:45:00",0,29.29,0.035,0,0,0,0,0,0,0,62.06,0,-2.127
"2019-03-02 19:46:00",0,29.21,0.036,0,0,0,0,0,0,0,62.12,0,-2.345
"2019-03-02 19:47:00",0,29.12,0.036,0,0,0,0,0,0,0,61.96,0,-2.359
"2019-03-02 19:48:00",0,29.05,0.036,0,0,0,0,0,0,0,61.98,0,-2.231
"2019-03-02 19:49:00",0,29.01,0.036,0,0,0,0,0,0,0,62,0,-2.255
"2019-03-02 19:50:00",0,29.07,0.037,0,0,0,0,0,0,0,62.07,0,-2.245
"2019-03-02 19:51:00",0,29.07,0.037,0,0,0,0,0,0,0,62.12,0,-2.243
"2019-03-02 19:52:00",0,29.01,0.037,0,0,0,0,0,0,0,62.01,0,-2.169
"2019-03-02 19:53:00",0,28.91,0.036,0,0,0,0,0,0,0,62.06,0,-1.756
"2019-03-02 19:54:00",0,28.91,0.037,0,0,0,0,0,0,0,61.98,0,-2.164
"2019-03-02 19:55:00",0,28.96,0.037,0,0,0,0,0,0,0,61.9,0,-2.228
"2019-03-02 19:56:00",0,29,0.036,0,0,0,0,0,0,0,61.9,0,-2.413
"2019-03-02 19:57:00",0,29,0.036,0,0,0,0,0,0,0,61.88,0,-2.358
"2019-03-02 19:58:00",0,28.97,0.036,0,0,0,0,0,0,0,62.04,0,-2.512
"2019-03-02 19:59:00",0,28.97,0.036,0,0,0,0,0,0,0,61.93,0,-2.284
"2019-03-02 20:00:00",0,28.89,0.037,0,0,0,0,0,0,0,61.87,0,-1.905
"2019-03-02 20:01:00",0,28.87,0.037,0,0,0,0,0,0,0,61.99,0,-2.204
"2019-03-02 20:02:00",0,28.91,0.037,0,0,0,0,0,0,0,61.95,0,-1.892
"2019-03-02 20:03:00",0,28.9,0.036,0,0,0,0,0,0,0,61.94,0.011,-2.089
"2019-03-02 20:04:00",0,28.93,0.037,0,0,0,0,0,0,0,61.97,0,-2.091
"2019-03-02 20:05:00",0,28.95,0.037,0,0,0,0,0,0,0,61.77,0,-2.26
"2019-03-02 20:06:00",0,28.98,0.037,0,0,0,0,0,0,0,61.87,0,-2.116
"2019-03-02 20:07:00",0,28.98,0.036,0,0,0,0,0,0,0,62.05,0,-2.202
"2019-03-02 20:08:00",0,28.99,0.036,0,0,0,0,0,0,0,62.07,0.011,-2.048
"2019-03-02 20:09:00",0,28.97,0.036,0,0,0,0,0,0,0,65.52,0,-1.825
"2019-03-02 20:10:00",0,28.99,0.036,0,0,0,0,0,0,0,66.35,0,-2.266
"2019-03-02 20:11:00",0,28.89,0.036,0,0,0,0,0,0,0,66.18,0,-1.873
"2019-03-02 20:12:00",0,28.93,0.035,0,0,0,0,0,0,0,66.51,0,-2.708
"2019-03-02 20:13:00",0,28.93,0.036,0,0,0,0,0,0,0,67.13,0.011,-2.436
"2019-03-02 20:14:00",0,28.93,0.035,0,0,0,0,0,0,0,66.93,0,-2.195
"2019-03-02 20:15:00",0,28.88,0.036,0,0,0,0,0,0,0,66.94,0.011,-2.106
"2019-03-02 20:16:00",0,28.81,0.035,0,0,0,0,0,0,0,66.92,0,-2.351
"2019-03-02 20:17:00",0,28.84,0.035,0,0,0,0,0,0,0,67.16,0,-2.257
"2019-03-02 20:18:00",0,28.86,0.035,0,0,0,0,0,0,0,67.01,0.011,-2.271
"2019-03-02 20:19:00",0,28.89,0.035,0,0,0,0,0,0,0,67.2,0.011,-2.181
"2019-03-02 20:20:00",0,28.89,0.035,0,0,0,0,0,0,0,67.07,0,-2.33
"2019-03-02 20:21:00",0,28.85,0.034,0,0,0,0,0,0,0,66.93,0,-1.937
"2019-03-02 20:22:00",0,28.84,0.034,0,0,0,0,0,0,0,67.15,0,-2.128
"2019-03-02 20:23:00",0,28.85,0.034,0,0,0,0,0,0,0,67.2,0.011,-2.161
"2019-03-02 20:24:00",0,28.79,0.034,0,0,0,0,0,0,0,67.1,0,-2.254
"2019-03-02 20:25:00",0,28.77,0.034,0,0,0,0,0,0,0,67.03,0,-2.137
"2019-03-02 20:26:00",0,28.77,0.034,0,0,0,0,0,0,0,67.14,0.011,-2.307
"2019-03-02 20:27:00",0,28.78,0.034,0,0,0,0,0,0,0,67.21,0,-1.703
"2019-03-02 20:28:00",0,28.8,0.034,0,0,0,0,0,0,0,67.25,0.023,-2.145
"2019-03-02 20:29:00",0,28.84,0.034,0,0,0,0,0,0,0,67.19,0.011,-2.359
"2019-03-02 20:30:00",0,28.68,0.034,0,0,0,0,0,0,0,67.19,0,-1.848
"2019-03-02 20:31:00",0,28.72,0.034,0,0,0,0,0,0,0,67.14,0,-2.24
"2019-03-02 20:32:00",0,28.76,0.033,0,0,0,0,0,0,0,109.2,0.011,-2.083
"2019-03-02 20:33:00",0,28.75,0.034,0,0,0,0,0,0,0,157.3,0.045,-2.449
"2019-03-02 20:34:00",0,28.68,0.033,0,0,0,0,0,0,0,156.7,0.011,-2.107
"2019-03-02 20:35:00",0,28.67,0.033,0,0,0,0,0,0,0,156.3,0.011,-2.153
"2019-03-02 20:36:00",0,28.66,0.033,0,0,0,0,0,0,0,156.2,0,-2.212
"2019-03-02 20:37:00",0,28.65,0.033,0,0,0,0,0,0,0,152.7,0,-2.226
"2019-03-02 20:38:00",0,28.7,0.033,0,0,0,0,0,0,0,150.9,0.011,-2.239
"2019-03-02 20:39:00",0,28.66,0.033,0,0,0,0,0,0,0,150.6,0,-2.228
"2019-03-02 20:40:00",0,28.69,0.033,0,0,0,0,0,0,0,150.5,0.011,-2.1
"2019-03-02 20:41:00",0,28.68,0.033,0,0,0,0,0,0,0,150.4,0,-1.835
"2019-03-02 20:42:00",0,28.82,0.033,0,0,0,0,0,0,0,150,0,-2.187
"2019-03-02 20:43:00",0,28.89,0.033,0,0,0,0,0,0,0,149.6,0.023,-2.23
"2019-03-02 20:44:00",0,28.89,0.033,0,0,0,0,0,0,0,149,0,-2.426
"2019-03-02 20:45:00",0,28.86,0.033,0,0,0,0,0,0,0,148.7,0,-2.278
"2019-03-02 20:46:00",0,28.84,0.033,0,0,0,0,0,0,0,148.5,0,-2.101
"2019-03-02 20:47:00",0,28.81,0.033,0,0,0,0,0,0,0,147.8,0.057,-2.279
"2019-03-02 20:48:00",0,28.85,0.033,0,0,0,0,0,0,0,147.3,0.011,-2.319
"2019-03-02 20:49:00",0,28.78,0.034,0,0,0,0,0,0,0,146.6,0,-2.424
"2019-03-02 20:50:00",0,28.79,0.033,0,0,0,0,0,0,0,146.3,0,-2.543
"2019-03-02 20:51:00",0,28.78,0.034,0,0,0,0,0,0,0,145.7,0,-1.926
"2019-03-02 20:52:00",0,28.8,0.034,0,0,0,0,0,0,0,144.8,0,-2.311
"2019-03-02 20:53:00",0,28.83,0.033,0,0,0,0,0,0,0,143.9,0.023,-2.19
"2019-03-02 20:54:00",0,28.8,0.033,0,0,0,0,0,0,0,143.5,0.011,-2.249
"2019-03-02 20:55:00",0,28.73,0.034,0,0,0,0,0,0,0,143.1,0,-1.872
"2019-03-02 20:56:00",0,28.69,0.034,0,0,0,0,0,0,0,142.6,0,-1.905
"2019-03-02 20:57:00",0,28.64,0.033,0,0,0,0,0,0,0,142.1,0,-2.457
"2019-03-02 20:58:00",0,28.73,0.034,0,0,0,0,0,0,0,141.9,0,-2.193
"2019-03-02 20:59:00",0,28.67,0.033,0,0,0,0,0,0,0,74.25,0,-2.277
"2019-03-02 21:00:00",0,28.6,0.034,0,0,0,0,0,0,0,62.22,0.011,-2.215
"2019-03-02 21:01:00",0,28.58,0.033,0,0,0,0,0,0,0,62.22,0.011,-2.198
"2019-03-02 21:02:00",0,28.66,0.033,0,0,0,0,0,0,0,62.44,0.011,-2.542
"2019-03-02 21:03:00",0,28.69,0.034,0,0,0,0,0,0,0,62.1,0,-2.158
"2019-03-02 21:04:00",0,28.7,0.034,0,0,0,0,0,0,0,62.22,0,-2.19
"2019-03-02 21:05:00",0,28.64,0.034,0,0,0,0,0,0,0,62.1,0.023,-2.121
"2019-03-02 21:06:00",0,28.66,0.033,0,0,0,0,0,0,0,62.07,0.011,-2.325
"2019-03-02 21:07:00",0,28.64,0.033,0,0,0,0,0,0,0,62.12,0.011,-2.272
"2019-03-02 21:08:00",0,28.56,0.034,0,0,0,0,0,0,0,62.02,0.023,-2.233
"2019-03-02 21:09:00",0,28.55,0.034,0,0,0,0,0,0,0,62.15,0,-2.46
"2019-03-02 21:10:00",0,28.65,0.034,0,0,0,0,0,0,0,62.29,0,-2.242
"2019-03-02 21:11:00",0,28.61,0.034,0,0,0,0,0,0,0,62.16,0,-2.225
"2019-03-02 21:12:00",0,28.56,0.033,0,0,0,0,0,0,0,62.09,0.011,-1.931
"2019-03-02 21:13:00",0,28.49,0.033,0,0,0,0,0,0,0,62.12,0,-2.349
"2019-03-02 21:14:00",0,28.49,0.034,0,0,0,0,0,0,0,62,0.011,-2.132
"2019-03-02 21:15:00",0,28.49,0.034,0,0,0,0,0,0,0,62.09,0,-2.154
"2019-03-02 21:16:00",0,28.48,0.033,0,0,0,0,0,0,0,62.08,0.011,-2.446
"2019-03-02 21:17:00",0,28.49,0.034,0,0,0,0,0,0,0,62.23,0.023,-2.464
"2019-03-02 21:18:00",0,28.56,0.033,0,0,0,0,0,0,0,61.91,0,-2.211
"2019-03-02 21:19:00",0,28.63,0.034,0,0,0,0,0,0,0,61.91,0.011,-2.273
"2019-03-02 21:20:00",0,28.61,0.034,0,0,0,0,0,0,0,62.27,0,-2.334
"2019-03-02 21:21:00",0,28.54,0.034,0,0,0,0,0,0,0,61.99,0,-2.291
"2019-03-02 21:22:00",0,28.55,0.034,0,0,0,0,0,0,0,62.1,0,-2.247
"2019-03-02 21:23:00",0,28.58,0.034,0,0,0,0,0,0,0,62.22,0.011,-2.259
"2019-03-02 21:24:00",0,28.5,0.034,0,0,0,0,0,0,0,62.01,0.011,-2.208
"2019-03-02 21:25:00",0,28.49,0.033,0,0,0,0,0,0,0,62.1,0.011,-2.174
"2019-03-02 21:26:00",0,28.59,0.033,0,0,0,0,0,0,0,62.05,0,-2.107
"2019-03-02 21:27:00",0,28.55,0.033,0,0,0,0,0,0,0,62.27,0.023,-2.242
"2019-03-02 21:28:00",0,28.64,0.034,0,0,0,0,0,0,0,62.17,0,-2.263
"2019-03-02 21:29:00",0,28.58,0.033,0,0,0,0,0,0,0,62.17,0.023,-2.386
"2019-03-02 21:30:00",0,28.5,0.033,0,0,0,0,0,0,0,62.15,0,-2.164
"2019-03-02 21:31:00",0,28.61,0.033,0,0,0,0,0,0,0,62.11,0.011,-1.998
"2019-03-02 21:32:00",0,28.55,0.032,0,0,0,0,0,0,0,62.08,0,-1.951
"2019-03-02 21:33:00",0,28.58,0.033,0,0,0,0,0,0,0,62.39,0,-1.965
"2019-03-02 21:34:00",0,28.56,0.033,0,0,0,0,0,0,0,62.12,0,-2.273
"2019-03-02 21:35:00",0,28.47,0.033,0,0,0,0,0,0,0,61.94,0,-2.313
"2019-03-02 21:36:00",0,28.49,0.033,0,0,0,0,0,0,0,62.01,0.011,-2.09
"2019-03-02 21:37:00",0,28.42,0.032,0,0,0,0,0,0,0,62.21,0,-2.386
"2019-03-02 21:38:00",0,28.39,0.033,0,0,0,0,0,0,0,62.09,0,-1.999
"2019-03-02 21:39:00",0,28.37,0.032,0,0,0,0,0,0,0,61.95,0,-2.186
"2019-03-02 21:40:00",0,28.4,0.033,0,0,0,0,0,0,0,62.15,0,-2.2
"2019-03-02 21:41:00",0,28.49,0.033,0,0,0,0,0,0,0,62.24,0,-2.189
"2019-03-02 21:42:00",0,28.47,0.032,0,0,0,0,0,0,0,62.3,0,-2.3
"2019-03-02 21:43:00",0,28.48,0.033,0,0,0,0,0,0,0,62.16,0,-2.211
"2019-03-02 21:44:00",0,28.42,0.033,0,0,0,0,0,0,0,62.09,0.023,-2.253
"2019-03-02 21:45:00",0,28.48,0.033,0,0,0,0,0,0,0,62.24,0.034,-2.196
"2019-03-02 21:46:00",0,28.47,0.033,0,0,0,0,0,0,0,62.16,0,-1.976
"2019-03-02 21:47:00",0,28.49,0.033,0,0,0,0,0,0,0,62.11,0.023,-2.259
"2019-03-02 21:48:00",0,28.51,0.033,0,0,0,0,0,0,0,62.04,0.011,-2.16
"2019-03-02 21:49:00",0,28.44,0.033,0,0,0,0,0,0,0,62.28,0,-2.233
"2019-03-02 21:50:00",0,28.47,0.033,0,0,0,0,0,0,0,62.1,0,-2.002
"2019-03-02 21:51:00",0,28.46,0.032,0,0,0,0,0,0,0,62.13,0.011,-2.288
"2019-03-02 21:52:00",0,28.44,0.032,0,0,0,0,0,0,0,62.11,0.011,-2.246
"2019-03-02 21:53:00",0,28.43,0.032,0,0,0,0,0,0,0,62.37,0.011,-1.98
"2019-03-02 21:54:00",0,28.47,0.032,0,0,0,0,0,0,0,62.37,0,-1.994
"2019-03-02 21:55:00",0,28.52,0.032,0,0,0,0,0,0,0,62.34,0,-2.322
"2019-03-02 21:56:00",0,28.5,0.032,0,0,0,0,0,0,0,62.22,0.011,-2.111
"2019-03-02 21:57:00",0,28.43,0.033,0,0,0,0,0,0,0,61.96,0.011,-2.061
"2019-03-02 21:58:00",0,28.4,0.033,0,0,0,0,0,0,0,62.15,0.011,-2.053
"2019-03-02 21:59:00",0,28.47,0.032,0,0,0,0,0,0,0,62.17,0.023,-2.317
"2019-03-02 22:00:00",0,28.55,0.032,0,0,0,0,0,0,0,62.17,0.011,-2.3
"2019-03-02 22:01:00",0,28.57,0.032,0,0,0,0,0,0,0,62.38,0,-2.251
"2019-03-02 22:02:00",0,28.55,0.032,0,0,0,0,0,0,0,62.05,0.011,-2.153
"2019-03-02 22:03:00",0,28.56,0.032,0,0,0,0,0,0,0,62.32,0.011,-2.244
"2019-03-02 22:04:00",0,28.53,0.032,0,0,0,0,0,0,0,62.17,0,-2.122
"2019-03-02 22:05:00",0,28.47,0.033,0,0,0,0,0,0,0,62.28,0.011,-2.281
"2019-03-02 22:06:00",0,28.53,0.032,0,0,0,0,0,0,0,62.32,0,-2.359
"2019-03-02 22:07:00",0,28.52,0.032,0,0,0,0,0,0,0,62.3,0,-2.036
"2019-03-02 22:08:00",0,28.45,0.033,0,0,0,0,0,0,0,62.3,0,-2.35
"2019-03-02 22:09:00",0,28.4,0.032,0,0,0,0,0,0,0,70.87,0.011,-2.111
"2019-03-02 22:10:00",0,28.47,0.032,0,0,0,0,0,0,0,80.7,0,-1.969
"2019-03-02 22:11:00",0,28.52,0.032,0,0,0,0,0,0,0,83.5,0,-1.982
"2019-03-02 22:12:00",0,28.49,0.031,0,0,0,0,0,0,0,81.9,0.045,-2.29
"2019-03-02 22:13:00",0,28.45,0.032,0,0,0,0,0,0,0,136.3,0,-2.215
"2019-03-02 22:14:00",0,28.45,0.033,0,0,0,0,0,0,0,148,0.023,-2.192
"2019-03-02 22:15:00",0,28.49,0.032,0,0,0,0,0,0,0,149.9,0.023,-2.263
"2019-03-02 22:16:00",0,28.56,0.033,0,0,0,0,0,0,0,254,0.011,-2.288
"2019-03-02 22:17:00",0,28.5,0.032,0,0,0,0,0,0,0,238.6,0,-2.237
"2019-03-02 22:18:00",0,28.43,0.032,0,0,0,0,0,0,0,238,0,-2.112
"2019-03-02 22:19:00",0,28.41,0.033,0,0,0,0,0,0,0,237.9,0,-2.256
"2019-03-02 22:20:00",0,28.45,0.032,0,0,0,0,0,0,0,237.9,0.011,-2.299
"2019-03-02 22:21:00",0,28.47,0.032,0,0,0,0,0,0,0,237.9,0,-2.043
"2019-03-02 22:22:00",0,28.52,0.032,0,0,0,0,0,0,0,237.1,0.023,-2.433
"2019-03-02 22:23:00",0,28.57,0.032,0,0,0,0,0,0,0,236.8,0,-2.236
"2019-03-02 22:24:00",0,28.57,0.032,0,0,0,0,0,0,0,236.5,0.011,-2.354
"2019-03-02 22:25:00",0,28.57,0.032,0,0,0,0,0,0,0,236.1,0,-2.344
"2019-03-02 22:26:00",0,28.5,0.032,0,0,0,0,0,0,0,235.5,0.011,-2.2
"2019-03-02 22:27:00",0,28.44,0.032,0,0,0,0,0,0,0,235,0.011,-2.24
"2019-03-02 22:28:00",0,28.42,0.032,0,0,0,0,0,0,0,234.4,0.023,-2.246
"2019-03-02 22:29:00",0,28.46,0.032,0,0,0,0,0,0,0,233.8,0.011,-2.234
"2019-03-02 22:30:00",0,28.38,0.032,0,0,0,0,0,0,0,233.2,0.011,-2.194
"2019-03-02 22:31:00",0,28.35,0.032,0,0,0,0,0,0,0,232.1,0,-2.227
"2019-03-02 22:32:00",0,28.4,0.032,0,0,0,0,0,0,0,231.6,0,-2.344
"2019-03-02 22:33:00",0,28.38,0.032,0,0,0,0,0,0,0,231.3,0.011,-2.075
"2019-03-02 22:34:00",0,28.36,0.031,0,0,0,0,0,0,0,230.6,0.011,-2.34
"2019-03-02 22:35:00",0,28.32,0.032,0,0,0,0,0,0,0,230.4,0.023,-2.304
"2019-03-02 22:36:00",0,28.38,0.032,0,0,0,0,0,0,0,229.7,0.011,-2.531
"2019-03-02 22:37:00",0,28.38,0.032,0,0,0,0,0,0,0,229,0,-2.443
"2019-03-02 22:38:00",0,28.51,0.032,0,0,0,0,0,0,0,228.4,0,-2.31
"2019-03-02 22:39:00",0,28.5,0.033,0,0,0,0,0,0,0,227.4,0,-2.248
"2019-03-02 22:40:00",0,28.45,0.032,0,0,0,0,0,0,0,227,0.011,-2.363
"2019-03-02 22:41:00",0,28.45,0.032,0,0,0,0,0,0,0,226.5,0,-2.294
"2019-03-02 22:42:00",0,28.49,0.032,0,0,0,0,0,0,0,222.5,0,-1.961
"2019-03-02 22:43:00",0,28.5,0.032,0,0,0,0,0,0,0,148.9,0.011,-2.304
"2019-03-02 22:44:00",0,28.52,0.032,0,0,0,0,0,0,0,149.2,0.011,-2.164
"2019-03-02 22:45:00",0,28.49,0.031,0,0,0,0,0,0,0,149,0.034,-2.309
"2019-03-02 22:46:00",0,28.49,0.032,0,0,0,0,0,0,0,148.9,0,-2.201
"2019-03-02 22:47:00",0,28.55,0.031,0,0,0,0,0,0,0,148.8,0,-2.287
"2019-03-02 22:48:00",0,28.53,0.032,0,0,0,0,0,0,0,148.8,0.011,-2.104
"2019-03-02 22:49:00",0,28.51,0.032,0,0,0,0,0,0,0,148.9,0.023,-2.489
"2019-03-02 22:50:00",0,28.58,0.032,0,0,0,0,0,0,0,148.6,0.011,-2.281
"2019-03-02 22:51:00",0,28.64,0.032,0,0,0,0,0,0,0,148.7,0.023,-2.166
"2019-03-02 22:52:00",0,28.58,0.031,0,0,0,0,0,0,0,148.7,0,-2.566
"2019-03-02 22:53:00",0,28.58,0.032,0,0,0,0,0,0,0,141.3,0.034,-2.238
"2019-03-02 22:54:00",0,28.57,0.032,0,0,0,0,0,0,0,62.08,0.011,-2.275
"2019-03-02 22:55:00",0,28.55,0.032,0,0,0,0,0,0,0,62.17,0,-2.302
"2019-03-02 22:56:00",0,28.64,0.033,0,0,0,0,0,0,0,62.01,0.023,-2.253
"2019-03-02 22:57:00",0,28.65,0.032,0,0,0,0,0,0,0,62.06,0.011,-2.309
"2019-03-02 22:58:00",0,28.63,0.033,0,0,0,0,0,0,0,62.05,0,-2.107
"2019-03-02 22:59:00",0,28.67,0.032,0,0,0,0,0,0,0,62.11,0.023,-2.225
"2019-03-02 23:00:00",0,28.66,0.033,0,0,0,0,0,0,0,61.99,0,-2.026
"2019-03-02 23:01:00",0,28.61,0.032,0,0,0,0,0,0,0,62.12,0,-2.399
"2019-03-02 23:02:00",0,28.59,0.033,0,0,0,0,0,0,0,61.98,0,-1.927
"2019-03-02 23:03:00",0,28.6,0.032,0,0,0,0,0,0,0,62.04,0.023,-2.276
"2019-03-02 23:04:00",0,28.59,0.033,0,0,0,0,0,0,0,61.99,0.011,-2.137
"2019-03-02 23:05:00",0,28.56,0.032,0,0,0,0,0,0,0,62.12,0.011,-2.202
"2019-03-02 23:06:00",0,28.6,0.033,0,0,0,0,0,0,0,62.08,0,-2.082
"2019-03-02 23:07:00",0,28.63,0.032,0,0,0,0,0,0,0,62.17,0.057,-2.33
"2019-03-02 23:08:00",0,28.57,0.032,0,0,0,0,0,0,0,62.16,0.011,-2.26
"2019-03-02 23:09:00",0,28.55,0.033,0,0,0,0,0,0,0,62.11,0.011,-2.085
"2019-03-02 23:10:00",0,28.61,0.033,0,0,0,0,0,0,0,62.09,0.034,-2.26
"2019-03-02 23:11:00",0,28.52,0.032,0,0,0,0,0,0,0,62.05,0,-2.549
"2019-03-02 23:12:00",0,28.55,0.033,0,0,0,0,0,0,0,62.05,0.011,-2.318
"2019-03-02 23:13:00",0,28.56,0.033,0,0,0,0,0,0,0,62.07,0.011,-2.199
"2019-03-02 23:14:00",0,28.51,0.033,0,0,0,0,0,0,0,61.97,0,-2.338
"2019-03-02 23:15:00",0,28.48,0.033,0,0,0,0,0,0,0,62.06,0.011,-2.159
"2019-03-02 23:16:00",0,28.47,0.033,0,0,0,0,0,0,0,62.11,0.011,-2.212
"2019-03-02 23:17:00",0,28.43,0.033,0,0,0,0,0,0,0,62.1,0,-2.227
"2019-03-02 23:18:00",0,28.43,0.033,0,0,0,0,0,0,0,62.11,0.034,-2.214
"2019-03-02 23:19:00",0,28.46,0.033,0,0,0,0,0,0,0,62.12,0,-2.301
"2019-03-02 23:20:00",0,28.49,0.033,0,0,0,0,0,0,0,62.07,0.011,-2.225
"2019-03-02 23:21:00",0,28.49,0.033,0,0,0,0,0,0,0,62.09,0.011,-2.269
"2019-03-02 23:22:00",0,28.45,0.033,0,0,0,0,0,0,0,62.2,0.011,-2.189
"2019-03-02 23:23:00",0,28.47,0.033,0,0,0,0,0,0,0,62.11,0.011,-2.24
"2019-03-02 23:24:00",0,28.51,0.034,0,0,0,0,0,0,0,62.12,0,-2.204
"2019-03-02 23:25:00",0,28.49,0.034,0,0,0,0,0,0,0,62.16,0,-2.213
"2019-03-02 23:26:00",0,28.43,0.034,0,0,0,0,0,0,0,62.15,0,-2.228
"2019-03-02 23:27:00",0,28.38,0.034,0,0,0,0,0,0,0,62.23,0.023,-2.208
"2019-03-02 23:28:00",0,28.36,0.034,0,0,0,0,0,0,0,62.23,0.023,-2.245
"2019-03-02 23:29:00",0,28.4,0.034,0,0,0,0,0,0,0,62.18,0.023,-2.34
"2019-03-02 23:30:00",0,28.3,0.033,0,0,0,0,0,0,0,62.3,0.011,-2.396
"2019-03-02 23:31:00",0,28.4,0.034,0,0,0,0,0,0,0,62.31,0.057,-2.133
"2019-03-02 23:32:00",0,28.36,0.033,0,0,0,0,0,0,0,62.28,0.08,-2.352
"2019-03-02 23:33:00",0,28.42,0.034,0,0,0,0,0,0,0,62.21,0.011,-2.208
"2019-03-02 23:34:00",0,28.4,0.034,0,0,0,0,0,0,0,62.19,0,-2.21
"2019-03-02 23:35:00",0,28.39,0.035,0,0,0,0,0,0,0,62.09,0,-1.972
"2019-03-02 23:36:00",0,28.44,0.034,0,0,0,0,0,0,0,61.99,0.011,-2.421
"2019-03-02 23:37:00",0,28.49,0.035,0,0,0,0,0,0,0,61.98,0,-2.291
"2019-03-02 23:38:00",0,28.44,0.034,0,0,0,0,0,0,0,62.17,0.045,-2.409
"2019-03-02 23:39:00",0,28.44,0.035,0,0,0,0,0,0,0,62.18,0,-2.161
"2019-03-02 23:40:00",0,28.41,0.035,0,0,0,0,0,0,0,62.32,0.034,-2.388
"2019-03-02 23:41:00",0,28.43,0.035,0,0,0,0,0,0,0,62.28,0.011,-2.409
"2019-03-02 23:42:00",0,28.45,0.035,0,0,0,0,0,0,0,62.2,0.023,-2.226
"2019-03-02 23:43:00",0,28.39,0.035,0,0,0,0,0,0,0,62.1,0.068,-2.118
"2019-03-02 23:44:00",0,28.37,0.035,0,0,0,0,0,0,0,62.08,0,-2.299
"2019-03-02 23:45:00",0,28.31,0.035,0,0,0,0,0,0,0,62.05,0.023,-2.378
"2019-03-02 23:46:00",0,28.29,0.035,0,0,0,0,0,0,0,62.1,0.034,-2.37
"2019-03-02 23:47:00",0,28.28,0.035,0,0,0,0,0,0,0,62.1,0.034,-2.285
"2019-03-02 23:48:00",0,28.24,0.035,0,0,0,0,0,0,0,62,0,-2.17
"2019-03-02 23:49:00",0,28.23,0.035,0,0,0,0,0,0,0,62.1,0.011,-2.132
"2019-03-02 23:50:00",0,28.21,0.035,0,0,0,0,0,0,0,62.1,0.011,-2.269
"2019-03-02 23:51:00",0,28.21,0.035,0,0,0,0,0,0,0,62.27,0.023,-2.219
"2019-03-02 23:52:00",0,28.16,0.035,0,0,0,0,0,0,0,62.17,0.034,-2.221
"2019-03-02 23:53:00",0,28.29,0.035,0,0,0,0,0,0,0,62.13,0.011,-2.219
"2019-03-02 23:54:00",0,28.28,0.035,0,0,0,0,0,0,0,62.24,0.034,-2.198
"2019-03-02 23:55:00",0,28.26,0.035,0,0,0,0,0,0,0,62.2,0.034,-2.22
"2019-03-02 23:56:00",0,28.25,0.035,0,0,0,0,0,0,0,61.98,0,-2.236
"2019-03-02 23:57:00",0,28.3,0.035,0,0,0,0,0,0,0,62.16,0.011,-2.261
"2019-03-02 23:58:00",0,28.34,0.035,0,0,0,0,0,0,0,62.11,0,-2.257
"2019-03-02 23:59:00",0,28.27,0.035,0,0,0,0,0,0,0,62.02,0.011,-2.291
