"TOA5","CR1000","CR1000","6428","CR1000.Std.10","CPU:MED_RAD.CR1","22591","Dados"
"TIMESTAMP","Radiacao_Avg","Temp_Cel_Avg","Temp_Amb_Avg","Tensao_S1_Avg","Corrente_S1_Avg","Potencia_S1_Avg","Tensao_S2_Avg","Corrente_S2_Avg","Potencia_S2_Avg","Potencia_FV_Avg","Demanda_Avg","FP_FV_Avg","Tensao_Rede_Avg"
"TS","W/m^2","C","C","V","A","W","V","A","W","W","W","%","V"
"","Avg","Avg","Avg","Avg","Avg","Avg","Avg","Avg","Avg","Avg","Avg","Avg","Avg"
"2019-03-03 00:00:00",0,28.23,0.035,0,0,0,0,0,0,0,116.4,0.011,-2.057
"2019-03-03 00:01:00",0,28.27,0.035,0,0,0,0,0,0,0,152.1,0.011,-2.242
"2019-03-03 00:02:00",0,28.4,0.036,0,0,0,0,0,0,0,151.3,0.011,-2.27
"2019-03-03 00:03:00",0,28.45,0.036,0,0,0,0,0,0,0,150.6,0.011,-2.185
"2019-03-03 00:04:00",0,28.46,0.036,0,0,0,0,0,0,0,150,0,-2.075
"2019-03-03 00:05:00",0,28.47,0.036,0,0,0,0,0,0,0,149.8,0,-2.228
"2019-03-03 00:06:00",0,28.46,0.036,0,0,0,0,0,0,0,150.1,0,-2.337
"2019-03-03 00:07:00",0,28.37,0.036,0,0,0,0,0,0,0,149.7,0.011,-2.215
"2019-03-03 00:08:00",0,28.4,0.036,0,0,0,0,0,0,0,149.6,0.034,-2.246
"2019-03-03 00:09:00",0,28.52,0.037,0,0,0,0,0,0,0,149.4,0.023,-2.065
"2019-03-03 00:10:00",0,28.53,0.037,0,0,0,0,0,0,0,149.2,0,-2.196
"2019-03-03 00:11:00",0,28.5,0.037,0,0,0,0,0,0,0,148.9,0,-2.246
"2019-03-03 00:12:00",0,28.41,0.037,0,0,0,0,0,0,0,148.4,0,-2.576
"2019-03-03 00:13:00",0,28.5,0.037,0,0,0,0,0,0,0,147.9,0,-2.265
"2019-03-03 00:14:00",0,28.44,0.037,0,0,0,0,0,0,0,147.4,0,-2.24
"2019-03-03 00:15:00",0,28.41,0.037,0,0,0,0,0,0,0,147.2,0.023,-2.265
"2019-03-03 00:16:00",0,28.37,0.037,0,0,0,0,0,0,0,146.8,0,-2.66
"2019-03-03 00:17:00",0,28.38,0.037,0,0,0,0,0,0,0,146.1,0.023,-2.59
"2019-03-03 00:18:00",0,28.35,0.037,0,0,0,0,0,0,0,145.6,0.011,-2.321
"2019-03-03 00:19:00",0,28.4,0.038,0,0,0,0,0,0,0,144.9,0,-2.348
"2019-03-03 00:20:00",0,28.27,0.037,0,0,0,0,0,0,0,144.3,0,-2.152
"2019-03-03 00:21:00",0,28.29,0.037,0,0,0,0,0,0,0,143.3,0,-2.487
"2019-03-03 00:22:00",0,28.36,0.038,0,0,0,0,0,0,0,142.5,0.023,-2.249
"2019-03-03 00:23:00",0,28.31,0.037,0,0,0,0,0,0,0,142.3,0,-2.374
"2019-03-03 00:24:00",0,28.21,0.038,0,0,0,0,0,0,0,142,0,-2.145
"2019-03-03 00:25:00",0,28.32,0.038,0,0,0,0,0,0,0,141.6,0,-2.399
"2019-03-03 00:26:00",0,28.36,0.038,0,0,0,0,0,0,0,141.3,0,-2.46
"2019-03-03 00:27:00",0,28.32,0.038,0,0,0,0,0,0,0,75.22,0,-2.22
"2019-03-03 00:28:00",0,28.29,0.038,0,0,0,0,0,0,0,62.8,0,-2.179
"2019-03-03 00:29:00",0,28.25,0.038,0,0,0,0,0,0,0,62.71,0,-2.313
"2019-03-03 00:30:00",0,28.32,0.038,0,0,0,0,0,0,0,62.12,0.011,-2.215
"2019-03-03 00:31:00",0,28.37,0.038,0,0,0,0,0,0,0,61.83,0.034,-2.236
"2019-03-03 00:32:00",0,28.41,0.038,0,0,0,0,0,0,0,62.05,0,-2.229
"2019-03-03 00:33:00",0,28.51,0.038,0,0,0,0,0,0,0,61.95,0,-2.362
"2019-03-03 00:34:00",0,28.55,0.038,0,0,0,0,0,0,0,61.65,0,-2.317
"2019-03-03 00:35:00",0,28.56,0.038,0,0,0,0,0,0,0,62.02,0,-2.269
"2019-03-03 00:36:00",0,28.66,0.038,0,0,0,0,0,0,0,62.02,0,-2.189
"2019-03-03 00:37:00",0,28.71,0.038,0,0,0,0,0,0,0,62.01,0.023,-2.29
"2019-03-03 00:38:00",0,28.76,0.039,0,0,0,0,0,0,0,61.96,0,-2.352
"2019-03-03 00:39:00",0,28.88,0.039,0,0,0,0,0,0,0,61.82,0,-2.103
"2019-03-03 00:40:00",0,28.89,0.039,0,0,0,0,0,0,0,61.85,0,-2.152
"2019-03-03 00:41:00",0,28.96,0.038,0,0,0,0,0,0,0,61.74,0,-2.546
"2019-03-03 00:42:00",0,28.97,0.04,0,0,0,0,0,0,0,61.85,0.023,-2.249
"2019-03-03 00:43:00",0,28.98,0.038,0,0,0,0,0,0,0,61.98,0,-1.914
"2019-03-03 00:44:00",0,29.06,0.038,0,0,0,0,0,0,0,62.06,0,-2.256
"2019-03-03 00:45:00",0,29.06,0.038,0,0,0,0,0,0,0,61.96,0,-2.37
"2019-03-03 00:46:00",0,29.07,0.038,0,0,0,0,0,0,0,61.9,0,-2.503
"2019-03-03 00:47:00",0,29,0.039,0,0,0,0,0,0,0,61.96,0,-2.04
"2019-03-03 00:48:00",0,29.04,0.039,0,0,0,0,0,0,0,62.01,0.011,-2.448
"2019-03-03 00:49:00",0,29.02,0.039,0,0,0,0,0,0,0,62,0,-2.502
"2019-03-03 00:50:00",0,28.99,0.039,0,0,0,0,0,0,0,61.91,0,-2.478
"2019-03-03 00:51:00",0,28.94,0.04,0,0,0,0,0,0,0,61.94,0,-2.082
"2019-03-03 00:52:00",0,28.91,0.038,0,0,0,0,0,0,0,61.8,0,-2.068
"2019-03-03 00:53:00",0,28.94,0.039,0,0,0,0,0,0,0,61.6,0,-2.097
"2019-03-03 00:54:00",0,28.92,0.039,0,0,0,0,0,0,0,61.72,0,-2.406
"2019-03-03 00:55:00",0,28.95,0.038,0,0,0,0,0,0,0,61.8,0,-2.247
"2019-03-03 00:56:00",0,28.89,0.039,0,0,0,0,0,0,0,61.89,0,-2.525
"2019-03-03 00:57:00",0,28.86,0.038,0,0,0,0,0,0,0,61.93,0,-2.214
"2019-03-03 00:58:00",0,28.85,0.038,0,0,0,0,0,0,0,61.72,0,-2.346
"2019-03-03 00:59:00",0,28.93,0.038,0,0,0,0,0,0,0,61.97,0,-2.457
"2019-03-03 01:00:00",0,28.89,0.038,0,0,0,0,0,0,0,62.01,0,-2.32
"2019-03-03 01:01:00",0,28.9,0.039,0,0,0,0,0,0,0,62.05,0,-2.278
"2019-03-03 01:02:00",0,28.91,0.038,0,0,0,0,0,0,0,62.13,0,-2.391
"2019-03-03 01:03:00",0,28.9,0.039,0,0,0,0,0,0,0,62.1,0,-2.29
"2019-03-03 01:04:00",0,28.93,0.038,0,0,0,0,0,0,0,62.07,0.011,-2.241
"2019-03-03 01:05:00",0,28.91,0.039,0,0,0,0,0,0,0,61.99,0,-2.158
"2019-03-03 01:06:00",0,28.88,0.038,0,0,0,0,0,0,0,62.01,0,-2.308
"2019-03-03 01:07:00",0,28.81,0.038,0,0,0,0,0,0,0,62.13,0.011,-2.242
"2019-03-03 01:08:00",0,28.73,0.039,0,0,0,0,0,0,0,61.99,0,-2.102
"2019-03-03 01:09:00",0,28.67,0.039,0,0,0,0,0,0,0,61.96,0.011,-2.14
"2019-03-03 01:10:00",0,28.63,0.039,0,0,0,0,0,0,0,62.02,0,-2.241
"2019-03-03 01:11:00",0,28.58,0.038,0,0,0,0,0,0,0,62.15,0.011,-2.334
"2019-03-03 01:12:00",0,28.55,0.038,0,0,0,0,0,0,0,62.01,0.011,-2.373
"2019-03-03 01:13:00",0,28.57,0.039,0,0,0,0,0,0,0,61.94,0.011,-2.439
"2019-03-03 01:14:00",0,28.55,0.039,0,0,0,0,0,0,0,61.94,0.023,-2.348
"2019-03-03 01:15:00",0,28.46,0.038,0,0,0,0,0,0,0,62.02,0,-2.535
"2019-03-03 01:16:00",0,28.42,0.038,0,0,0,0,0,0,0,62.09,0,-2.252
"2019-03-03 01:17:00",0,28.36,0.039,0,0,0,0,0,0,0,62,0.011,-2.308
"2019-03-03 01:18:00",0,28.31,0.038,0,0,0,0,0,0,0,62.05,0,-2.572
"2019-03-03 01:19:00",0,28.24,0.038,0,0,0,0,0,0,0,62,0,-2.03
"2019-03-03 01:20:00",0,28.23,0.039,0,0,0,0,0,0,0,61.79,0,-2.014
"2019-03-03 01:21:00",0,28.2,0.039,0,0,0,0,0,0,0,61.97,0,-2.434
"2019-03-03 01:22:00",0,28.18,0.04,0,0,0,0,0,0,0,61.83,0,-1.89
"2019-03-03 01:23:00",0,28.17,0.039,0,0,0,0,0,0,0,61.66,0.011,-2.198
"2019-03-03 01:24:00",0,28.17,0.038,0,0,0,0,0,0,0,61.76,0,-2.43
"2019-03-03 01:25:00",0,28.19,0.039,0,0,0,0,0,0,0,62.04,0,-2.027
"2019-03-03 01:26:00",0,28.21,0.039,0,0,0,0,0,0,0,61.96,0.011,-2.144
"2019-03-03 01:27:00",0,28.24,0.039,0,0,0,0,0,0,0,61.85,0,-2.249
"2019-03-03 01:28:00",0,28.17,0.038,0,0,0,0,0,0,0,61.78,0.011,-2.2
"2019-03-03 01:29:00",0,28.16,0.039,0,0,0,0,0,0,0,62.06,0,-2.171
"2019-03-03 01:30:00",0,28.09,0.039,0,0,0,0,0,0,0,62.05,0,-2.016
"2019-03-03 01:31:00",0,28.03,0.038,0,0,0,0,0,0,0,61.85,0,-2.283
"2019-03-03 01:32:00",0,28.07,0.039,0,0,0,0,0,0,0,61.84,0,-2.383
"2019-03-03 01:33:00",0,28.06,0.039,0,0,0,0,0,0,0,61.86,0,-2.218
"2019-03-03 01:34:00",0,28.03,0.038,0,0,0,0,0,0,0,61.87,0.011,-2.179
"2019-03-03 01:35:00",0,27.98,0.038,0,0,0,0,0,0,0,62,0,-2.237
"2019-03-03 01:36:00",0,27.88,0.039,0,0,0,0,0,0,0,62.04,0,-2.152
"2019-03-03 01:37:00",0,27.84,0.038,0,0,0,0,0,0,0,61.96,0,-1.948
"2019-03-03 01:38:00",0,27.83,0.038,0,0,0,0,0,0,0,62.01,0.011,-2.303
"2019-03-03 01:39:00",0,27.85,0.039,0,0,0,0,0,0,0,61.96,0.011,-2.178
"2019-03-03 01:40:00",0,27.87,0.039,0,0,0,0,0,0,0,61.97,0.011,-2.428
"2019-03-03 01:41:00",0,27.82,0.038,0,0,0,0,0,0,0,62.08,0.011,-2.175
"2019-03-03 01:42:00",0,27.76,0.038,0,0,0,0,0,0,0,61.99,0,-2.118
"2019-03-03 01:43:00",0,27.69,0.039,0,0,0,0,0,0,0,61.95,0,-2.23
"2019-03-03 01:44:00",0,27.78,0.037,0,0,0,0,0,0,0,154.4,0,-2.765
"2019-03-03 01:45:00",0,27.93,0.039,0,0,0,0,0,0,0,151.6,0,-2.482
"2019-03-03 01:46:00",0,27.87,0.039,0,0,0,0,0,0,0,151.1,0.011,-2.359
"2019-03-03 01:47:00",0,27.83,0.038,0,0,0,0,0,0,0,150.7,0,-2.458
"2019-03-03 01:48:00",0,27.86,0.038,0,0,0,0,0,0,0,150.5,0,-2.458
"2019-03-03 01:49:00",0,27.86,0.038,0,0,0,0,0,0,0,150.6,0,-2.46
"2019-03-03 01:50:00",0,27.82,0.039,0,0,0,0,0,0,0,150.5,0,-2.432
"2019-03-03 01:51:00",0,27.88,0.038,0,0,0,0,0,0,0,150.2,0,-2.471
"2019-03-03 01:52:00",0,27.79,0.039,0,0,0,0,0,0,0,149.9,0.011,-2.503
"2019-03-03 01:53:00",0,27.91,0.038,0,0,0,0,0,0,0,149.9,0,-2.326
"2019-03-03 01:54:00",0,27.95,0.038,0,0,0,0,0,0,0,149.4,0,-2.263
"2019-03-03 01:55:00",0,27.97,0.038,0,0,0,0,0,0,0,148.9,0,-2.28
"2019-03-03 01:56:00",0,27.92,0.038,0,0,0,0,0,0,0,148.5,0.023,-2.311
"2019-03-03 01:57:00",0,27.92,0.038,0,0,0,0,0,0,0,148,0.011,-2.273
"2019-03-03 01:58:00",0,27.91,0.038,0,0,0,0,0,0,0,147.5,0,-2.298
"2019-03-03 01:59:00",0,27.93,0.038,0,0,0,0,0,0,0,146.8,0.011,-2.26
"2019-03-03 02:00:00",0,27.89,0.038,0,0,0,0,0,0,0,146.4,0,-2.362
"2019-03-03 02:01:00",0,27.94,0.038,0,0,0,0,0,0,0,146.3,0.011,-2.325
"2019-03-03 02:02:00",0,27.97,0.038,0,0,0,0,0,0,0,145.8,0.011,-2.266
"2019-03-03 02:03:00",0,28.01,0.038,0,0,0,0,0,0,0,145.2,0.011,-2.153
"2019-03-03 02:04:00",0,28.1,0.038,0,0,0,0,0,0,0,144.2,0,-2.083
"2019-03-03 02:05:00",0,28.04,0.038,0,0,0,0,0,0,0,143.3,0,-2.323
"2019-03-03 02:06:00",0,28.04,0.037,0,0,0,0,0,0,0,142.8,0,-2.258
"2019-03-03 02:07:00",0,28.08,0.037,0,0,0,0,0,0,0,142.4,0.023,-2.294
"2019-03-03 02:08:00",0,28.17,0.038,0,0,0,0,0,0,0,142.1,0.011,-2.336
"2019-03-03 02:09:00",0,28.14,0.037,0,0,0,0,0,0,0,141.6,0,-2.281
"2019-03-03 02:10:00",0,28.16,0.037,0,0,0,0,0,0,0,110.9,0.011,-2.278
"2019-03-03 02:11:00",0,28.14,0.037,0,0,0,0,0,0,0,62.11,0,-2.271
"2019-03-03 02:12:00",0,28.16,0.037,0,0,0,0,0,0,0,62.1,0.011,-2.263
"2019-03-03 02:13:00",0,28.19,0.037,0,0,0,0,0,0,0,62.07,0,-2.278
"2019-03-03 02:14:00",0,28.2,0.037,0,0,0,0,0,0,0,62.2,0,-2.258
"2019-03-03 02:15:00",0,28.12,0.037,0,0,0,0,0,0,0,62.16,0,-2.27
"2019-03-03 02:16:00",0,28.1,0.038,0,0,0,0,0,0,0,62.15,0,-2.22
"2019-03-03 02:17:00",0,28.04,0.038,0,0,0,0,0,0,0,62.12,0,-2.251
"2019-03-03 02:18:00",0,28.02,0.037,0,0,0,0,0,0,0,62.13,0,-2.401
"2019-03-03 02:19:00",0,27.99,0.037,0,0,0,0,0,0,0,62.08,0,-2.248
"2019-03-03 02:20:00",0,27.96,0.038,0,0,0,0,0,0,0,62.23,0,-2.284
"2019-03-03 02:21:00",0,27.98,0.038,0,0,0,0,0,0,0,62.19,0.011,-2.217
"2019-03-03 02:22:00",0,28.01,0.038,0,0,0,0,0,0,0,62.23,0,-2.314
"2019-03-03 02:23:00",0,27.93,0.037,0,0,0,0,0,0,0,62.1,0,-1.959
"2019-03-03 02:24:00",0,27.93,0.037,0,0,0,0,0,0,0,62.21,0.011,-2.578
"2019-03-03 02:25:00",0,28,0.038,0,0,0,0,0,0,0,62.2,0,-2.037
"2019-03-03 02:26:00",0,27.97,0.037,0,0,0,0,0,0,0,62.22,0,-2.06
"2019-03-03 02:27:00",0,27.98,0.037,0,0,0,0,0,0,0,62.17,0.011,-2.15
"2019-03-03 02:28:00",0,27.88,0.037,0,0,0,0,0,0,0,62.16,0.011,-2.256
"2019-03-03 02:29:00",0,27.84,0.037,0,0,0,0,0,0,0,62.16,0.011,-2.312
"2019-03-03 02:30:00",0,27.86,0.037,0,0,0,0,0,0,0,62.04,0.011,-2.191
"2019-03-03 02:31:00",0,27.85,0.037,0,0,0,0,0,0,0,62.11,0.011,-2.247
"2019-03-03 02:32:00",0,27.95,0.037,0,0,0,0,0,0,0,62.1,0.034,-2.283
"2019-03-03 02:33:00",0,27.9,0.037,0,0,0,0,0,0,0,62.13,0.011,-2.19
"2019-03-03 02:34:00",0,27.94,0.037,0,0,0,0,0,0,0,62.01,0,-2.258
"2019-03-03 02:35:00",0,27.89,0.037,0,0,0,0,0,0,0,62.11,0,-2.287
"2019-03-03 02:36:00",0,27.87,0.037,0,0,0,0,0,0,0,62.38,0.011,-2.254
"2019-03-03 02:37:00",0,27.82,0.037,0,0,0,0,0,0,0,62.33,0,-2.21
"2019-03-03 02:38:00",0,27.79,0.037,0,0,0,0,0,0,0,61.95,0,-2.238
"2019-03-03 02:39:00",0,27.81,0.037,0,0,0,0,0,0,0,62.08,0.011,-2.276
"2019-03-03 02:40:00",0,27.78,0.037,0,0,0,0,0,0,0,62.34,0,-2.252
"2019-03-03 02:41:00",0,27.84,0.037,0,0,0,0,0,0,0,62,0,-2.28
"2019-03-03 02:42:00",0,27.86,0.037,0,0,0,0,0,0,0,61.99,0,-2.169
"2019-03-03 02:43:00",0,27.77,0.037,0,0,0,0,0,0,0,62.15,0,-2.425
"2019-03-03 02:44:00",0,27.77,0.037,0,0,0,0,0,0,0,62.12,0,-2.161
"2019-03-03 02:45:00",0,27.87,0.036,0,0,0,0,0,0,0,62,0,-2.002
"2019-03-03 02:46:00",0,27.9,0.037,0,0,0,0,0,0,0,62.09,0.034,-2.484
"2019-03-03 02:47:00",0,27.87,0.036,0,0,0,0,0,0,0,62.12,0,-2.297
"2019-03-03 02:48:00",0,27.83,0.037,0,0,0,0,0,0,0,62.11,0,-2.578
"2019-03-03 02:49:00",0,27.79,0.037,0,0,0,0,0,0,0,62.26,0,-2.313
"2019-03-03 02:50:00",0,27.79,0.036,0,0,0,0,0,0,0,62.18,0,-2.389
"2019-03-03 02:51:00",0,27.71,0.037,0,0,0,0,0,0,0,62.2,0.011,-2.293
"2019-03-03 02:52:00",0,27.7,0.036,0,0,0,0,0,0,0,94.6,0.023,-2.547
"2019-03-03 02:53:00",0,27.68,0.036,0,0,0,0,0,0,0,147.7,0,-1.841
"2019-03-03 02:54:00",0,27.64,0.036,0,0,0,0,0,0,0,149,0,-2.208
"2019-03-03 02:55:00",0,27.7,0.036,0,0,0,0,0,0,0,150.8,0.011,-2.073
"2019-03-03 02:56:00",0,27.65,0.035,0,0,0,0,0,0,0,150.6,0,-1.919
"2019-03-03 02:57:00",0,27.6,0.036,0,0,0,0,0,0,0,150,0,-1.872
"2019-03-03 02:58:00",0,27.64,0.036,0,0,0,0,0,0,0,149.7,0,-2.269
"2019-03-03 02:59:00",0,27.62,0.036,0,0,0,0,0,0,0,149.4,0,-2.069
"2019-03-03 03:00:00",0,27.59,0.036,0,0,0,0,0,0,0,149.4,0,-2.053
"2019-03-03 03:01:00",0,27.7,0.035,0,0,0,0,0,0,0,149.3,0.011,-2.137
"2019-03-03 03:02:00",0,27.72,0.036,0,0,0,0,0,0,0,149.1,0,-2.254
"2019-03-03 03:03:00",0,27.7,0.036,0,0,0,0,0,0,0,149.2,0.011,-2.234
"2019-03-03 03:04:00",0,27.62,0.035,0,0,0,0,0,0,0,149.4,0,-2.292
"2019-03-03 03:05:00",0,27.55,0.036,0,0,0,0,0,0,0,149.2,0.011,-2.271
"2019-03-03 03:06:00",0,27.52,0.036,0,0,0,0,0,0,0,149.2,0,-2.288
"2019-03-03 03:07:00",0,27.58,0.036,0,0,0,0,0,0,0,149.3,0,-2.206
"2019-03-03 03:08:00",0,27.67,0.035,0,0,0,0,0,0,0,149.2,0,-2.244
"2019-03-03 03:09:00",0,27.59,0.035,0,0,0,0,0,0,0,149,0,-2.237
"2019-03-03 03:10:00",0,27.56,0.035,0,0,0,0,0,0,0,148.8,0,-2.263
"2019-03-03 03:11:00",0,27.57,0.035,0,0,0,0,0,0,0,149,0,-2.23
"2019-03-03 03:12:00",0,27.58,0.035,0,0,0,0,0,0,0,148.9,0,-2.169
"2019-03-03 03:13:00",0,27.68,0.035,0,0,0,0,0,0,0,148.7,0,-1.959
"2019-03-03 03:14:00",0,27.73,0.035,0,0,0,0,0,0,0,149,0,-2.334
"2019-03-03 03:15:00",0,27.7,0.035,0,0,0,0,0,0,0,148.8,0.011,-2.064
"2019-03-03 03:16:00",0,27.71,0.036,0,0,0,0,0,0,0,148.8,0,-2.01
"2019-03-03 03:17:00",0,27.73,0.036,0,0,0,0,0,0,0,148.7,0.011,-2.368
"2019-03-03 03:18:00",0,27.74,0.036,0,0,0,0,0,0,0,148.7,0.011,-2.393
"2019-03-03 03:19:00",0,27.74,0.036,0,0,0,0,0,0,0,148.8,0.011,-2.133
"2019-03-03 03:20:00",0,27.68,0.035,0,0,0,0,0,0,0,149,0,-2.03
"2019-03-03 03:21:00",0,27.67,0.036,0,0,0,0,0,0,0,148.9,0.011,-2.384
"2019-03-03 03:22:00",0,27.67,0.035,0,0,0,0,0,0,0,149,0.023,-2.248
"2019-03-03 03:23:00",0,27.64,0.036,0,0,0,0,0,0,0,148.8,0,-2.216
"2019-03-03 03:24:00",0,27.75,0.035,0,0,0,0,0,0,0,148.9,0,-2.262
"2019-03-03 03:25:00",0,27.86,0.035,0,0,0,0,0,0,0,148.6,0.011,-2.151
"2019-03-03 03:26:00",0,27.98,0.035,0,0,0,0,0,0,0,148.8,0.023,-2.216
"2019-03-03 03:27:00",0,28.11,0.035,0,0,0,0,0,0,0,202.2,0.011,-2.419
"2019-03-03 03:28:00",0,28.21,0.035,0,0,0,0,0,0,0,236.3,0,-2.069
"2019-03-03 03:29:00",0,28.2,0.035,0,0,0,0,0,0,0,235.4,0,-2.293
"2019-03-03 03:30:00",0,28.2,0.035,0,0,0,0,0,0,0,236.6,0,-2.296
"2019-03-03 03:31:00",0,28.23,0.035,0,0,0,0,0,0,0,236.3,0.011,-2.21
"2019-03-03 03:32:00",0,28.25,0.035,0,0,0,0,0,0,0,235.9,0,-2.23
"2019-03-03 03:33:00",0,28.22,0.034,0,0,0,0,0,0,0,236.1,0.011,-2.158
"2019-03-03 03:34:00",0,28.23,0.034,0,0,0,0,0,0,0,223.4,0.011,-2.284
"2019-03-03 03:35:00",0,28.19,0.034,0,0,0,0,0,0,0,150.6,0.011,-2.12
"2019-03-03 03:36:00",0,28.17,0.034,0,0,0,0,0,0,0,150.3,0,-2.235
"2019-03-03 03:37:00",0,28.15,0.034,0,0,0,0,0,0,0,149.9,0,-2.243
"2019-03-03 03:38:00",0,28.14,0.033,0,0,0,0,0,0,0,149.9,0.011,-2.245
"2019-03-03 03:39:00",0,28.13,0.033,0,0,0,0,0,0,0,149.2,0,-2.198
"2019-03-03 03:40:00",0,28.11,0.033,0,0,0,0,0,0,0,148.6,0.011,-2.252
"2019-03-03 03:41:00",0,28.06,0.033,0,0,0,0,0,0,0,148.2,0,-2.221
"2019-03-03 03:42:00",0,28.02,0.032,0,0,0,0,0,0,0,147.5,0,-2.267
"2019-03-03 03:43:00",0,27.99,0.031,0,0,0,0,0,0,0,147,0,-2.232
"2019-03-03 03:44:00",0,28.01,0.031,0,0,0,0,0,0,0,146.5,0,-2.207
"2019-03-03 03:45:00",0,27.99,0.03,0,0,0,0,0,0,0,146,0,-2.196
"2019-03-03 03:46:00",0,27.93,0.03,0,0,0,0,0,0,0,145.4,0.023,-2.279
"2019-03-03 03:47:00",0,27.92,0.03,0,0,0,0,0,0,0,144.5,0,-2.226
"2019-03-03 03:48:00",0,27.88,0.029,0,0,0,0,0,0,0,143.9,0.011,-2.187
"2019-03-03 03:49:00",0,27.85,0.029,0,0,0,0,0,0,0,143.3,0.011,-2.271
"2019-03-03 03:50:00",0,27.82,0.029,0,0,0,0,0,0,0,142.9,0.011,-2.212
"2019-03-03 03:51:00",0,27.83,0.028,0,0,0,0,0,0,0,142.5,0,-2.329
"2019-03-03 03:52:00",0,27.78,0.027,0,0,0,0,0,0,0,142,0.011,-2.153
"2019-03-03 03:53:00",0,27.72,0.027,0,0,0,0,0,0,0,125.8,0,-2.24
"2019-03-03 03:54:00",0,27.63,0.027,0,0,0,0,0,0,0,62.22,0,-2.487
"2019-03-03 03:55:00",0,27.38,0.026,0,0,0,0,0,0,0,62.17,0,-2.378
"2019-03-03 03:56:00",0,27.14,0.026,0,0,0,0,0,0,0,62.13,0,-2.181
"2019-03-03 03:57:00",0,26.93,0.026,0,0,0,0,0,0,0,62.06,0,-2.175
"2019-03-03 03:58:00",0,26.74,0.027,0,0,0,0,0,0,0,62.15,0,-2.015
"2019-03-03 03:59:00",0,26.66,0.026,0,0,0,0,0,0,0,62.16,0,-2.164
"2019-03-03 04:00:00",0,26.52,0.026,0,0,0,0,0,0,0,62.09,0,-2.279
"2019-03-03 04:01:00",0,26.51,0.026,0,0,0,0,0,0,0,62.08,0,-2.049
"2019-03-03 04:02:00",0,26.45,0.028,0,0,0,0,0,0,0,62.15,0,-2.141
"2019-03-03 04:03:00",0,26.32,0.029,0,0,0,0,0,0,0,62.19,0,-2.141
"2019-03-03 04:04:00",0,26.3,0.029,0,0,0,0,0,0,0,62.2,0.011,-2.217
"2019-03-03 04:05:00",0,26.26,0.029,0,0,0,0,0,0,0,62.23,0,-2.324
"2019-03-03 04:06:00",0,26.18,0.029,0,0,0,0,0,0,0,62.1,0,-2.461
"2019-03-03 04:07:00",0,26.14,0.03,0,0,0,0,0,0,0,62.08,0.011,-2.057
"2019-03-03 04:08:00",0,26.17,0.03,0,0,0,0,0,0,0,62.38,0,-2.213
"2019-03-03 04:09:00",0,26.14,0.03,0,0,0,0,0,0,0,62,0,-2.146
"2019-03-03 04:10:00",0,26.12,0.031,0,0,0,0,0,0,0,62.11,0,-2.001
"2019-03-03 04:11:00",0,26.11,0.031,0,0,0,0,0,0,0,62.1,0,-2.26
"2019-03-03 04:12:00",0,26.09,0.031,0,0,0,0,0,0,0,62.06,0.011,-2.129
"2019-03-03 04:13:00",0,26.02,0.032,0,0,0,0,0,0,0,62.08,0.011,-2.171
"2019-03-03 04:14:00",0,25.99,0.031,0,0,0,0,0,0,0,62.12,0,-2.56
"2019-03-03 04:15:00",0,26.03,0.031,0,0,0,0,0,0,0,62.09,0,-2.682
"2019-03-03 04:16:00",0,25.99,0.032,0,0,0,0,0,0,0,62.19,0.011,-2.237
"2019-03-03 04:17:00",0,26.04,0.032,0,0,0,0,0,0,0,62.16,0,-1.961
"2019-03-03 04:18:00",0,26.05,0.032,0,0,0,0,0,0,0,62.15,0.011,-2.03
"2019-03-03 04:19:00",0,26.04,0.032,0,0,0,0,0,0,0,62.11,0,-2.069
"2019-03-03 04:20:00",0,26,0.032,0,0,0,0,0,0,0,62.2,0.023,-2.18
"2019-03-03 04:21:00",0,25.95,0.032,0,0,0,0,0,0,0,62.17,0,-2.047
"2019-03-03 04:22:00",0,25.94,0.033,0,0,0,0,0,0,0,62.1,0,-2.271
"2019-03-03 04:23:00",0,25.96,0.033,0,0,0,0,0,0,0,62.09,0,-1.884
"2019-03-03 04:24:00",0,25.92,0.033,0,0,0,0,0,0,0,62.12,0,-2.049
"2019-03-03 04:25:00",0,26.01,0.034,0,0,0,0,0,0,0,62.09,0,-2.244
"2019-03-03 04:26:00",0,26.05,0.033,0,0,0,0,0,0,0,62.15,0,-2.137
"2019-03-03 04:27:00",0,25.98,0.033,0,0,0,0,0,0,0,61.98,0,-1.944
"2019-03-03 04:28:00",0,26.01,0.033,0,0,0,0,0,0,0,61.93,0,-2.277
"2019-03-03 04:29:00",0,25.99,0.034,0,0,0,0,0,0,0,62.18,0.011,-2.273
"2019-03-03 04:30:00",0,25.96,0.033,0,0,0,0,0,0,0,62.06,0,-2.266
"2019-03-03 04:31:00",0,26.02,0.034,0,0,0,0,0,0,0,62,0,-2.063
"2019-03-03 04:32:00",0,25.97,0.034,0,0,0,0,0,0,0,61.94,0.023,-1.883
"2019-03-03 04:33:00",0,25.93,0.033,0,0,0,0,0,0,0,61.91,0,-2.408
"2019-03-03 04:34:00",0,26,0.034,0,0,0,0,0,0,0,61.99,0.011,-2.316
"2019-03-03 04:35:00",0,25.99,0.035,0,0,0,0,0,0,0,62.09,0.023,-2.294
"2019-03-03 04:36:00",0,26.05,0.034,0,0,0,0,0,0,0,61.99,0.057,-2.555
"2019-03-03 04:37:00",0,26.08,0.034,0,0,0,0,0,0,0,62.13,0.011,-2.074
"2019-03-03 04:38:00",0,26.07,0.034,0,0,0,0,0,0,0,62.05,0,-2.11
"2019-03-03 04:39:00",0,26.1,0.034,0,0,0,0,0,0,0,61.88,0,-1.999
"2019-03-03 04:40:00",0,26.13,0.034,0,0,0,0,0,0,0,61.8,0,-2.005
"2019-03-03 04:41:00",0,26.23,0.035,0,0,0,0,0,0,0,61.99,0,-2.108
"2019-03-03 04:42:00",0,26.21,0.034,0,0,0,0,0,0,0,62.11,0,-2.292
"2019-03-03 04:43:00",0,26.14,0.035,0,0,0,0,0,0,0,62.15,0,-1.868
"2019-03-03 04:44:00",0,26.12,0.034,0,0,0,0,0,0,0,62.16,0.011,-2.225
"2019-03-03 04:45:00",0,26.19,0.035,0,0,0,0,0,0,0,62.27,0.023,-2.251
"2019-03-03 04:46:00",0,26.19,0.035,0,0,0,0,0,0,0,62.2,0,-2.156
"2019-03-03 04:47:00",0,26.24,0.036,0,0,0,0,0,0,0,62.16,0,-2.263
"2019-03-03 04:48:00",0,26.17,0.036,0,0,0,0,0,0,0,62.07,0.034,-2.187
"2019-03-03 04:49:00",0,26.2,0.037,0,0,0,0,0,0,0,62.12,0,-2.578
"2019-03-03 04:50:00",0,26.28,0.037,0,0,0,0,0,0,0,62.21,0.011,-2.407
"2019-03-03 04:51:00",0,26.36,0.036,0,0,0,0,0,0,0,61.98,0,-1.915
"2019-03-03 04:52:00",0,26.42,0.036,0,0,0,0,0,0,0,62.18,0,-2.283
"2019-03-03 04:53:00",0,26.61,0.036,0,0,0,0,0,0,0,62.13,0,-2.474
"2019-03-03 04:54:00",0,26.64,0.036,0,0,0,0,0,0,0,62.06,0.011,-2.364
"2019-03-03 04:55:00",0,26.68,0.036,0,0,0,0,0,0,0,62.17,0.011,-2.022
"2019-03-03 04:56:00",0,26.78,0.036,0,0,0,0,0,0,0,62.22,0,-2.38
"2019-03-03 04:57:00",0,26.92,0.036,0,0,0,0,0,0,0,62.06,0,-2.04
"2019-03-03 04:58:00",0,27.02,0.035,0,0,0,0,0,0,0,62.08,0,-1.914
"2019-03-03 04:59:00",0,27.06,0.036,0,0,0,0,0,0,0,62.1,0.011,-2.098
"2019-03-03 05:00:00",0,27.21,0.036,0,0,0,0,0,0,0,62.07,0.011,-2.06
"2019-03-03 05:01:00",0,27.2,0.036,0,0,0,0,0,0,0,62.69,0,-2.061
"2019-03-03 05:02:00",0,27.07,0.036,0,0,0,0,0,0,0,62.35,0.011,-2.162
"2019-03-03 05:03:00",0,26.88,0.036,0,0,0,0,0,0,0,62.21,0,-1.948
"2019-03-03 05:04:00",0,26.77,0.037,0,0,0,0,0,0,0,62.34,0,-2.162
"2019-03-03 05:05:00",0,26.64,0.036,0,0,0,0,0,0,0,62.4,0.023,-2.107
"2019-03-03 05:06:00",0,26.56,0.037,0,0,0,0,0,0,0,62.7,0,-2.009
"2019-03-03 05:07:00",0,26.5,0.038,0,0,0,0,0,0,0,62.18,0.034,-2.095
"2019-03-03 05:08:00",0,26.46,0.038,0,0,0,0,0,0,0,62.15,0.023,-2.302
"2019-03-03 05:09:00",0,26.41,0.038,0,0,0,0,0,0,0,62.21,0,-2.224
"2019-03-03 05:10:00",0,26.33,0.038,0,0,0,0,0,0,0,94.1,0.034,-2.072
"2019-03-03 05:11:00",0,26.27,0.038,0,0,0,0,0,0,0,153.1,0,-2.558
"2019-03-03 05:12:00",0,26.19,0.037,0,0,0,0,0,0,0,152.1,0,-2.443
"2019-03-03 05:13:00",0,26.15,0.039,0,0,0,0,0,0,0,151.7,0,-2.53
"2019-03-03 05:14:00",0,26.05,0.039,0,0,0,0,0,0,0,151.5,0,-2.17
"2019-03-03 05:15:00",0,26.05,0.038,0,0,0,0,0,0,0,151.3,0.011,-2.061
"2019-03-03 05:16:00",0,26.11,0.039,0,0,0,0,0,0,0,151.2,0.011,-2.53
"2019-03-03 05:17:00",0,26.09,0.039,0,0,0,0,0,0,0,150.9,0.023,-2.114
"2019-03-03 05:18:00",0,25.99,0.038,0,0,0,0,0,0,0,150.7,0.011,-2.925
"2019-03-03 05:19:00",0,25.9,0.039,0,0,0,0,0,0,0,150.5,0,-2.23
"2019-03-03 05:20:00",0,25.93,0.039,0,0,0,0,0,0,0,150.5,0,-2.203
"2019-03-03 05:21:00",0,25.93,0.04,0,0,0,0,0,0,0,149.9,0,-2.207
"2019-03-03 05:22:00",0,25.97,0.039,0,0,0,0,0,0,0,149.4,0,-2.029
"2019-03-03 05:23:00",0,25.94,0.04,0,0,0,0,0,0,0,148.8,0,-2.402
"2019-03-03 05:24:00",0,25.88,0.039,0,0,0,0,0,0,0,148.5,0,-2.616
"2019-03-03 05:25:00",0,25.79,0.039,0,0,0,0,0,0,0,148.1,0.023,-2.098
"2019-03-03 05:26:00",0,25.81,0.039,0,0,0,0,0,0,0,147.4,0.011,-2.084
"2019-03-03 05:27:00",0,25.84,0.039,0,0,0,0,0,0,0,147,0.011,-2.193
"2019-03-03 05:28:00",0,25.75,0.04,0,0,0,0,0,0,0,146.6,0,-1.936
"2019-03-03 05:29:00",0,25.8,0.039,0,0,0,0,0,0,0,146,0.023,-2.206
"2019-03-03 05:30:00",0,25.98,0.039,0,0,0,0,0,0,0,145.6,0.045,-2.259
"2019-03-03 05:31:00",0,25.99,0.039,0,0,0,0,0,0,0,144.9,0.011,-2.171
"2019-03-03 05:32:00",0,25.99,0.039,0,0,0,0,0,0,0,144,0.011,-2.123
"2019-03-03 05:33:00",0,25.91,0.039,0,0,0,0,0,0,0,143.6,0.011,-2.011
"2019-03-03 05:34:00",0,25.79,0.039,0,0,0,0,0,0,0,143,0,-1.824
"2019-03-03 05:35:00",0,25.7,0.039,0,0,0,0,0,0,0,142.5,0,-2.134
"2019-03-03 05:36:00",0,25.69,0.039,0,0,0,0,0,0,0,127.7,0,-1.947
"2019-03-03 05:37:00",0,25.82,0.038,0,0,0,0,0,0,0,62.16,0.011,-2.195
"2019-03-03 05:38:00",0,25.78,0.038,0,0,0,0,0,0,0,62.06,0,-2.171
"2019-03-03 05:39:00",0,25.82,0.038,0,0,0,0,0,0,0,62.01,0,-1.957
"2019-03-03 05:40:00",0,25.8,0.038,0,0,0,0,0,0,0,61.77,0,-2.021
"2019-03-03 05:41:00",0,25.84,0.038,0,0,0,0,0,0,0,61.94,0,-2.334
"2019-03-03 05:42:00",0,25.85,0.038,0,0,0,0,0,0,0,61.85,0,-2.113
"2019-03-03 05:43:00",0,25.88,0.038,0,0,0,0,0,0,0,61.74,0.011,-2.655
"2019-03-03 05:44:00",0,25.96,0.039,0,0,0,0,0,0,0,61.95,0,-2.127
"2019-03-03 05:45:00",0,26.01,0.039,0,0,0,0,0,0,0,61.84,0,-2.023
"2019-03-03 05:46:00",0,26.03,0.039,0,0,0,0,0,0,0,61.77,0.023,-2.098
"2019-03-03 05:47:00",0,26.03,0.04,0,0,0,0,0,0,0,61.82,0,-2.188
"2019-03-03 05:48:00",0,25.99,0.039,0,0,0,0,0,0,0,61.88,0,-2.078
"2019-03-03 05:49:00",0,26.1,0.038,0,0,0,0,0,0,0,61.78,0,-2.405
"2019-03-03 05:50:00",0,26.19,0.039,0,0,0,0,0,0,0,61.88,0,-2.152
"2019-03-03 05:51:00",0,26.32,0.039,0,0,0,0,0,0,0,61.96,0,-2.177
"2019-03-03 05:52:00",0,26.4,0.038,0,0,0,0,0,0,0,61.9,0,-2.348
"2019-03-03 05:53:00",0,26.59,0.039,0,0,0,0,0,0,0,61.79,0.023,-2.294
"2019-03-03 05:54:00",0,26.7,0.039,0,0,0,0,0,0,0,61.95,0,-2.227
"2019-03-03 05:55:00",0,26.81,0.038,0,0,0,0,0,0,0,61.97,0,-2.198
"2019-03-03 05:56:00",0,26.96,0.038,0,0,0,0,0,0,0,61.95,0,-2.208
"2019-03-03 05:57:00",0,27.02,0.038,0,0,0,0,0,0,0,62,0.011,-2.463
"2019-03-03 05:58:00",0,27.16,0.038,0,0,0,0,0,0,0,62.09,0.023,-2.411
"2019-03-03 05:59:00",0,27.32,0.037,0,0,0,0,0,0,0,61.96,0,-2.234
"2019-03-03 06:00:00",0,27.37,0.037,0,0,0,0,0,0,0,62.01,0,-2.426
"2019-03-03 06:01:00",0,27.35,0.037,0,0,0,0,0,0,0,62.02,0,-2.277
"2019-03-03 06:02:00",0,27.42,0.038,0,0,0,0,0,0,0,61.99,0.011,-2.149
"2019-03-03 06:03:00",0,27.39,0.037,0,0,0,0,0,0,0,61.88,0,-1.968
"2019-03-03 06:04:00",0,27.38,0.037,0,0,0,0,0,0,0,61.83,0.011,-2.158
"2019-03-03 06:05:00",0,27.31,0.038,0,0,0,0,0,0,0,61.79,0,-2.148
"2019-03-03 06:06:00",0,27.29,0.038,0,0,0,0,0,0,0,61.8,0,-2.29
"2019-03-03 06:07:00",0,27.25,0.038,0,0,0,0,0,0,0,61.84,0.011,-2.143
"2019-03-03 06:08:00",0,27.19,0.038,0,0,0,0,0,0,0,61.79,0,-2.268
"2019-03-03 06:09:00",0,27.08,0.037,0,0,0,0,0,0,0,61.87,0,-2.115
"2019-03-03 06:10:00",0,27.02,0.037,0,0,0,0,0,0,0,61.77,0,-2.036
"2019-03-03 06:11:00",0,26.99,0.038,0,0,0,0,0,0,0,61.8,0,-2.167
"2019-03-03 06:12:00",0,26.93,0.037,0,0,0,0,0,0,0,61.76,0.011,-2.352
"2019-03-03 06:13:00",0,26.83,0.038,0,0,0,0,0,0,0,61.79,0,-2.531
"2019-03-03 06:14:00",0,26.74,0.037,0,0,0,0,0,0,0,61.67,0,-2.412
"2019-03-03 06:15:00",0,26.7,0.038,0,0,0,0,0,0,0,61.52,0,-2.011
"2019-03-03 06:16:00",0,26.66,0.037,0,0,0,0,0,0,0,59.83,0,-2.217
"2019-03-03 06:17:00",0,26.63,0.037,0,0,0,0,0,0,0,61.83,0,-2.095
"2019-03-03 06:18:00",0,26.55,0.037,0,0,0,0,0,0,0,62.35,0.011,-2.266
"2019-03-03 06:19:00",0,26.52,0.038,0,0,0,0,0,0,0,57.35,0.011,-2.103
"2019-03-03 06:20:00",0,26.49,0.037,0,0,0,0,0,0,0,47.2,0,-2.155
"2019-03-03 06:21:00",0,26.46,0.037,0,0,0,0,0,0,0,47.48,0.023,-2.094
"2019-03-03 06:22:00",0,26.45,0.037,0,0,0,0,0,0,0,48.28,0.011,-2.143
"2019-03-03 06:23:00",0,26.44,0.037,0,0,0,0,0,0,0,48.11,0.023,-2.198
"2019-03-03 06:24:00",0,26.37,0.038,0,0,0,0,0,0,0,48.37,0,-2.225
"2019-03-03 06:25:00",0,26.34,0.036,0,0,0,0,0,0,0,48.29,0,-2.178
"2019-03-03 06:26:00",0,26.33,0.037,0,0,0,0,0,0,0,48.4,0.023,-2.311
"2019-03-03 06:27:00",0,26.3,0.036,0,0,0,0,0,0,0,48.36,0.011,-2.382
"2019-03-03 06:28:00",0,26.25,0.037,0,0,0,0,0,0,0,48.35,0.034,-2.221
"2019-03-03 06:29:00",0,26.2,0.037,0,0,0,0,0,0,0,48.61,0,-2.087
"2019-03-03 06:30:00",0,26.15,0.036,0,0,0,0,0,0,0,48.4,0,-2.319
"2019-03-03 06:31:00",0,26.15,0.036,0,0,0,0,0,0,0,48.38,0.011,-2.318
"2019-03-03 06:32:00",0,26.17,0.036,0,0,0,0,0,0,0,48.44,0,-2.237
"2019-03-03 06:33:00",0,26.18,0.036,0,0,0,0,0,0,0,48.47,0.011,-2.354
"2019-03-03 06:34:00",0,26.17,0.035,0,0,0,0,0,0,0,48.37,0.034,-2.273
"2019-03-03 06:35:00",0,26.13,0.035,0,0,0,0,0,0,0,48.46,0,-1.977
"2019-03-03 06:36:00",0,26.09,0.036,0,0,0,0,0,0,0,48.44,0.023,-2.511
"2019-03-03 06:37:00",0,26.05,0.036,0,0,0,0,0,0,0,48.52,0,-2.278
"2019-03-03 06:38:00",0,25.99,0.036,0,0,0,0,0,0,0,48.65,0,-2.322
"2019-03-03 06:39:00",0,26.02,0.036,0,0,0,0,0,0,0,48.57,0,-2.295
"2019-03-03 06:40:00",0,26.05,0.036,0,0,0,0,0,0,0,48.37,0,-2.187
"2019-03-03 06:41:00",0,26.08,0.036,0,0,0,0,0,0,0,48.54,0,-2.278
"2019-03-03 06:42:00",0,26.12,0.036,0,0,0,0,0,0,0,57.01,0.011,-2.208
"2019-03-03 06:43:00",0,26.14,0.036,0,0,0,0,0,0,0,87.9,0,-2.273
"2019-03-03 06:44:00",0,26.12,0.036,0,0,0,0,0,0,0,87.9,0,-2.249
"2019-03-03 06:45:00",0,26.13,0.036,0,0,0,0,0,0,0,87.7,0,-2.207
"2019-03-03 06:46:00",0,26.08,0.036,0,0,0,0,0,0,0,52.35,0,-2.287
"2019-03-03 06:47:00",0,26.11,0.036,0,0,0,0,0,0,0,54.17,0,-2.3
"2019-03-03 06:48:00",0,26.14,0.035,0,0,0,0,0,0,0,54.22,0,-2.202
"2019-03-03 06:49:00",0,26.1,0.035,0,0,0,0,0,0,0,54.18,0,-2.258
"2019-03-03 06:50:00",0,26.1,0.035,0,0,0,0,0,0,0,54.16,0.023,-2.303
"2019-03-03 06:51:00",0,26.15,0.035,0,0,0,0,0,0,0,54.1,0,-2.257
"2019-03-03 06:52:00",0,26.22,0.035,0,0,0,0,0,0,0,53.96,0,-2.248
"2019-03-03 06:53:00",0,26.22,0.035,0,0,0,0,0,0,0,69.7,0.011,-2.253
"2019-03-03 06:54:00",0,26.29,0.035,0,0,0,0,0,0,0,135.6,0,-2.22
"2019-03-03 06:55:00",0,26.35,0.035,0,0,0,0,0,0,0,142.4,0,-2.253
"2019-03-03 06:56:00",0,26.42,0.035,0,0,0,0,0,0,0,141.8,0,-2.299
"2019-03-03 06:57:00",0,26.46,0.035,0,0,0,0,0,0,0,221.3,0.011,-2.125
"2019-03-03 06:58:00",0,26.51,0.035,0,0,0,0,0,0,0,226.3,0,-2.241
"2019-03-03 06:59:00",0,26.55,0.035,0,0,0,0,0,0,0,367.8,0.011,-2.291
"2019-03-03 07:00:00",0,26.62,0.035,0,0,0,0,0,0,0,265.1,0,-2.245
"2019-03-03 07:01:00",0,26.66,0.035,0,0,0,0,0,0,0,227.1,0,-2.27
"2019-03-03 07:02:00",0,26.68,0.035,0,0,0,0,0,0,0,227.1,0,-2.241
"2019-03-03 07:03:00",0,26.74,0.035,0,0,0,0,0,0,0,226.5,0,-2.271
"2019-03-03 07:04:00",0,26.72,0.035,0,0,0,0,0,0,0,226.1,0,-2.23
"2019-03-03 07:05:00",0,26.69,0.035,0,0,0,0,0,0,0,225.7,0,-2.336
"2019-03-03 07:06:00",0,26.67,0.034,0,0,0,0,0,0,0,224.9,0,-2.29
"2019-03-03 07:07:00",0,26.68,0.035,0,0,0,0,0,0,0,224.5,0,-2.793
"2019-03-03 07:08:00",0,26.71,0.034,0,0,0,0,0,0,0,224.3,0,-2.083
"2019-03-03 07:09:00",0,26.81,0.035,0,0,0,0,0,0,0,224,0,-2.241
"2019-03-03 07:10:00",0,26.89,0.035,0,0,0,0,0,0,0,212.4,0,-1.97
"2019-03-03 07:11:00",0,26.88,0.035,0,0,0,0,0,0,0,210.7,0.011,-2.215
"2019-03-03 07:12:00",0,26.87,0.034,0,0,0,0,0,0,0,209.7,0.034,-2.331
"2019-03-03 07:13:00",0,27.01,0.035,0,0,0,0,0,0,0,209.3,0,-2.08
"2019-03-03 07:14:00",0,27.03,0.035,0,0,0,0,0,0,0,220.6,0,-2.429
"2019-03-03 07:15:00",0,27.2,0.035,0,0,0,0,0,0,0,237.5,0,-2.217
"2019-03-03 07:16:00",0,27.42,0.035,0,0,0,0,0,0,0,236.9,0,-2.108
"2019-03-03 07:17:00",0,27.71,0.034,0,0,0,0,0,0,0,236.4,0,-2.256
"2019-03-03 07:18:00",0,27.83,0.034,0,0,0,0,0,0,0,235.5,0.011,-2.38
"2019-03-03 07:19:00",0,27.82,0.034,0,0,0,0,0,0,0,208.4,0,-2.303
"2019-03-03 07:20:00",0,27.83,0.035,0,0,0,0,0,0,0,157.5,0.011,-2.254
"2019-03-03 07:21:00",0,27.84,0.035,0,0,0,0,0,0,0,157.3,0,-2.151
"2019-03-03 07:22:00",0,27.89,0.034,0,0,0,0,0,0,0,157.5,0,-2.24
"2019-03-03 07:23:00",0,28,0.035,0,0,0,0,0,0,0,157.4,0,-2.354
"2019-03-03 07:24:00",0,28.14,0.034,0,0,0,0,0,0,0,157.4,0,-2.305
"2019-03-03 07:25:00",0,28.43,0.034,0,0,0,0,0,0,0,157.2,0,-2.251
"2019-03-03 07:26:00",0,28.57,0.034,0,0,0,0,0,0,0,157.2,0,-2.224
"2019-03-03 07:27:00",0,28.82,0.034,0,0,0,0,0,0,0,157,0,-2.236
"2019-03-03 07:28:00",0,29.15,0.034,0,0,0,0,0,0,0,157,0,-2.254
"2019-03-03 07:29:00",0,29.27,0.034,0,0,0,0,0,0,0,157.2,0,-2.262
"2019-03-03 07:30:00",0,29.42,0.034,0,0,0,0,0,0,0,157.1,0,-2.252
"2019-03-03 07:31:00",0,29.97,0.034,0,0,0,0,0,0,0,157.1,0,-2.274
"2019-03-03 07:32:00",0,30.44,0.034,0,0,0,0,0,0,0,157.2,0,-2.293
"2019-03-03 07:33:00",0,30.83,0.034,0,0,0,0,0,0,0,157.2,0,-2.223
"2019-03-03 07:34:00",0,31.19,0.034,0,0,0,0,0,0,0,157,0,-2.368
"2019-03-03 07:35:00",0,31.75,0.034,0,0,0,0,0,0,0,157.2,0,-2.045
"2019-03-03 07:36:00",0,32.05,0.034,0,0,0,0,0,0,0,157.3,0,-2.267
"2019-03-03 07:37:00",0,32.38,0.034,0,0,0,0,0,0,0,157.1,0,-2.275
"2019-03-03 07:38:00",0,32.59,0.033,0,0,0,0,0,0,0,157.1,0.011,-2.118
"2019-03-03 07:39:00",0,32.92,0.034,0,0,0,0,0,0,0,156.9,0.034,-2.161
"2019-03-03 07:40:00",0,33.05,0.035,0,0,0,0,0,0,0,157,0,-2.271
"2019-03-03 07:41:00",0,33.46,0.034,0,0,0,0,0,0,0,157.2,0,-2.482
"2019-03-03 07:42:00",0,33.54,0.034,0,0,0,0,0,0,0,157.1,0,-2.196
"2019-03-03 07:43:00",0,33.51,0.034,0,0,0,0,0,0,0,157,0,-2.144
"2019-03-03 07:44:00",0,33.64,0.035,0,0,0,0,0,0,0,110.7,0,-2.399
"2019-03-03 07:45:00",0,33.67,0.034,0,0,0,0,0,0,0,69.98,0,-1.823
"2019-03-03 07:46:00",0,33.51,0.035,0,0,0,0,0,0,0,70.04,0.011,-2.151
"2019-03-03 07:47:00",0,33.09,0.035,0,0,0,0,0,0,0,69.98,0.023,-2.336
"2019-03-03 07:48:00",0,32.91,0.036,0,0,0,0,0,0,0,69.85,0.011,-2.526
"2019-03-03 07:49:00",0,32.9,0.036,0,0,0,0,0,0,0,69.85,0.011,-2.365
"2019-03-03 07:50:00",0,32.65,0.036,0,0,0,0,0,0,0,69.67,0,-1.88
"2019-03-03 07:51:00",0,32.36,0.036,0,0,0,0,0,0,0,69.68,0,-2.122
"2019-03-03 07:52:00",0,32.05,0.036,0,0,0,0,0,0,0,69.61,0.011,-2.423
"2019-03-03 07:53:00",0,31.9,0.037,0,0,0,0,0,0,0,69.99,0,-2.311
"2019-03-03 07:54:00",0,31.76,0.036,0,0,0,0,0,0,0,69.59,0,-2.334
"2019-03-03 07:55:00",0,31.54,0.037,0,0,0,0,0,0,0,69.73,0,-2.6
"2019-03-03 07:56:00",0,31.42,0.036,0,0,0,0,0,0,0,69.64,0,-2.275
"2019-03-03 07:57:00",0,31.81,0.037,0,0,0,0,0,0,0,69.74,0.011,-2.286
"2019-03-03 07:58:00",0,32.33,0.037,0,0,0,0,0,0,0,69.92,0,-2.429
"2019-03-03 07:59:00",0,32.51,0.036,0,0,0,0,0,0,0,69.82,0,-2.282
"2019-03-03 08:00:00",0,32.92,0.036,0,0,0,0,0,0,0,69.78,0,-2.242
"2019-03-03 08:01:00",0,33.19,0.036,0,0,0,0,0,0,0,69.77,0,-2.267
"2019-03-03 08:02:00",0,33.45,0.036,0,0,0,0,0,0,0,69.79,0,-2.321
"2019-03-03 08:03:00",0,33.82,0.037,0,0,0,0,0,0,0,69.26,0,-2.179
"2019-03-03 08:04:00",0,34.08,0.037,0,0,0,0,0,0,0,69.06,0,-2.412
"2019-03-03 08:05:00",0,34.32,0.037,0,0,0,0,0,0,0,53.08,0.011,-2.136
"2019-03-03 08:06:00",0,34.61,0.037,0,0,0,0,0,0,0,40.36,0,-2.024
"2019-03-03 08:07:00",0,34.8,0.038,0,0,0,0,0,0,0,40.23,0,-2.271
"2019-03-03 08:08:00",0,35.28,0.037,0,0,0,0,0,0,0,40.1,0,-2.65
"2019-03-03 08:09:00",0,35.75,0.037,0,0,0,0,0,0,0,40.12,0,-2.271
"2019-03-03 08:10:00",0,36.16,0.037,0,0,0,0,0,0,0,40.18,0,-2.287
"2019-03-03 08:11:00",0,36.48,0.038,0,0,0,0,0,0,0,40.18,0,-2.394
"2019-03-03 08:12:00",0,36.58,0.038,0,0,0,0,0,0,0,39.97,0,-1.944
"2019-03-03 08:13:00",0,36.53,0.038,0,0,0,0,0,0,0,39.96,0,-2.253
"2019-03-03 08:14:00",0,36.96,0.037,0,0,0,0,0,0,0,39.92,0,-2.437
"2019-03-03 08:15:00",0,36.87,0.039,0,0,0,0,0,0,0,40.09,0,-2.267
"2019-03-03 08:16:00",0,37.56,0.04,0,0,0,0,0,0,0,40.21,0,-2.55
"2019-03-03 08:17:00",0,37.58,0.039,0,0,0,0,0,0,0,40.16,0.011,-2.27
"2019-03-03 08:18:00",0,37.86,0.038,0,0,0,0,0,0,0,40.06,0,-2.254
"2019-03-03 08:19:00",0,37.58,0.039,0,0,0,0,0,0,0,40.07,0,-2.867
"2019-03-03 08:20:00",0,37.42,0.039,0,0,0,0,0,0,0,40.21,0,-1.983
"2019-03-03 08:21:00",0,37.66,0.039,0,0,0,0,0,0,0,40.25,0,-2.344
"2019-03-03 08:22:00",0,38.14,0.04,0,0,0,0,0,0,0,40.36,0,-2.622
"2019-03-03 08:23:00",0,37.53,0.04,0,0,0,0,0,0,0,40.27,0,-2.189
"2019-03-03 08:24:00",0,37.69,0.04,0,0,0,0,0,0,0,40.37,0,-2.165
"2019-03-03 08:25:00",0,37.91,0.04,0,0,0,0,0,0,0,40.39,0,-2.086
"2019-03-03 08:26:00",0,38.03,0.04,0,0,0,0,0,0,0,61.49,0,-2.493
"2019-03-03 08:27:00",0,37.69,0.04,0,0,0,0,0,0,0,69.97,0,-2.227
"2019-03-03 08:28:00",0,37.29,0.041,0,0,0,0,0,0,0,69.88,0,-2.027
"2019-03-03 08:29:00",0,37.67,0.04,0,0,0,0,0,0,0,70.07,0,-2.498
"2019-03-03 08:30:00",0,37.91,0.04,0,0,0,0,0,0,0,69.99,0.011,-2.505
"2019-03-03 08:31:00",0,37.85,0.04,0,0,0,0,0,0,0,69.94,0,-2.55
"2019-03-03 08:32:00",0,38.05,0.041,0,0,0,0,0,0,0,69.7,0,-2.479
"2019-03-03 08:33:00",0,38.53,0.041,0,0,0,0,0,0,0,69.86,0,-2.29
"2019-03-03 08:34:00",0,38.3,0.04,0,0,0,0,0,0,0,69.5,0,-2.181
"2019-03-03 08:35:00",0,38.45,0.04,0,0,0,0,0,0,0,69.65,0,-2.149
"2019-03-03 08:36:00",0,39.07,0.04,0,0,0,0,0,0,0,69.85,0,-2.294
"2019-03-03 08:37:00",0,38.8,0.04,0,0,0,0,0,0,0,69.85,0,-2.405
"2019-03-03 08:38:00",0,38.91,0.04,0,0,0,0,0,0,0,87.5,0,-2.066
"2019-03-03 08:39:00",0,40.17,0.041,0,0,0,0,0,0,0,160,0,-2.495
"2019-03-03 08:40:00",0,39.56,0.041,0,0,0,0,0,0,0,158,0,-2.42
"2019-03-03 08:41:00",0,39.04,0.041,0,0,0,0,0,0,0,157.7,0,-2.133
"2019-03-03 08:42:00",0,39.56,0.041,0,0,0,0,0,0,0,157.3,0,-2.256
"2019-03-03 08:43:00",0,39.87,0.04,0,0,0,0,0,0,0,157.4,0,-2.369
"2019-03-03 08:44:00",0,39.17,0.041,0,0,0,0,0,0,0,157.2,0,-2.253
"2019-03-03 08:45:00",0,39.04,0.04,0,0,0,0,0,0,0,157.2,0,-2.532
"2019-03-03 08:46:00",0,39.78,0.041,0,0,0,0,0,0,0,157.2,0.011,-2.463
"2019-03-03 08:47:00",0,40.35,0.041,0,0,0,0,0,0,0,156.9,0,-2.211
"2019-03-03 08:48:00",0,40.12,0.042,0,0,0,0,0,0,0,156.4,0.011,-2.069
"2019-03-03 08:49:00",0,39.31,0.042,0,0,0,0,0,0,0,155.9,0.011,-2.063
"2019-03-03 08:50:00",0,38.86,0.041,0,0,0,0,0,0,0,140.8,0,-2.177
"2019-03-03 08:51:00",0,39.28,0.041,0,0,0,0,0,0,0,126.5,0,-2.308
"2019-03-03 08:52:00",0,39.34,0.041,0,0,0,0,0,0,0,126,0.011,-2.178
"2019-03-03 08:53:00",0,40.33,0.041,0,0,0,0,0,0,0,125.5,0,-2.363
"2019-03-03 08:54:00",0,40,0.041,0,0,0,0,0,0,0,125,0,-2.163
"2019-03-03 08:55:00",0,40.33,0.042,0,0,0,0,0,0,0,124.3,0,-2.272
"2019-03-03 08:56:00",0,41.56,0.041,0,0,0,0,0,0,0,123.9,0,-2.191
"2019-03-03 08:57:00",0,41.73,0.042,0,0,0,0,0,0,0,123.3,0,-2.407
"2019-03-03 08:58:00",0,41.51,0.042,0,0,0,0,0,0,0,122.6,0,-1.933
"2019-03-03 08:59:00",0,41.14,0.042,0,0,0,0,0,0,0,121.9,0,-2.154
"2019-03-03 09:00:00",0,41.55,0.041,0,0,0,0,0,0,0,121.2,0,-2.141
"2019-03-03 09:01:00",0,41.87,0.041,0,0,0,0,0,0,0,120.8,0,-2.768
"2019-03-03 09:02:00",0,41.52,0.041,0,0,0,0,0,0,0,120.3,0,-2.345
"2019-03-03 09:03:00",0,41.27,0.042,0,0,0,0,0,0,0,120,0,-2.304
"2019-03-03 09:04:00",0,42.14,0.042,0,0,0,0,0,0,0,48.31,0,-2.441
"2019-03-03 09:05:00",0,42,0.042,0,0,0,0,0,0,0,40.26,0.011,-2.343
"2019-03-03 09:06:00",0,42.14,0.042,0,0,0,0,0,0,0,40.25,0,-1.985
"2019-03-03 09:07:00",0,42.51,0.043,0,0,0,0,0,0,0,40.33,0,-2.754
"2019-03-03 09:08:00",0,41.93,0.042,0,0,0,0,0,0,0,40.39,0,-2.313
"2019-03-03 09:09:00",0,41.79,0.043,0,0,0,0,0,0,0,40.36,0.011,-2.286
"2019-03-03 09:10:00",0,42.17,0.043,0,0,0,0,0,0,0,40.42,0,-2.256
"2019-03-03 09:11:00",0,42.13,0.042,0,0,0,0,0,0,0,40.32,0,-2.474
"2019-03-03 09:12:00",0,42.95,0.043,0,0,0,0,0,0,0,40.12,0,-2.261
"2019-03-03 09:13:00",0,43.55,0.043,0,0,0,0,0,0,0,40.19,0,-2.341
"2019-03-03 09:14:00",0,42.97,0.043,0,0,0,0,0,0,0,40.34,0,-2.052
"2019-03-03 09:15:00",0,42.24,0.044,0,0,0,0,0,0,0,40.45,0,-2.254
"2019-03-03 09:16:00",0,42.77,0.043,0,0,0,0,0,0,0,40.39,0,-2.268
"2019-03-03 09:17:00",0,44.1,0.043,0,0,0,0,0,0,0,40.32,0,-2.39
"2019-03-03 09:18:00",0,44.19,0.044,0,0,0,0,0,0,0,40.3,0,-2.315
"2019-03-03 09:19:00",0,45.55,0.043,0,0,0,0,0,0,0,40.1,0,-2.551
"2019-03-03 09:20:00",0,45.89,0.044,0,0,0,0,0,0,0,40.2,0,-2.313
"2019-03-03 09:21:00",0,45.95,0.044,0,0,0,0,0,0,0,40.22,0,-2.26
"2019-03-03 09:22:00",0,46.69,0.044,0,0,0,0,0,0,0,40.29,0,-2.206
"2019-03-03 09:23:00",0,46.13,0.044,0,0,0,0,0,0,0,40.32,0,-2.324
"2019-03-03 09:24:00",0,46.25,0.044,0,0,0,0,0,0,0,40.42,0,-2.448
"2019-03-03 09:25:00",0,46.36,0.044,0,0,0,0,0,0,0,40.38,0,-2.296
"2019-03-03 09:26:00",0,45.96,0.045,0,0,0,0,0,0,0,40.4,0,-2.215
"2019-03-03 09:27:00",0,46.48,0.045,0,0,0,0,0,0,0,40.33,0,-2.304
"2019-03-03 09:28:00",0,47.12,0.045,0,0,0,0,0,0,0,40.25,0,-2.308
"2019-03-03 09:29:00",0,45.8,0.046,0,0,0,0,0,0,0,40.21,0,-2.168
"2019-03-03 09:30:00",0,44.31,0.046,0,0,0,0,0,0,0,40.29,0,-2.078
"2019-03-03 09:31:00",0,44.39,0.045,0,0,0,0,0,0,0,40.31,0.011,-2.306
"2019-03-03 09:32:00",0,45.09,0.045,0,0,0,0,0,0,0,40.41,0,-2.278
"2019-03-03 09:33:00",0,45.41,0.045,0,0,0,0,0,0,0,40.47,0,-2.235
"2019-03-03 09:34:00",0,44.47,0.045,0,0,0,0,0,0,0,40.31,0.011,-2.283
"2019-03-03 09:35:00",0,45.48,0.045,0,0,0,0,0,0,0,40.43,0,-2.035
"2019-03-03 09:36:00",0,47.28,0.045,0,0,0,0,0,0,0,40.45,0,-2.161
"2019-03-03 09:37:00",0,48.25,0.045,0,0,0,0,0,0,0,40.41,0.011,-2.241
"2019-03-03 09:38:00",0,47.67,0.045,0,0,0,0,0,0,0,40.3,0.011,-2.241
"2019-03-03 09:39:00",0,49.4,0.045,0,0,0,0,0,0,0,40.36,0,-2.217
"2019-03-03 09:40:00",0,50.77,0.046,0,0,0,0,0,0,0,40.44,0,-2.198
"2019-03-03 09:41:00",0,51.65,0.046,0,0,0,0,0,0,0,40.38,0,-2.071
"2019-03-03 09:42:00",0,52.06,0.046,0,0,0,0,0,0,0,40.26,0,-2.105
"2019-03-03 09:43:00",0,52.04,0.046,0,0,0,0,0,0,0,40.34,0,-2.037
"2019-03-03 09:44:00",0,51.14,0.047,0,0,0,0,0,0,0,40.38,0.011,-1.887
"2019-03-03 09:45:00",0,50.19,0.046,0,0,0,0,0,0,0,40.37,0,-2.254
"2019-03-03 09:46:00",0,50.06,0.047,0,0,0,0,0,0,0,40.39,0.011,-2.189
"2019-03-03 09:47:00",0,48.31,0.047,0,0,0,0,0,0,0,40.44,0,-2.166
"2019-03-03 09:48:00",0,46.41,0.047,0,0,0,0,0,0,0,43.92,0,-2.417
"2019-03-03 09:49:00",0,46.33,0.047,0,0,0,0,0,0,0,44.64,0.023,-2.355
"2019-03-03 09:50:00",0,46.55,0.047,0,0,0,0,0,0,0,44.78,0,-2.201
"2019-03-03 09:51:00",0,46.68,0.047,0,0,0,0,0,0,0,45.08,0,-1.951
"2019-03-03 09:52:00",0,46.63,0.047,0,0,0,0,0,0,0,45.56,0,-2.27
"2019-03-03 09:53:00",0,46.6,0.047,0,0,0,0,0,0,0,45.68,0,-2.437
"2019-03-03 09:54:00",0,47.48,0.048,0,0,0,0,0,0,0,45.63,0.023,-2.16
"2019-03-03 09:55:00",0,48.72,0.048,0,0,0,0,0,0,0,45.72,0,-2.363
"2019-03-03 09:56:00",0,47.83,0.048,0,0,0,0,0,0,0,45.74,0,-2.187
"2019-03-03 09:57:00",0,48.98,0.048,0,0,0,0,0,0,0,45.88,0,-2.119
"2019-03-03 09:58:00",0,50.6,0.049,0,0,0,0,0,0,0,45.78,0,-1.97
"2019-03-03 09:59:00",0,50.54,0.048,0,0,0,0,0,0,0,45.68,0,-2.277
"2019-03-03 10:00:00",0,49.37,0.049,0,0,0,0,0,0,0,45.65,0,-2.403
"2019-03-03 10:01:00",0,50.19,0.048,0,0,0,0,0,0,0,45.62,0.023,-2.265
"2019-03-03 10:02:00",0,50.98,0.048,0,0,0,0,0,0,0,45.68,0,-2.538
"2019-03-03 10:03:00",0,51.19,0.048,0,0,0,0,0,0,0,45.66,0.011,-2.245
"2019-03-03 10:04:00",0,50.51,0.048,0,0,0,0,0,0,0,45.55,0,-2.319
"2019-03-03 10:05:00",0,51.8,0.049,0,0,0,0,0,0,0,45.65,0,-2.198
"2019-03-03 10:06:00",0,52.96,0.049,0,0,0,0,0,0,0,45.54,0,-2.123
"2019-03-03 10:07:00",0,52,0.048,0,0,0,0,0,0,0,45.51,0.011,-2.087
"2019-03-03 10:08:00",0,50.82,0.049,0,0,0,0,0,0,0,45.28,0.011,-2.441
"2019-03-03 10:09:00",0,50.26,0.05,0,0,0,0,0,0,0,45.54,0,-1.967
"2019-03-03 10:10:00",0,51.27,0.05,0,0,0,0,0,0,0,45.79,0,-2.255
"2019-03-03 10:11:00",0,49.44,0.049,0,0,0,0,0,0,0,45.48,0,-2.482
"2019-03-03 10:12:00",0,48.39,0.049,0,0,0,0,0,0,0,45.47,0,-2.062
"2019-03-03 10:13:00",0,49.27,0.05,0,0,0,0,0,0,0,45.4,0,-2.458
"2019-03-03 10:14:00",0,51.11,0.05,0,0,0,0,0,0,0,45.51,0.011,-2.243
"2019-03-03 10:15:00",0,52.98,0.049,0,0,0,0,0,0,0,45.36,0,-2.281
"2019-03-03 10:16:00",0,52.43,0.05,0,0,0,0,0,0,0,42.16,0,-2.154
"2019-03-03 10:17:00",0,50.67,0.05,0,0,0,0,0,0,0,40.41,0,-2.24
"2019-03-03 10:18:00",0,52.12,0.05,0,0,0,0,0,0,0,40.42,0,-2.321
"2019-03-03 10:19:00",0,52.49,0.05,0,0,0,0,0,0,0,40.52,0,-2.232
"2019-03-03 10:20:00",0,52.94,0.05,0,0,0,0,0,0,0,66.5,0,-2.242
"2019-03-03 10:21:00",0,51.83,0.05,0,0,0,0,0,0,0,131.8,0,-2.257
"2019-03-03 10:22:00",0,52.01,0.05,0,0,0,0,0,0,0,130.1,0,-2.273
"2019-03-03 10:23:00",0,53.54,0.05,0,0,0,0,0,0,0,129.6,0,-2.254
"2019-03-03 10:24:00",0,53.42,0.05,0,0,0,0,0,0,0,129.5,0,-2.198
"2019-03-03 10:25:00",0,51.96,0.05,0,0,0,0,0,0,0,129.2,0,-2.231
"2019-03-03 10:26:00",0,51.88,0.05,0,0,0,0,0,0,0,129.2,0,-2.283
"2019-03-03 10:27:00",0,53.44,0.05,0,0,0,0,0,0,0,128.9,0,-2.229
"2019-03-03 10:28:00",0,53.48,0.05,0,0,0,0,0,0,0,128.9,0.011,-2.325
"2019-03-03 10:29:00",0,51.66,0.05,0,0,0,0,0,0,0,128.5,0,-2.278
"2019-03-03 10:30:00",0,49.93,0.05,0,0,0,0,0,0,0,128.2,0.011,-2.21
"2019-03-03 10:31:00",0,50.6,0.05,0,0,0,0,0,0,0,128,0,-2.445
"2019-03-03 10:32:00",0,48.38,0.05,0,0,0,0,0,0,0,127.5,0,-2.325
"2019-03-03 10:33:00",0,47.91,0.05,0,0,0,0,0,0,0,126.9,0,-2.397
"2019-03-03 10:34:00",0,49.58,0.05,0,0,0,0,0,0,0,126.6,0,-2.228
"2019-03-03 10:35:00",0,49.65,0.05,0,0,0,0,0,0,0,126.1,0,-2.282
"2019-03-03 10:36:00",0,49,0.049,0,0,0,0,0,0,0,125.5,0,-2.268
"2019-03-03 10:37:00",0,49.03,0.05,0,0,0,0,0,0,0,124.8,0,-2.263
"2019-03-03 10:38:00",0,49.97,0.05,0,0,0,0,0,0,0,124.3,0,-2.341
"2019-03-03 10:39:00",0,51.45,0.05,0,0,0,0,0,0,0,124,0,-2.503
"2019-03-03 10:40:00",0,51.78,0.05,0,0,0,0,0,0,0,123.8,0,-2.244
"2019-03-03 10:41:00",0,50.18,0.05,0,0,0,0,0,0,0,123.2,0,-2.272
"2019-03-03 10:42:00",0,48.14,0.05,0,0,0,0,0,0,0,122.2,0.011,-2.115
"2019-03-03 10:43:00",0,48.89,0.05,0,0,0,0,0,0,0,121.9,0,-2.584
"2019-03-03 10:44:00",0,49.2,0.05,0,0,0,0,0,0,0,121.5,0,-1.928
"2019-03-03 10:45:00",0,48.65,0.05,0,0,0,0,0,0,0,120.9,0,-2.158
"2019-03-03 10:46:00",0,47.23,0.05,0,0,0,0,0,0,0,96.5,0.011,-2.263
"2019-03-03 10:47:00",0,49.19,0.05,0,0,0,0,0,0,0,40.56,0.011,-2.264
"2019-03-03 10:48:00",0,50.61,0.05,0,0,0,0,0,0,0,40.6,0,-2.161
"2019-03-03 10:49:00",0,51.44,0.049,0,0,0,0,0,0,0,40.3,0.011,-2.072
"2019-03-03 10:50:00",0,50.97,0.05,0,0,0,0,0,0,0,40.39,0,-2.178
"2019-03-03 10:51:00",0,50.79,0.05,0,0,0,0,0,0,0,40.29,0,-2.175
"2019-03-03 10:52:00",0,49.64,0.05,0,0,0,0,0,0,0,40.41,0,-2.145
"2019-03-03 10:53:00",0,50.34,0.05,0,0,0,0,0,0,0,40.31,0,-2.386
"2019-03-03 10:54:00",0,51.38,0.05,0,0,0,0,0,0,0,74.01,0,-2.153
"2019-03-03 10:55:00",0,51.91,0.05,0,0,0,0,0,0,0,126.6,0,-2.084
"2019-03-03 10:56:00",0,50.62,0.05,0,0,0,0,0,0,0,127.6,0,-2.215
"2019-03-03 10:57:00",0,52.56,0.051,0,0,0,0,0,0,0,128.7,0,-2.103
"2019-03-03 10:58:00",0,50.68,0.05,0,0,0,0,0,0,0,129.3,0,-2.034
"2019-03-03 10:59:00",0,50.48,0.05,0,0,0,0,0,0,0,128.6,0,-2.278
"2019-03-03 11:00:00",0,49.42,0.05,0,0,0,0,0,0,0,128.8,0,-2.159
"2019-03-03 11:01:00",0,48.16,0.051,0,0,0,0,0,0,0,128.4,0,-2.281
"2019-03-03 11:02:00",0,49.81,0.051,0,0,0,0,0,0,0,128.3,0,-2.246
"2019-03-03 11:03:00",0,51.09,0.051,0,0,0,0,0,0,0,128.5,0.011,-2.256
"2019-03-03 11:04:00",0,50.26,0.051,0,0,0,0,0,0,0,128.7,0,-2.603
"2019-03-03 11:05:00",0,49.38,0.051,0,0,0,0,0,0,0,128.7,0,-2.106
"2019-03-03 11:06:00",0,49.58,0.051,0,0,0,0,0,0,0,128.6,0.011,-2.352
"2019-03-03 11:07:00",0,49.92,0.051,0,0,0,0,0,0,0,128.4,0.011,-2.179
"2019-03-03 11:08:00",0,50.24,0.051,0,0,0,0,0,0,0,142.1,0,-2.228
"2019-03-03 11:09:00",0,50.17,0.051,0,0,0,0,0,0,0,156.3,0,-2.261
"2019-03-03 11:10:00",0,50.23,0.051,0,0,0,0,0,0,0,156.6,0.011,-2.2
"2019-03-03 11:11:00",0,48.52,0.052,0,0,0,0,0,0,0,156.4,0,-2.191
"2019-03-03 11:12:00",0,45.89,0.051,0,0,0,0,0,0,0,157,0.023,-2.198
"2019-03-03 11:13:00",0,44.17,0.051,0,0,0,0,0,0,0,156.8,0,-2.287
"2019-03-03 11:14:00",0,42.85,0.05,0,0,0,0,0,0,0,157,0,-2.22
"2019-03-03 11:15:00",0,43.04,0.05,0,0,0,0,0,0,0,157,0.011,-2.056
"2019-03-03 11:16:00",0,43.41,0.05,0,0,0,0,0,0,0,156.8,0.011,-2.288
"2019-03-03 11:17:00",0,43.36,0.049,0,0,0,0,0,0,0,156.8,0,-2.255
"2019-03-03 11:18:00",0,43.12,0.049,0,0,0,0,0,0,0,156.5,0,-2.266
"2019-03-03 11:19:00",0,41.98,0.049,0,0,0,0,0,0,0,156.8,0.011,-2.039
"2019-03-03 11:20:00",0,41.84,0.048,0,0,0,0,0,0,0,156.8,0.011,-2.201
"2019-03-03 11:21:00",0,42.11,0.048,0,0,0,0,0,0,0,156.6,0,-2.283
"2019-03-03 11:22:00",0,41.48,0.047,0,0,0,0,0,0,0,156.3,0,-2.194
"2019-03-03 11:23:00",0,40.65,0.047,0,0,0,0,0,0,0,157.1,0.023,-2.287
"2019-03-03 11:24:00",0,42.3,0.046,0,0,0,0,0,0,0,157.1,0,-2.221
"2019-03-03 11:25:00",0,43.85,0.046,0,0,0,0,0,0,0,157.1,0.011,-2.199
"2019-03-03 11:26:00",0,44.89,0.046,0,0,0,0,0,0,0,157.1,0,-2.257
"2019-03-03 11:27:00",0,46.27,0.046,0,0,0,0,0,0,0,157.5,0,-2.286
"2019-03-03 11:28:00",0,46.67,0.046,0,0,0,0,0,0,0,157.4,0.011,-2.273
"2019-03-03 11:29:00",0,47.12,0.046,0,0,0,0,0,0,0,157.5,0.011,-2.238
"2019-03-03 11:30:00",0,47.78,0.046,0,0,0,0,0,0,0,157.6,0.045,-2.329
"2019-03-03 11:31:00",0,46.69,0.045,0,0,0,0,0,0,0,157.6,0.034,-2.133
"2019-03-03 11:32:00",0,44.72,0.045,0,0,0,0,0,0,0,157.4,0.011,-2.367
"2019-03-03 11:33:00",0,44.01,0.045,0,0,0,0,0,0,0,157.6,0.011,-2.223
"2019-03-03 11:34:00",0,43.22,0.045,0,0,0,0,0,0,0,157.5,0.011,-2.181
"2019-03-03 11:35:00",0,44.29,0.045,0,0,0,0,0,0,0,157.1,0.023,-2.198
"2019-03-03 11:36:00",0,45.85,0.045,0,0,0,0,0,0,0,157.1,0.011,-2.137
"2019-03-03 11:37:00",0,46.69,0.045,0,0,0,0,0,0,0,157.8,0,-2.248
"2019-03-03 11:38:00",0,47.23,0.044,0,0,0,0,0,0,0,80.5,0,-2.153
"2019-03-03 11:39:00",0,47.78,0.044,0,0,0,0,0,0,0,70.3,0,-2.214
"2019-03-03 11:40:00",0,49.87,0.044,0,0,0,0,0,0,0,69.85,0.011,-2.256
"2019-03-03 11:41:00",0,51.98,0.044,0,0,0,0,0,0,0,69.68,0.011,-2.091
"2019-03-03 11:42:00",0,52.76,0.044,0,0,0,0,0,0,0,69.86,0.034,-2.316
"2019-03-03 11:43:00",0,51.54,0.045,0,0,0,0,0,0,0,69.93,0,-2.077
"2019-03-03 11:44:00",0,50.96,0.045,0,0,0,0,0,0,0,69.87,0,-2.153
"2019-03-03 11:45:00",0,49.62,0.045,0,0,0,0,0,0,0,69.78,0,-2.388
"2019-03-03 11:46:00",0,49.07,0.045,0,0,0,0,0,0,0,69.82,0.023,-2.187
"2019-03-03 11:47:00",0,47.55,0.045,0,0,0,0,0,0,0,69.7,0.011,-1.738
"2019-03-03 11:48:00",0,48.84,0.045,0,0,0,0,0,0,0,69.87,0,-2.206
"2019-03-03 11:49:00",0,49.49,0.045,0,0,0,0,0,0,0,69.78,0,-2.155
"2019-03-03 11:50:00",0,49.59,0.045,0,0,0,0,0,0,0,69.95,0.011,-2.277
"2019-03-03 11:51:00",0,48.19,0.045,0,0,0,0,0,0,0,70.2,0.011,-2.257
"2019-03-03 11:52:00",0,47.28,0.045,0,0,0,0,0,0,0,70.23,0,-2.256
"2019-03-03 11:53:00",0,47.72,0.045,0,0,0,0,0,0,0,69.61,0.023,-2.448
"2019-03-03 11:54:00",0,47.51,0.045,0,0,0,0,0,0,0,69.7,0.011,-2.178
"2019-03-03 11:55:00",0,45.53,0.045,0,0,0,0,0,0,0,69.75,0,-2.035
"2019-03-03 11:56:00",0,45.64,0.045,0,0,0,0,0,0,0,69.61,0,-2.116
"2019-03-03 11:57:00",0,45.96,0.045,0,0,0,0,0,0,0,69.62,0,-2.309
"2019-03-03 11:58:00",0,48.16,0.046,0,0,0,0,0,0,0,69.51,0,-2.125
"2019-03-03 11:59:00",0,50.17,0.045,0,0,0,0,0,0,0,69.6,0,-2.186
"2019-03-03 12:00:00",0,51.82,0.046,0,0,0,0,0,0,0,69.4,0,-2.366
"2019-03-03 12:01:00",0,52.48,0.046,0,0,0,0,0,0,0,69.73,0.011,-2.292
"2019-03-03 12:02:00",0,52.73,0.046,0,0,0,0,0,0,0,91.4,0.023,-2.274
"2019-03-03 12:03:00",0,52.19,0.046,0,0,0,0,0,0,0,161.1,0,-2.258
"2019-03-03 12:04:00",0,51.92,0.046,0,0,0,0,0,0,0,159.7,0.011,-2.219
"2019-03-03 12:05:00",0,51.56,0.046,0,0,0,0,0,0,0,159.1,0.023,-2.236
"2019-03-03 12:06:00",0,50.01,0.047,0,0,0,0,0,0,0,159.1,0.011,-2.29
"2019-03-03 12:07:00",0,49.55,0.047,0,0,0,0,0,0,0,158.7,0.011,-2.187
"2019-03-03 12:08:00",0,50.71,0.047,0,0,0,0,0,0,0,158.4,0.023,-2.425
"2019-03-03 12:09:00",0,51.87,0.047,0,0,0,0,0,0,0,158.8,0.023,-2.249
"2019-03-03 12:10:00",0,52.16,0.047,0,0,0,0,0,0,0,158.5,0.011,-2.258
"2019-03-03 12:11:00",0,52.73,0.047,0,0,0,0,0,0,0,158.2,0,-2.26
"2019-03-03 12:12:00",0,53.6,0.047,0,0,0,0,0,0,0,158,0.011,-2.21
"2019-03-03 12:13:00",0,51.65,0.047,0,0,0,0,0,0,0,158.1,0.011,-2.363
"2019-03-03 12:14:00",0,53.04,0.047,0,0,0,0,0,0,0,157.5,0,-2.089
"2019-03-03 12:15:00",0,53.45,0.048,0,0,0,0,0,0,0,157,0.023,-2.277
"2019-03-03 12:16:00",0,54.31,0.048,0,0,0,0,0,0,0,156.5,0,-2.26
"2019-03-03 12:17:00",0,53.31,0.048,0,0,0,0,0,0,0,156,0.023,-2.235
"2019-03-03 12:18:00",0,51.42,0.048,0,0,0,0,0,0,0,155.3,0,-2.163
"2019-03-03 12:19:00",0,51.46,0.048,0,0,0,0,0,0,0,154.6,0,-2.128
"2019-03-03 12:20:00",0,51.44,0.048,0,0,0,0,0,0,0,153.9,0,-2.183
"2019-03-03 12:21:00",0,52.27,0.048,0,0,0,0,0,0,0,153.8,0,-2.488
"2019-03-03 12:22:00",0,52.97,0.048,0,0,0,0,0,0,0,153.2,0.011,-2.295
"2019-03-03 12:23:00",0,53.05,0.048,0,0,0,0,0,0,0,152.3,0.011,-2.373
"2019-03-03 12:24:00",0,53.58,0.049,0,0,0,0,0,0,0,151.7,0.011,-2.199
"2019-03-03 12:25:00",0,53.18,0.048,0,0,0,0,0,0,0,151.3,0.011,-2.048
"2019-03-03 12:26:00",0,54.72,0.048,0,0,0,0,0,0,0,150.4,0.011,-2.222
"2019-03-03 12:27:00",0,53.27,0.048,0,0,0,0,0,0,0,150.2,0,-2.085
"2019-03-03 12:28:00",0,51.81,0.049,0,0,0,0,0,0,0,149.6,0,-2.537
"2019-03-03 12:29:00",0,51.91,0.049,0,0,0,0,0,0,0,122.9,0,-2.307
"2019-03-03 12:30:00",0,53.5,0.048,0,0,0,0,0,0,0,69.95,0.011,-2.086
"2019-03-03 12:31:00",0,53.07,0.049,0,0,0,0,0,0,0,69.94,0.011,-2.069
"2019-03-03 12:32:00",0,52.47,0.048,0,0,0,0,0,0,0,70.06,0,-2.235
"2019-03-03 12:33:00",0,49.94,0.048,0,0,0,0,0,0,0,69.92,0,-2.26
"2019-03-03 12:34:00",0,51.09,0.048,0,0,0,0,0,0,0,69.84,0.023,-2.27
"2019-03-03 12:35:00",0,53.01,0.048,0,0,0,0,0,0,0,69.86,0,-2.194
"2019-03-03 12:36:00",0,52.43,0.048,0,0,0,0,0,0,0,69.99,0,-2.24
"2019-03-03 12:37:00",0,51.29,0.048,0,0,0,0,0,0,0,70.09,0.011,-2.223
"2019-03-03 12:38:00",0,51.68,0.048,0,0,0,0,0,0,0,69.82,0.011,-2.21
"2019-03-03 12:39:00",0,52.05,0.048,0,0,0,0,0,0,0,69.98,0,-2.187
"2019-03-03 12:40:00",0,51.61,0.048,0,0,0,0,0,0,0,69.95,0.011,-2.309
"2019-03-03 12:41:00",0,52.5,0.048,0,0,0,0,0,0,0,69.94,0,-2.306
"2019-03-03 12:42:00",0,52.12,0.048,0,0,0,0,0,0,0,70.07,0,-2.512
"2019-03-03 12:43:00",0,51.73,0.048,0,0,0,0,0,0,0,70.28,0,-1.998
"2019-03-03 12:44:00",0,52.22,0.048,0,0,0,0,0,0,0,70,0.011,-2.32
"2019-03-03 12:45:00",0,53.22,0.048,0,0,0,0,0,0,0,69.95,0.023,-2.22
"2019-03-03 12:46:00",0,53.78,0.048,0,0,0,0,0,0,0,69.98,0,-2.235
"2019-03-03 12:47:00",0,50.98,0.048,0,0,0,0,0,0,0,69.95,0.034,-2.412
"2019-03-03 12:48:00",0,52.29,0.049,0,0,0,0,0,0,0,69.65,0.057,-2.367
"2019-03-03 12:49:00",0,51.88,0.049,0,0,0,0,0,0,0,70.03,0.011,-2.42
"2019-03-03 12:50:00",0,49.91,0.048,0,0,0,0,0,0,0,69.78,0.023,-2.106
"2019-03-03 12:51:00",0,49.13,0.049,0,0,0,0,0,0,0,69.85,0,-2.177
"2019-03-03 12:52:00",0,50.08,0.048,0,0,0,0,0,0,0,69.84,0,-2.143
"2019-03-03 12:53:00",0,51.88,0.049,0,0,0,0,0,0,0,69.95,0,-2.244
"2019-03-03 12:54:00",0,52.76,0.049,0,0,0,0,0,0,0,69.88,0.011,-2.255
"2019-03-03 12:55:00",0,52.87,0.049,0,0,0,0,0,0,0,69.83,0.023,-2.037
"2019-03-03 12:56:00",0,52.42,0.049,0,0,0,0,0,0,0,69.82,0,-2.225
"2019-03-03 12:57:00",0,52.05,0.049,0,0,0,0,0,0,0,69.77,0.023,-2.256
"2019-03-03 12:58:00",0,50.3,0.049,0,0,0,0,0,0,0,69.77,0,-2.407
"2019-03-03 12:59:00",0,48.43,0.048,0,0,0,0,0,0,0,69.5,0,-2.455
"2019-03-03 13:00:00",0,47.68,0.049,0,0,0,0,0,0,0,69.31,0,-2.424
"2019-03-03 13:01:00",0,47.51,0.048,0,0,0,0,0,0,0,69.62,0.011,-2.28
"2019-03-03 13:02:00",0,48.86,0.048,0,0,0,0,0,0,0,69.61,0.034,-2.307
"2019-03-03 13:03:00",0,50.73,0.048,0,0,0,0,0,0,0,69.48,0.011,-2.43
"2019-03-03 13:04:00",0,51.31,0.048,0,0,0,0,0,0,0,67.85,0.057,-2.228
"2019-03-03 13:05:00",0,50.36,0.048,0,0,0,0,0,0,0,41.58,0,-2.277
"2019-03-03 13:06:00",0,48.59,0.048,0,0,0,0,0,0,0,40.59,0,-2.3
"2019-03-03 13:07:00",0,48.68,0.048,0,0,0,0,0,0,0,40.66,0,-2.357
"2019-03-03 13:08:00",0,49.03,0.048,0,0,0,0,0,0,0,40.59,0,-2.295
"2019-03-03 13:09:00",0,50.69,0.048,0,0,0,0,0,0,0,40.31,0,-2.085
"2019-03-03 13:10:00",0,51.12,0.047,0,0,0,0,0,0,0,40.49,0,-2.346
"2019-03-03 13:11:00",0,48.92,0.048,0,0,0,0,0,0,0,40.63,0,-2.356
"2019-03-03 13:12:00",0,49.14,0.048,0,0,0,0,0,0,0,40.77,0,-2.266
"2019-03-03 13:13:00",0,48.04,0.048,0,0,0,0,0,0,0,40.49,0.011,-2.314
"2019-03-03 13:14:00",0,48.65,0.048,0,0,0,0,0,0,0,40.26,0,-2.341
"2019-03-03 13:15:00",0,49.22,0.048,0,0,0,0,0,0,0,40.26,0,-1.959
"2019-03-03 13:16:00",0,49.54,0.048,0,0,0,0,0,0,0,40.42,0,-2.363
"2019-03-03 13:17:00",0,50.34,0.048,0,0,0,0,0,0,0,40.28,0,-2.324
"2019-03-03 13:18:00",0,49.7,0.048,0,0,0,0,0,0,0,40.47,0,-2.395
"2019-03-03 13:19:00",0,47.25,0.048,0,0,0,0,0,0,0,40.41,0,-2.086
"2019-03-03 13:20:00",0,44.76,0.048,0,0,0,0,0,0,0,40.42,0.011,-2.225
"2019-03-03 13:21:00",0,45.48,0.048,0,0,0,0,0,0,0,40.39,0,-2.309
"2019-03-03 13:22:00",0,46.35,0.048,0,0,0,0,0,0,0,40.58,0.011,-2.068
"2019-03-03 13:23:00",0,48.26,0.048,0,0,0,0,0,0,0,40.37,0,-2.284
"2019-03-03 13:24:00",0,47.87,0.048,0,0,0,0,0,0,0,40.34,0,-2.225
"2019-03-03 13:25:00",0,46.04,0.048,0,0,0,0,0,0,0,40.29,0.023,-2.416
"2019-03-03 13:26:00",0,47.22,0.048,0,0,0,0,0,0,0,40.51,0,-2.306
"2019-03-03 13:27:00",0,48.29,0.047,0,0,0,0,0,0,0,40.53,0,-2.233
"2019-03-03 13:28:00",0,48.64,0.047,0,0,0,0,0,0,0,40.5,0,-2.009
"2019-03-03 13:29:00",0,49.1,0.046,0,0,0,0,0,0,0,40.45,0,-1.981
"2019-03-03 13:30:00",0,48.31,0.047,0,0,0,0,0,0,0,40.32,0,-2.261
"2019-03-03 13:31:00",0,47.67,0.047,0,0,0,0,0,0,0,40.58,0,-2.153
"2019-03-03 13:32:00",0,47.3,0.047,0,0,0,0,0,0,0,40.38,0,-2.232
"2019-03-03 13:33:00",0,47.77,0.047,0,0,0,0,0,0,0,40.3,0.011,-2.24
"2019-03-03 13:34:00",0,48.78,0.046,0,0,0,0,0,0,0,40.26,0.011,-2.232
"2019-03-03 13:35:00",0,47.89,0.047,0,0,0,0,0,0,0,40.28,0,-2.067
"2019-03-03 13:36:00",0,48.07,0.047,0,0,0,0,0,0,0,40.2,0,-2.655
"2019-03-03 13:37:00",0,48.81,0.047,0,0,0,0,0,0,0,40.33,0,-2.471
"2019-03-03 13:38:00",0,48.55,0.048,0,0,0,0,0,0,0,40.5,0,-2.041
"2019-03-03 13:39:00",0,50.19,0.048,0,0,0,0,0,0,0,40.38,0,-2.329
"2019-03-03 13:40:00",0,49.55,0.047,0,0,0,0,0,0,0,40.59,0.023,-2.399
"2019-03-03 13:41:00",0,48.93,0.047,0,0,0,0,0,0,0,40.66,0,-2.494
"2019-03-03 13:42:00",0,47.11,0.048,0,0,0,0,0,0,0,40.49,0,-2.474
"2019-03-03 13:43:00",0,45.59,0.046,0,0,0,0,0,0,0,40.58,0,-2.095
"2019-03-03 13:44:00",0,46.19,0.047,0,0,0,0,0,0,0,40.61,0,-2.137
"2019-03-03 13:45:00",0,47.74,0.047,0,0,0,0,0,0,0,135.2,0,-2.204
"2019-03-03 13:46:00",0,47.99,0.047,0,0,0,0,0,0,0,130.6,0.011,-2.315
"2019-03-03 13:47:00",0,47.25,0.047,0,0,0,0,0,0,0,130.1,0,-2.338
"2019-03-03 13:48:00",0,47.06,0.048,0,0,0,0,0,0,0,129.6,0,-2.066
"2019-03-03 13:49:00",0,48.98,0.048,0,0,0,0,0,0,0,129.4,0.011,-1.896
"2019-03-03 13:50:00",0,49.37,0.048,0,0,0,0,0,0,0,129.4,0,-2.373
"2019-03-03 13:51:00",0,48.54,0.048,0,0,0,0,0,0,0,129.3,0.011,-2.38
"2019-03-03 13:52:00",0,47.21,0.048,0,0,0,0,0,0,0,129.2,0.011,-2.508
"2019-03-03 13:53:00",0,47.58,0.048,0,0,0,0,0,0,0,129.1,0,-2.497
"2019-03-03 13:54:00",0,47.75,0.048,0,0,0,0,0,0,0,128.8,0.011,-2.397
"2019-03-03 13:55:00",0,49.28,0.048,0,0,0,0,0,0,0,128.4,0.034,-2.367
"2019-03-03 13:56:00",0,49.2,0.048,0,0,0,0,0,0,0,128,0.023,-2.247
"2019-03-03 13:57:00",0,49.07,0.048,0,0,0,0,0,0,0,127.4,0,-2.375
"2019-03-03 13:58:00",0,48.58,0.048,0,0,0,0,0,0,0,126.8,0.023,-2.213
"2019-03-03 13:59:00",0,47.79,0.048,0,0,0,0,0,0,0,223.2,0,-2.103
"2019-03-03 14:00:00",0,47.09,0.048,0,0,0,0,0,0,0,209.5,0,-2.235
"2019-03-03 14:01:00",0,45.84,0.048,0,0,0,0,0,0,0,210.9,0,-2.249
"2019-03-03 14:02:00",0,45.64,0.048,0,0,0,0,0,0,0,211.7,0,-2.004
"2019-03-03 14:03:00",0,46.57,0.048,0,0,0,0,0,0,0,214.5,0.011,-2.233
"2019-03-03 14:04:00",0,47.98,0.048,0,0,0,0,0,0,0,213.9,0.011,-2.245
"2019-03-03 14:05:00",0,47.35,0.048,0,0,0,0,0,0,0,212.8,0,-2.037
"2019-03-03 14:06:00",0,47.54,0.048,0,0,0,0,0,0,0,211.7,0.011,-2.472
"2019-03-03 14:07:00",0,49.08,0.047,0,0,0,0,0,0,0,210.9,0,-2.516
"2019-03-03 14:08:00",0,50.45,0.047,0,0,0,0,0,0,0,210.2,0.011,-1.851
"2019-03-03 14:09:00",0,50.02,0.047,0,0,0,0,0,0,0,210,0,-2.228
"2019-03-03 14:10:00",0,48.77,0.047,0,0,0,0,0,0,0,209.9,0.011,-2.332
"2019-03-03 14:11:00",0,48.39,0.046,0,0,0,0,0,0,0,209.4,0.011,-2.477
"2019-03-03 14:12:00",0,50.5,0.046,0,0,0,0,0,0,0,167,0,-1.921
"2019-03-03 14:13:00",0,49.04,0.046,0,0,0,0,0,0,0,132.3,0,-2.43
"2019-03-03 14:14:00",0,49.29,0.046,0,0,0,0,0,0,0,132.7,0,-2.147
"2019-03-03 14:15:00",0,46.13,0.046,0,0,0,0,0,0,0,132.7,0,-2.388
"2019-03-03 14:16:00",0,43.43,0.045,0,0,0,0,0,0,0,132.7,0,-2.36
"2019-03-03 14:17:00",0,41.8,0.045,0,0,0,0,0,0,0,132.8,0,-2.208
"2019-03-03 14:18:00",0,40.48,0.046,0,0,0,0,0,0,0,132.7,0,-2.196
"2019-03-03 14:19:00",0,39.86,0.045,0,0,0,0,0,0,0,132.7,0,-1.522
"2019-03-03 14:20:00",0,38.62,0.045,0,0,0,0,0,0,0,132.8,0,-2.275
"2019-03-03 14:21:00",0,38.59,0.045,0,0,0,0,0,0,0,132.9,0,-2.146
"2019-03-03 14:22:00",0,38.26,0.044,0,0,0,0,0,0,0,132.9,0,-2.3
"2019-03-03 14:23:00",0,38.35,0.044,0,0,0,0,0,0,0,132.3,0,-2.212
"2019-03-03 14:24:00",0,38.32,0.044,0,0,0,0,0,0,0,132.5,0,-2.195
"2019-03-03 14:25:00",0,39.95,0.044,0,0,0,0,0,0,0,132.5,0,-2.378
"2019-03-03 14:26:00",0,41.77,0.044,0,0,0,0,0,0,0,132.7,0.011,-2.278
"2019-03-03 14:27:00",0,43.01,0.044,0,0,0,0,0,0,0,132.9,0.011,-2.059
"2019-03-03 14:28:00",0,44.23,0.044,0,0,0,0,0,0,0,133.1,0,-2.444
"2019-03-03 14:29:00",0,42.7,0.044,0,0,0,0,0,0,0,133.1,0,-2.211
"2019-03-03 14:30:00",0,44.44,0.043,0,0,0,0,0,0,0,133.1,0,-2.528
"2019-03-03 14:31:00",0,45.52,0.043,0,0,0,0,0,0,0,133.3,0,-2.159
"2019-03-03 14:32:00",0,45.98,0.043,0,0,0,0,0,0,0,133,0.011,-2.338
"2019-03-03 14:33:00",0,45.08,0.042,0,0,0,0,0,0,0,133,0,-2.566
"2019-03-03 14:34:00",0,43.11,0.043,0,0,0,0,0,0,0,131.1,0,-1.989
"2019-03-03 14:35:00",0,42.17,0.042,0,0,0,0,0,0,0,127.9,0.011,-2.267
"2019-03-03 14:36:00",0,41.55,0.042,0,0,0,0,0,0,0,128.2,0.011,-2.377
"2019-03-03 14:37:00",0,42.74,0.042,0,0,0,0,0,0,0,128.1,0,-2.153
"2019-03-03 14:38:00",0,44.29,0.041,0,0,0,0,0,0,0,128.1,0.011,-2.235
"2019-03-03 14:39:00",0,45.84,0.041,0,0,0,0,0,0,0,128,0,-2.062
"2019-03-03 14:40:00",0,45.89,0.041,0,0,0,0,0,0,0,128.6,0,-2.201
"2019-03-03 14:41:00",0,45.35,0.041,0,0,0,0,0,0,0,128.6,0.023,-2.399
"2019-03-03 14:42:00",0,44.82,0.041,0,0,0,0,0,0,0,89,0.011,-2.267
"2019-03-03 14:43:00",0,44.63,0.041,0,0,0,0,0,0,0,56.97,0,-1.871
"2019-03-03 14:44:00",0,43.96,0.042,0,0,0,0,0,0,0,70.09,0.023,-2.553
"2019-03-03 14:45:00",0,43.75,0.041,0,0,0,0,0,0,0,70.31,0,-2.225
"2019-03-03 14:46:00",0,42.75,0.041,0,0,0,0,0,0,0,70.2,0.011,-2.571
"2019-03-03 14:47:00",0,42.07,0.041,0,0,0,0,0,0,0,70.03,0,-2.357
"2019-03-03 14:48:00",0,41.44,0.041,0,0,0,0,0,0,0,70.11,0,-2.219
"2019-03-03 14:49:00",0,40.81,0.041,0,0,0,0,0,0,0,70.1,0,-2.529
"2019-03-03 14:50:00",0,40.74,0.041,0,0,0,0,0,0,0,69.98,0,-2.022
"2019-03-03 14:51:00",0,41.33,0.041,0,0,0,0,0,0,0,69.81,0,-2.181
"2019-03-03 14:52:00",0,42.95,0.041,0,0,0,0,0,0,0,70.19,0,-2.16
"2019-03-03 14:53:00",0,43.58,0.041,0,0,0,0,0,0,0,70.43,0,-2.201
"2019-03-03 14:54:00",0,43.06,0.04,0,0,0,0,0,0,0,70.29,0,-2.198
"2019-03-03 14:55:00",0,41.67,0.04,0,0,0,0,0,0,0,70.3,0,-2.281
"2019-03-03 14:56:00",0,41.43,0.04,0,0,0,0,0,0,0,70.09,0.011,-2.405
"2019-03-03 14:57:00",0,41.04,0.04,0,0,0,0,0,0,0,70.31,0.011,-2.355
"2019-03-03 14:58:00",0,41.57,0.04,0,0,0,0,0,0,0,70.36,0,-2.541
"2019-03-03 14:59:00",0,41.65,0.04,0,0,0,0,0,0,0,70.11,0,-2.257
"2019-03-03 15:00:00",0,40.84,0.04,0,0,0,0,0,0,0,69.85,0,-1.985
"2019-03-03 15:01:00",0,41.93,0.04,0,0,0,0,0,0,0,70.16,0,-2.244
"2019-03-03 15:02:00",0,42.58,0.04,0,0,0,0,0,0,0,70.09,0.011,-2.342
"2019-03-03 15:03:00",0,42.06,0.041,0,0,0,0,0,0,0,69.92,0.011,-2.341
"2019-03-03 15:04:00",0,41.74,0.04,0,0,0,0,0,0,0,70.03,0,-2.178
"2019-03-03 15:05:00",0,42.36,0.04,0,0,0,0,0,0,0,70.08,0,-2.242
"2019-03-03 15:06:00",0,43.2,0.04,0,0,0,0,0,0,0,70.01,0,-2.191
"2019-03-03 15:07:00",0,44.14,0.04,0,0,0,0,0,0,0,70,0,-1.965
"2019-03-03 15:08:00",0,45.28,0.04,0,0,0,0,0,0,0,69.99,0,-2.266
"2019-03-03 15:09:00",0,45.69,0.04,0,0,0,0,0,0,0,69.92,0,-2.047
"2019-03-03 15:10:00",0,46.39,0.04,0,0,0,0,0,0,0,69.81,0,-2.457
"2019-03-03 15:11:00",0,45.96,0.039,0,0,0,0,0,0,0,69.93,0,-1.911
"2019-03-03 15:12:00",0,45.43,0.04,0,0,0,0,0,0,0,70.56,0,-2.207
"2019-03-03 15:13:00",0,45.98,0.039,0,0,0,0,0,0,0,70.31,0,-1.968
"2019-03-03 15:14:00",0,46.49,0.039,0,0,0,0,0,0,0,70.17,0,-2.125
"2019-03-03 15:15:00",0,47.02,0.04,0,0,0,0,0,0,0,70.07,0,-2.175
"2019-03-03 15:16:00",0,46.62,0.039,0,0,0,0,0,0,0,70.01,0,-2.404
"2019-03-03 15:17:00",0,46.68,0.04,0,0,0,0,0,0,0,70.07,0,-2.16
"2019-03-03 15:18:00",0,46.13,0.04,0,0,0,0,0,0,0,70.06,0,-2.169
"2019-03-03 15:19:00",0,46.27,0.039,0,0,0,0,0,0,0,69.76,0,-2.18
"2019-03-03 15:20:00",0,46.83,0.039,0,0,0,0,0,0,0,70.01,0,-2.251
"2019-03-03 15:21:00",0,47.24,0.039,0,0,0,0,0,0,0,69.99,0,-2.193
"2019-03-03 15:22:00",0,48.07,0.039,0,0,0,0,0,0,0,70.09,0,-2.242
"2019-03-03 15:23:00",0,48.72,0.039,0,0,0,0,0,0,0,69.96,0.011,-2.261
"2019-03-03 15:24:00",0,48.83,0.039,0,0,0,0,0,0,0,70.06,0,-2.27
"2019-03-03 15:25:00",0,48.52,0.039,0,0,0,0,0,0,0,69.31,0,-2.274
"2019-03-03 15:26:00",0,47.96,0.039,0,0,0,0,0,0,0,69.72,0,-2.229
"2019-03-03 15:27:00",0,47.64,0.039,0,0,0,0,0,0,0,90.7,0,-2.227
"2019-03-03 15:28:00",0,48.12,0.039,0,0,0,0,0,0,0,160.4,0,-2.276
"2019-03-03 15:29:00",0,46.48,0.039,0,0,0,0,0,0,0,159.6,0,-2.221
"2019-03-03 15:30:00",0,44.11,0.039,0,0,0,0,0,0,0,158.7,0,-2.208
"2019-03-03 15:31:00",0,44.46,0.039,0,0,0,0,0,0,0,158.7,0.011,-2.171
"2019-03-03 15:32:00",0,45.4,0.039,0,0,0,0,0,0,0,158.1,0.011,-2.278
"2019-03-03 15:33:00",0,46.59,0.039,0,0,0,0,0,0,0,158,0,-2.286
"2019-03-03 15:34:00",0,45.95,0.039,0,0,0,0,0,0,0,157.9,0,-2.115
"2019-03-03 15:35:00",0,45.75,0.039,0,0,0,0,0,0,0,157.8,0,-2.184
"2019-03-03 15:36:00",0,45.25,0.039,0,0,0,0,0,0,0,157.6,0,-2.288
"2019-03-03 15:37:00",0,45.78,0.039,0,0,0,0,0,0,0,157.9,0,-2.023
"2019-03-03 15:38:00",0,45.48,0.04,0,0,0,0,0,0,0,157.5,0,-2.115
"2019-03-03 15:39:00",0,45.44,0.039,0,0,0,0,0,0,0,156.9,0.023,-2.291
"2019-03-03 15:40:00",0,45.82,0.039,0,0,0,0,0,0,0,156.2,0,-2.133
"2019-03-03 15:41:00",0,45.5,0.039,0,0,0,0,0,0,0,155.9,0,-2.266
"2019-03-03 15:42:00",0,43.43,0.039,0,0,0,0,0,0,0,155.1,0.011,-2.292
"2019-03-03 15:43:00",0,43.62,0.039,0,0,0,0,0,0,0,154.6,0.011,-2.181
"2019-03-03 15:44:00",0,43.43,0.039,0,0,0,0,0,0,0,154.2,0.034,-2.305
"2019-03-03 15:45:00",0,42.73,0.038,0,0,0,0,0,0,0,153.6,0,-2.388
"2019-03-03 15:46:00",0,43.43,0.038,0,0,0,0,0,0,0,153.1,0.023,-2.161
"2019-03-03 15:47:00",0,44.11,0.038,0,0,0,0,0,0,0,152.7,0.011,-2.268
"2019-03-03 15:48:00",0,43.44,0.038,0,0,0,0,0,0,0,151.6,0,-2.234
"2019-03-03 15:49:00",0,43.2,0.038,0,0,0,0,0,0,0,150.6,0,-2.288
"2019-03-03 15:50:00",0,43.23,0.038,0,0,0,0,0,0,0,150.4,0,-2.438
"2019-03-03 15:51:00",0,41.82,0.038,0,0,0,0,0,0,0,149.8,0,-2.361
"2019-03-03 15:52:00",0,41.4,0.037,0,0,0,0,0,0,0,149.6,0.023,-2.569
"2019-03-03 15:53:00",0,41.58,0.038,0,0,0,0,0,0,0,149.2,0,-1.925
"2019-03-03 15:54:00",0,41.45,0.037,0,0,0,0,0,0,0,133.2,0.023,-2.233
"2019-03-03 15:55:00",0,42.16,0.037,0,0,0,0,0,0,0,70.15,0.011,-2.152
"2019-03-03 15:56:00",0,42.96,0.037,0,0,0,0,0,0,0,70.1,0,-2.375
"2019-03-03 15:57:00",0,42.96,0.037,0,0,0,0,0,0,0,70.09,0,-2.209
"2019-03-03 15:58:00",0,42.44,0.037,0,0,0,0,0,0,0,69.88,0.011,-2.457
"2019-03-03 15:59:00",0,42.08,0.036,0,0,0,0,0,0,0,69.81,0,-2.353
"2019-03-03 16:00:00",0,41.2,0.037,0,0,0,0,0,0,0,69.72,0,-2.608
"2019-03-03 16:01:00",0,39.93,0.037,0,0,0,0,0,0,0,70,0,-2.55
"2019-03-03 16:02:00",0,38.34,0.036,0,0,0,0,0,0,0,70.01,0,-2.663
"2019-03-03 16:03:00",0,37.93,0.035,0,0,0,0,0,0,0,69.83,0,-2.182
"2019-03-03 16:04:00",0,36.85,0.036,0,0,0,0,0,0,0,69.73,0,-2.34
"2019-03-03 16:05:00",0,36.21,0.036,0,0,0,0,0,0,0,69.71,0,-2.393
"2019-03-03 16:06:00",0,35.96,0.036,0,0,0,0,0,0,0,69.72,0.011,-2.327
"2019-03-03 16:07:00",0,35.85,0.036,0,0,0,0,0,0,0,69.63,0,-1.925
"2019-03-03 16:08:00",0,35.12,0.036,0,0,0,0,0,0,0,69.75,0,-2.118
"2019-03-03 16:09:00",0,34.8,0.035,0,0,0,0,0,0,0,70.07,0,-2.197
"2019-03-03 16:10:00",0,34.42,0.035,0,0,0,0,0,0,0,70.14,0,-2.236
"2019-03-03 16:11:00",0,34.24,0.035,0,0,0,0,0,0,0,70.19,0.011,-2.074
"2019-03-03 16:12:00",0,33.92,0.035,0,0,0,0,0,0,0,70.45,0,-2.344
"2019-03-03 16:13:00",0,34.02,0.035,0,0,0,0,0,0,0,70.04,0.011,-2.497
"2019-03-03 16:14:00",0,33.69,0.035,0,0,0,0,0,0,0,69.81,0,-2.37
"2019-03-03 16:15:00",0,33.47,0.035,0,0,0,0,0,0,0,70.23,0.011,-2.179
"2019-03-03 16:16:00",0,33.6,0.034,0,0,0,0,0,0,0,70.27,0.011,-2.397
"2019-03-03 16:17:00",0,33.91,0.034,0,0,0,0,0,0,0,70.21,0.045,-2.206
"2019-03-03 16:18:00",0,33.99,0.034,0,0,0,0,0,0,0,70.23,0,-2.175
"2019-03-03 16:19:00",0,33.56,0.034,0,0,0,0,0,0,0,70.21,0,-2.287
"2019-03-03 16:20:00",0,33.54,0.034,0,0,0,0,0,0,0,70.05,0,-2.155
"2019-03-03 16:21:00",0,33.52,0.034,0,0,0,0,0,0,0,70.11,0.011,-2.296
"2019-03-03 16:22:00",0,33.56,0.034,0,0,0,0,0,0,0,70.07,0.011,-2.361
"2019-03-03 16:23:00",0,33.7,0.034,0,0,0,0,0,0,0,70.21,0,-2.334
"2019-03-03 16:24:00",0,33.97,0.034,0,0,0,0,0,0,0,70.23,0.011,-2.257
"2019-03-03 16:25:00",0,33.83,0.034,0,0,0,0,0,0,0,70.36,0.011,-2.332
"2019-03-03 16:26:00",0,33.58,0.034,0,0,0,0,0,0,0,70.32,0.011,-2.249
"2019-03-03 16:27:00",0,33.28,0.034,0,0,0,0,0,0,0,70.16,0,-2.193
"2019-03-03 16:28:00",0,33.13,0.034,0,0,0,0,0,0,0,70.18,0,-2.271
"2019-03-03 16:29:00",0,33.65,0.033,0,0,0,0,0,0,0,70.08,0.011,-2.244
"2019-03-03 16:30:00",0,33.82,0.033,0,0,0,0,0,0,0,70.07,0.011,-2.235
"2019-03-03 16:31:00",0,33.4,0.033,0,0,0,0,0,0,0,69.93,0.011,-2.252
"2019-03-03 16:32:00",0,33.37,0.033,0,0,0,0,0,0,0,69.59,0,-2.369
"2019-03-03 16:33:00",0,33.48,0.033,0,0,0,0,0,0,0,69.9,0,-2.798
"2019-03-03 16:34:00",0,33.42,0.033,0,0,0,0,0,0,0,69.92,0.034,-2.001
"2019-03-03 16:35:00",0,33.47,0.032,0,0,0,0,0,0,0,68,0.023,-2.33
"2019-03-03 16:36:00",0,33.53,0.032,0,0,0,0,0,0,0,41.54,0,-2.253
"2019-03-03 16:37:00",0,33.22,0.032,0,0,0,0,0,0,0,40.98,0,-2.329
"2019-03-03 16:38:00",0,33.14,0.032,0,0,0,0,0,0,0,40.83,0.011,-2.174
"2019-03-03 16:39:00",0,33.24,0.033,0,0,0,0,0,0,0,40.56,0.068,-2.483
"2019-03-03 16:40:00",0,33.65,0.032,0,0,0,0,0,0,0,40.77,0,-2.331
"2019-03-03 16:41:00",0,33.85,0.031,0,0,0,0,0,0,0,40.63,0,-1.965
"2019-03-03 16:42:00",0,33.59,0.032,0,0,0,0,0,0,0,40.63,0,-2.518
"2019-03-03 16:43:00",0,33.85,0.032,0,0,0,0,0,0,0,40.41,0.011,-2.458
"2019-03-03 16:44:00",0,34.02,0.031,0,0,0,0,0,0,0,40.65,0.011,-2.336
"2019-03-03 16:45:00",0,33.95,0.031,0,0,0,0,0,0,0,40.59,0,-2.649
"2019-03-03 16:46:00",0,34.01,0.031,0,0,0,0,0,0,0,40.6,0.034,-2.302
"2019-03-03 16:47:00",0,34.19,0.031,0,0,0,0,0,0,0,40.52,0.011,-2.175
"2019-03-03 16:48:00",0,34.23,0.032,0,0,0,0,0,0,0,40.38,0,-2.144
"2019-03-03 16:49:00",0,34.11,0.031,0,0,0,0,0,0,0,40.52,0,-1.957
"2019-03-03 16:50:00",0,33.87,0.032,0,0,0,0,0,0,0,40.62,0.011,-2.227
"2019-03-03 16:51:00",0,33.92,0.032,0,0,0,0,0,0,0,40.45,0,-1.863
"2019-03-03 16:52:00",0,34.24,0.032,0,0,0,0,0,0,0,40.66,0,-2.145
"2019-03-03 16:53:00",0,33.79,0.033,0,0,0,0,0,0,0,40.5,0.023,-2.341
"2019-03-03 16:54:00",0,33.9,0.032,0,0,0,0,0,0,0,40.41,0.011,-2.308
"2019-03-03 16:55:00",0,33.98,0.032,0,0,0,0,0,0,0,40.59,0,-2.223
"2019-03-03 16:56:00",0,34.08,0.032,0,0,0,0,0,0,0,40.69,0.011,-2.338
"2019-03-03 16:57:00",0,34.49,0.032,0,0,0,0,0,0,0,40.7,0,-2.638
"2019-03-03 16:58:00",0,34.36,0.032,0,0,0,0,0,0,0,40.52,0,-2.279
"2019-03-03 16:59:00",0,34.41,0.033,0,0,0,0,0,0,0,40.54,0.023,-2.128
"2019-03-03 17:00:00",0,34.19,0.033,0,0,0,0,0,0,0,40.44,0,-2.286
"2019-03-03 17:01:00",0,34.45,0.033,0,0,0,0,0,0,0,40.3,0.011,-2.509
"2019-03-03 17:02:00",0,34.65,0.032,0,0,0,0,0,0,0,40.36,0,-2.62
"2019-03-03 17:03:00",0,35.32,0.033,0,0,0,0,0,0,0,40.47,0,-2.471
"2019-03-03 17:04:00",0,35.15,0.033,0,0,0,0,0,0,0,40.49,0,-2.194
"2019-03-03 17:05:00",0,35.06,0.034,0,0,0,0,0,0,0,40.47,0,-2.182
"2019-03-03 17:06:00",0,34.65,0.033,0,0,0,0,0,0,0,40.45,0,-2.317
"2019-03-03 17:07:00",0,34.7,0.034,0,0,0,0,0,0,0,40.41,0,-2.229
"2019-03-03 17:08:00",0,34.92,0.034,0,0,0,0,0,0,0,40.44,0,-2.242
"2019-03-03 17:09:00",0,35.5,0.034,0,0,0,0,0,0,0,40.45,0,-2.224
"2019-03-03 17:10:00",0,36.22,0.034,0,0,0,0,0,0,0,88.9,0,-2.438
"2019-03-03 17:11:00",0,35.83,0.034,0,0,0,0,0,0,0,130.2,0,-2.273
"2019-03-03 17:12:00",0,35.58,0.034,0,0,0,0,0,0,0,129.8,0,-2.244
"2019-03-03 17:13:00",0,35.7,0.034,0,0,0,0,0,0,0,129.5,0.023,-2.492
"2019-03-03 17:14:00",0,35.3,0.035,0,0,0,0,0,0,0,129.3,0,-2.194
"2019-03-03 17:15:00",0,35.59,0.035,0,0,0,0,0,0,0,128.8,0,-2.433
"2019-03-03 17:16:00",0,35.33,0.035,0,0,0,0,0,0,0,128.9,0,-2.171
"2019-03-03 17:17:00",0,35.06,0.036,0,0,0,0,0,0,0,128.7,0.011,-2.436
"2019-03-03 17:18:00",0,35.37,0.035,0,0,0,0,0,0,0,128.5,0,-2.391
"2019-03-03 17:19:00",0,35.71,0.036,0,0,0,0,0,0,0,128.3,0.023,-2.294
"2019-03-03 17:20:00",0,35.81,0.035,0,0,0,0,0,0,0,189.9,0,-2.166
"2019-03-03 17:21:00",0,35.64,0.036,0,0,0,0,0,0,0,209.3,0.011,-2.298
"2019-03-03 17:22:00",0,35.16,0.035,0,0,0,0,0,0,0,211.2,0.011,-2.433
"2019-03-03 17:23:00",0,34.76,0.035,0,0,0,0,0,0,0,211.4,0.011,-2.549
"2019-03-03 17:24:00",0,33.95,0.035,0,0,0,0,0,0,0,210.8,0.023,-2.772
"2019-03-03 17:25:00",0,33.95,0.035,0,0,0,0,0,0,0,209.9,0.023,-2.344
"2019-03-03 17:26:00",0,34.33,0.035,0,0,0,0,0,0,0,209.2,0.011,-2.232
"2019-03-03 17:27:00",0,34.72,0.035,0,0,0,0,0,0,0,208.6,0,-2.2
"2019-03-03 17:28:00",0,34.71,0.035,0,0,0,0,0,0,0,208.3,0,-2.296
"2019-03-03 17:29:00",0,34.08,0.035,0,0,0,0,0,0,0,207.7,0,-2.45
"2019-03-03 17:30:00",0,33.78,0.035,0,0,0,0,0,0,0,207.3,0.011,-2.132
"2019-03-03 17:31:00",0,33.35,0.034,0,0,0,0,0,0,0,206.3,0.011,-2.462
"2019-03-03 17:32:00",0,33.11,0.033,0,0,0,0,0,0,0,205.8,0,-2.279
"2019-03-03 17:33:00",0,33.12,0.033,0,0,0,0,0,0,0,206.6,0,-2.195
"2019-03-03 17:34:00",0,33.22,0.033,0,0,0,0,0,0,0,208.8,0,-2.107
"2019-03-03 17:35:00",0,33.74,0.033,0,0,0,0,0,0,0,208.7,0.011,-2.332
"2019-03-03 17:36:00",0,33.26,0.033,0,0,0,0,0,0,0,204.2,0,-2.652
"2019-03-03 17:37:00",0,33.02,0.032,0,0,0,0,0,0,0,131.8,0.023,-2.614
"2019-03-03 17:38:00",0,33.11,0.032,0,0,0,0,0,0,0,132,0,-2.352
"2019-03-03 17:39:00",0,33.16,0.032,0,0,0,0,0,0,0,131.9,0,-2.091
"2019-03-03 17:40:00",0,32.9,0.032,0,0,0,0,0,0,0,132.1,0,-2.361
"2019-03-03 17:41:00",0,32.36,0.032,0,0,0,0,0,0,0,132.3,0.011,-2.279
"2019-03-03 17:42:00",0,31.96,0.033,0,0,0,0,0,0,0,132.3,0.011,-2.093
"2019-03-03 17:43:00",0,31.85,0.033,0,0,0,0,0,0,0,132.2,0.011,-2.203
"2019-03-03 17:44:00",0,31.62,0.033,0,0,0,0,0,0,0,148.5,0.011,-2.09
"2019-03-03 17:45:00",0,31.65,0.033,0,0,0,0,0,0,0,157.1,0.034,-2.383
"2019-03-03 17:46:00",0,31.39,0.033,0,0,0,0,0,0,0,157,0,-2.345
"2019-03-03 17:47:00",0,31.47,0.032,0,0,0,0,0,0,0,156.9,0,-2.125
"2019-03-03 17:48:00",0,31.51,0.032,0,0,0,0,0,0,0,156,0,-2.101
"2019-03-03 17:49:00",0,31.43,0.032,0,0,0,0,0,0,0,155.7,0.011,-2.179
"2019-03-03 17:50:00",0,31.18,0.032,0,0,0,0,0,0,0,155.7,0,-2.337
"2019-03-03 17:51:00",0,30.96,0.032,0,0,0,0,0,0,0,155.8,0,-2.143
"2019-03-03 17:52:00",0,30.86,0.033,0,0,0,0,0,0,0,156.1,0,-2.375
"2019-03-03 17:53:00",0,31.02,0.032,0,0,0,0,0,0,0,156.1,0,-2.279
"2019-03-03 17:54:00",0,31.16,0.031,0,0,0,0,0,0,0,156.3,0,-2.187
"2019-03-03 17:55:00",0,31.1,0.031,0,0,0,0,0,0,0,156,0.011,-2.114
"2019-03-03 17:56:00",0,30.9,0.032,0,0,0,0,0,0,0,155,0,-2.279
"2019-03-03 17:57:00",0,30.73,0.032,0,0,0,0,0,0,0,155.5,0,-2.12
"2019-03-03 17:58:00",0,30.72,0.031,0,0,0,0,0,0,0,155.8,0.011,-2.242
"2019-03-03 17:59:00",0,30.62,0.031,0,0,0,0,0,0,0,155.8,0.011,-2.238
"2019-03-03 18:00:00",0,30.6,0.031,0,0,0,0,0,0,0,155.5,0.023,-2.303
"2019-03-03 18:01:00",0,30.55,0.03,0,0,0,0,0,0,0,155.8,0.034,-2.082
"2019-03-03 18:02:00",0,30.48,0.03,0,0,0,0,0,0,0,154.9,0,-1.933
"2019-03-03 18:03:00",0,30.4,0.031,0,0,0,0,0,0,0,154.7,0,-2.194
"2019-03-03 18:04:00",0,30.37,0.031,0,0,0,0,0,0,0,155.2,0,-2.196
"2019-03-03 18:05:00",0,30.26,0.031,0,0,0,0,0,0,0,155.3,0,-2.395
"2019-03-03 18:06:00",0,30.14,0.03,0,0,0,0,0,0,0,154.7,0.011,-2.374
"2019-03-03 18:07:00",0,30.04,0.031,0,0,0,0,0,0,0,132.1,0,-2.988
"2019-03-03 18:08:00",0,29.89,0.03,0,0,0,0,0,0,0,130,0,-2.804
"2019-03-03 18:09:00",0,29.95,0.031,0,0,0,0,0,0,0,127.1,0,-2.241
"2019-03-03 18:10:00",0,29.93,0.031,0,0,0,0,0,0,0,127,0.011,-2.325
"2019-03-03 18:11:00",0,29.86,0.031,0,0,0,0,0,0,0,127.1,0,-2.154
"2019-03-03 18:12:00",0,29.86,0.031,0,0,0,0,0,0,0,127.6,0.011,-2.291
"2019-03-03 18:13:00",0,29.89,0.031,0,0,0,0,0,0,0,127.1,0,-2.256
"2019-03-03 18:14:00",0,29.88,0.031,0,0,0,0,0,0,0,127.4,0,-2.405
"2019-03-03 18:15:00",0,29.82,0.03,0,0,0,0,0,0,0,127.4,0,-2.247
"2019-03-03 18:16:00",0,29.77,0.03,0,0,0,0,0,0,0,127.5,0.011,-2.337
"2019-03-03 18:17:00",0,29.81,0.031,0,0,0,0,0,0,0,127.1,0,-2.642
"2019-03-03 18:18:00",0,29.79,0.031,0,0,0,0,0,0,0,127.6,0.011,-1.998
"2019-03-03 18:19:00",0,29.68,0.03,0,0,0,0,0,0,0,128.1,0.011,-2.211
"2019-03-03 18:20:00",0,29.69,0.03,0,0,0,0,0,0,0,128.1,0,-2.275
"2019-03-03 18:21:00",0,29.67,0.03,0,0,0,0,0,0,0,127.7,0,-2.207
"2019-03-03 18:22:00",0,29.69,0.03,0,0,0,0,0,0,0,127.4,0,-2.327
"2019-03-03 18:23:00",0,29.69,0.03,0,0,0,0,0,0,0,94.8,0,-2.264
"2019-03-03 18:24:00",0,29.7,0.03,0,0,0,0,0,0,0,40.19,0,-2.298
"2019-03-03 18:25:00",0,29.68,0.031,0,0,0,0,0,0,0,40.11,0.011,-2.248
"2019-03-03 18:26:00",0,29.68,0.031,0,0,0,0,0,0,0,40.01,0.011,-2.34
"2019-03-03 18:27:00",0,29.7,0.031,0,0,0,0,0,0,0,40.05,0.011,-2.262
"2019-03-03 18:28:00",0,29.6,0.031,0,0,0,0,0,0,0,40.06,0,-2.223
"2019-03-03 18:29:00",0,29.59,0.031,0,0,0,0,0,0,0,40.01,0.023,-2.328
"2019-03-03 18:30:00",0,29.57,0.031,0,0,0,0,0,0,0,69.76,0,-2.267
"2019-03-03 18:31:00",0,29.58,0.032,0,0,0,0,0,0,0,69.4,0.011,-2.26
"2019-03-03 18:32:00",0,29.55,0.031,0,0,0,0,0,0,0,94.9,0,-2.294
"2019-03-03 18:33:00",0,29.54,0.031,0,0,0,0,0,0,0,95.1,0,-2.05
"2019-03-03 18:34:00",0,29.58,0.032,0,0,0,0,0,0,0,94.4,0,-2.295
"2019-03-03 18:35:00",0,29.54,0.032,0,0,0,0,0,0,0,94.8,0.011,-2.072
"2019-03-03 18:36:00",0,29.49,0.032,0,0,0,0,0,0,0,95.8,0.011,-2.177
"2019-03-03 18:37:00",0,29.45,0.033,0,0,0,0,0,0,0,95.7,0.011,-2.277
"2019-03-03 18:38:00",0,29.41,0.033,0,0,0,0,0,0,0,95.7,0,-2.376
"2019-03-03 18:39:00",0,29.42,0.033,0,0,0,0,0,0,0,95.5,0.011,-2.158
"2019-03-03 18:40:00",0,29.43,0.033,0,0,0,0,0,0,0,95.3,0.023,-2.296
"2019-03-03 18:41:00",0,29.44,0.033,0,0,0,0,0,0,0,95.3,0,-2.136
"2019-03-03 18:42:00",0,29.48,0.033,0,0,0,0,0,0,0,95.5,0.034,-2.184
"2019-03-03 18:43:00",0,29.48,0.033,0,0,0,0,0,0,0,95.2,0.023,-2.323
"2019-03-03 18:44:00",0,29.39,0.034,0,0,0,0,0,0,0,94.9,0,-2.305
"2019-03-03 18:45:00",0,29.28,0.033,0,0,0,0,0,0,0,94.3,0.011,-2.376
"2019-03-03 18:46:00",0,29.27,0.033,0,0,0,0,0,0,0,93.5,0,-2.504
"2019-03-03 18:47:00",0,29.19,0.033,0,0,0,0,0,0,0,93,0,-2.166
"2019-03-03 18:48:00",0,29.2,0.034,0,0,0,0,0,0,0,93.5,0.011,-2.317
"2019-03-03 18:49:00",0,29.11,0.034,0,0,0,0,0,0,0,92.9,0,-2.338
"2019-03-03 18:50:00",0,29.01,0.033,0,0,0,0,0,0,0,92.4,0.011,-2.456
"2019-03-03 18:51:00",0,29,0.033,0,0,0,0,0,0,0,92.3,0.034,-2.646
"2019-03-03 18:52:00",0,28.88,0.033,0,0,0,0,0,0,0,101.3,0.023,-2.209
"2019-03-03 18:53:00",0,28.82,0.033,0,0,0,0,0,0,0,185.2,0.011,-2.013
"2019-03-03 18:54:00",0,28.85,0.033,0,0,0,0,0,0,0,185.5,0.034,-2.273
"2019-03-03 18:55:00",0,28.74,0.032,0,0,0,0,0,0,0,184.8,0,-2.211
"2019-03-03 18:56:00",0,28.79,0.032,0,0,0,0,0,0,0,184.8,0,-2.23
"2019-03-03 18:57:00",0,28.76,0.033,0,0,0,0,0,0,0,184.3,0.011,-2.151
"2019-03-03 18:58:00",0,28.84,0.032,0,0,0,0,0,0,0,184.2,0.023,-2.627
"2019-03-03 18:59:00",0,28.83,0.033,0,0,0,0,0,0,0,184.1,0,-2.271
"2019-03-03 19:00:00",0,28.81,0.032,0,0,0,0,0,0,0,184,0.011,-2.011
"2019-03-03 19:01:00",0,28.8,0.033,0,0,0,0,0,0,0,184.1,0,-2.626
"2019-03-03 19:02:00",0,28.79,0.034,0,0,0,0,0,0,0,183.8,0,-2.405
"2019-03-03 19:03:00",0,28.87,0.033,0,0,0,0,0,0,0,177.1,0.011,-2.255
"2019-03-03 19:04:00",0,28.79,0.034,0,0,0,0,0,0,0,157.2,0.011,-2.466
"2019-03-03 19:05:00",0,28.82,0.034,0,0,0,0,0,0,0,153.8,0,-2.308
"2019-03-03 19:06:00",0,28.91,0.034,0,0,0,0,0,0,0,160.3,0.011,-2.449
"2019-03-03 19:07:00",0,28.98,0.034,0,0,0,0,0,0,0,150.7,0.023,-2.381
"2019-03-03 19:08:00",0,28.96,0.033,0,0,0,0,0,0,0,146.8,0,-2.382
"2019-03-03 19:09:00",0,28.97,0.033,0,0,0,0,0,0,0,146.3,0.011,-2.62
"2019-03-03 19:10:00",0,29,0.034,0,0,0,0,0,0,0,146,0.034,-2.153
"2019-03-03 19:11:00",0,29.09,0.034,0,0,0,0,0,0,0,145.4,0,-2.416
"2019-03-03 19:12:00",0,29.09,0.034,0,0,0,0,0,0,0,144.7,0.011,-2.387
"2019-03-03 19:13:00",0,29.08,0.035,0,0,0,0,0,0,0,144,0,-1.949
"2019-03-03 19:14:00",0,29.13,0.035,0,0,0,0,0,0,0,143.7,0,-2.236
"2019-03-03 19:15:00",0,29.13,0.035,0,0,0,0,0,0,0,143.4,0.011,-2.37
"2019-03-03 19:16:00",0,29.14,0.036,0,0,0,0,0,0,0,142.9,0,-2.236
"2019-03-03 19:17:00",0,29.03,0.035,0,0,0,0,0,0,0,142.4,0,-2.413
"2019-03-03 19:18:00",0,29.06,0.037,0,0,0,0,0,0,0,141.5,0,-2.781
"2019-03-03 19:19:00",0,28.93,0.036,0,0,0,0,0,0,0,131.9,0.011,-2.646
"2019-03-03 19:20:00",0,28.86,0.036,0,0,0,0,0,0,0,62.26,0,-2.312
"2019-03-03 19:21:00",0,28.82,0.036,0,0,0,0,0,0,0,62.13,0,-2.283
"2019-03-03 19:22:00",0,28.79,0.035,0,0,0,0,0,0,0,62.07,0,-2
"2019-03-03 19:23:00",0,28.62,0.034,0,0,0,0,0,0,0,62.18,0.034,-2.686
"2019-03-03 19:24:00",0,28.47,0.034,0,0,0,0,0,0,0,62.07,0,-2.127
"2019-03-03 19:25:00",0,28.19,0.034,0,0,0,0,0,0,0,62.29,0.023,-2.147
"2019-03-03 19:26:00",0,27.73,0.033,0,0,0,0,0,0,0,62.17,0,-2.705
"2019-03-03 19:27:00",0,27.51,0.034,0,0,0,0,0,0,0,62.16,0.011,-2.245
"2019-03-03 19:28:00",0,27.37,0.034,0,0,0,0,0,0,0,62.05,0.011,-2.771
"2019-03-03 19:29:00",0,27.41,0.034,0,0,0,0,0,0,0,62.18,0,-2.317
"2019-03-03 19:30:00",0,27.35,0.034,0,0,0,0,0,0,0,62.16,0,-2.827
"2019-03-03 19:31:00",0,27.36,0.034,0,0,0,0,0,0,0,62.21,0.023,-2.191
"2019-03-03 19:32:00",0,27.43,0.035,0,0,0,0,0,0,0,62.27,0.011,-2.173
"2019-03-03 19:33:00",0,27.34,0.035,0,0,0,0,0,0,0,62.11,0.011,-2.23
"2019-03-03 19:34:00",0,27.4,0.036,0,0,0,0,0,0,0,62.24,0,-2.239
"2019-03-03 19:35:00",0,27.39,0.036,0,0,0,0,0,0,0,62.12,0,-2.367
"2019-03-03 19:36:00",0,27.34,0.036,0,0,0,0,0,0,0,62.13,0.011,-2.202
"2019-03-03 19:37:00",0,27.38,0.036,0,0,0,0,0,0,0,62.24,0.023,-2.236
"2019-03-03 19:38:00",0,27.44,0.037,0,0,0,0,0,0,0,62.17,0,-2.293
"2019-03-03 19:39:00",0,27.44,0.037,0,0,0,0,0,0,0,62.23,0.011,-2.252
"2019-03-03 19:40:00",0,27.44,0.037,0,0,0,0,0,0,0,62.17,0.011,-2.256
"2019-03-03 19:41:00",0,27.4,0.037,0,0,0,0,0,0,0,62.1,0,-2.227
"2019-03-03 19:42:00",0,27.4,0.037,0,0,0,0,0,0,0,61.99,0,-2.266
"2019-03-03 19:43:00",0,27.4,0.037,0,0,0,0,0,0,0,62.05,0.011,-2.284
"2019-03-03 19:44:00",0,27.44,0.037,0,0,0,0,0,0,0,62,0,-2.275
"2019-03-03 19:45:00",0,27.41,0.037,0,0,0,0,0,0,0,62.06,0.011,-2.304
"2019-03-03 19:46:00",0,27.37,0.037,0,0,0,0,0,0,0,62.04,0,-2.257
"2019-03-03 19:47:00",0,27.39,0.037,0,0,0,0,0,0,0,62.12,0.011,-2.256
"2019-03-03 19:48:00",0,27.36,0.038,0,0,0,0,0,0,0,62.17,0.034,-2.292
"2019-03-03 19:49:00",0,27.36,0.037,0,0,0,0,0,0,0,62.07,0.011,-2.241
"2019-03-03 19:50:00",0,27.33,0.038,0,0,0,0,0,0,0,61.98,0,-2.242
"2019-03-03 19:51:00",0,27.34,0.037,0,0,0,0,0,0,0,61.93,0.011,-2.242
"2019-03-03 19:52:00",0,27.32,0.037,0,0,0,0,0,0,0,62.15,0,-2.285
"2019-03-03 19:53:00",0,27.39,0.038,0,0,0,0,0,0,0,62.13,0.011,-2.023
"2019-03-03 19:54:00",0,27.46,0.037,0,0,0,0,0,0,0,62.05,0.011,-2.273
"2019-03-03 19:55:00",0,27.61,0.038,0,0,0,0,0,0,0,62.11,0.045,-2.405
"2019-03-03 19:56:00",0,27.69,0.038,0,0,0,0,0,0,0,62.16,0.011,-2.124
"2019-03-03 19:57:00",0,27.85,0.037,0,0,0,0,0,0,0,62.04,0.011,-2.194
"2019-03-03 19:58:00",0,27.93,0.037,0,0,0,0,0,0,0,62.11,0,-2.261
"2019-03-03 19:59:00",0,27.98,0.038,0,0,0,0,0,0,0,62.18,0.011,-2.356
"2019-03-03 20:00:00",0,28.06,0.037,0,0,0,0,0,0,0,62.12,0,-2.317
"2019-03-03 20:01:00",0,28.1,0.037,0,0,0,0,0,0,0,65.38,0,-2.323
"2019-03-03 20:02:00",0,28.14,0.037,0,0,0,0,0,0,0,66.27,0,-2.038
"2019-03-03 20:03:00",0,28.17,0.037,0,0,0,0,0,0,0,66.31,0.011,-2.384
"2019-03-03 20:04:00",0,28.2,0.036,0,0,0,0,0,0,0,66.54,0.023,-2.295
"2019-03-03 20:05:00",0,28.22,0.037,0,0,0,0,0,0,0,67.04,0.023,-2.397
"2019-03-03 20:06:00",0,28.19,0.037,0,0,0,0,0,0,0,67.03,0,-2.051
"2019-03-03 20:07:00",0,28.21,0.037,0,0,0,0,0,0,0,67.02,0,-2.334
"2019-03-03 20:08:00",0,28.22,0.037,0,0,0,0,0,0,0,67.2,0.034,-2.175
"2019-03-03 20:09:00",0,28.16,0.037,0,0,0,0,0,0,0,67.02,0,-2.369
"2019-03-03 20:10:00",0,28.21,0.037,0,0,0,0,0,0,0,67.12,0,-2.451
"2019-03-03 20:11:00",0,28.24,0.037,0,0,0,0,0,0,0,67.2,0,-2.294
"2019-03-03 20:12:00",0,28.21,0.037,0,0,0,0,0,0,0,67.2,0.011,-2.134
"2019-03-03 20:13:00",0,28.17,0.036,0,0,0,0,0,0,0,67.13,0,-2.502
"2019-03-03 20:14:00",0,28.19,0.037,0,0,0,0,0,0,0,67.24,0.011,-1.949
"2019-03-03 20:15:00",0,28.24,0.036,0,0,0,0,0,0,0,67.22,0.011,-2.459
"2019-03-03 20:16:00",0,28.2,0.036,0,0,0,0,0,0,0,67.14,0.011,-2.199
"2019-03-03 20:17:00",0,28.21,0.037,0,0,0,0,0,0,0,67.18,0.011,-2.294
"2019-03-03 20:18:00",0,28.19,0.037,0,0,0,0,0,0,0,67.29,0.011,-2.256
"2019-03-03 20:19:00",0,28.18,0.036,0,0,0,0,0,0,0,67.21,0,-2.309
"2019-03-03 20:20:00",0,28.17,0.036,0,0,0,0,0,0,0,67.3,0,-2.305
"2019-03-03 20:21:00",0,28.19,0.036,0,0,0,0,0,0,0,67.3,0.034,-2.354
"2019-03-03 20:22:00",0,28.2,0.036,0,0,0,0,0,0,0,67.33,0.011,-2.207
"2019-03-03 20:23:00",0,28.16,0.036,0,0,0,0,0,0,0,67.24,0.011,-2.616
"2019-03-03 20:24:00",0,28.2,0.036,0,0,0,0,0,0,0,67.19,0,-2.122
"2019-03-03 20:25:00",0,28.2,0.036,0,0,0,0,0,0,0,67.19,0.011,-2.097
"2019-03-03 20:26:00",0,28.2,0.036,0,0,0,0,0,0,0,67.22,0,-2.364
"2019-03-03 20:27:00",0,28.17,0.037,0,0,0,0,0,0,0,67.1,0,-2.462
"2019-03-03 20:28:00",0,28.18,0.037,0,0,0,0,0,0,0,67.04,0.011,-2.335
"2019-03-03 20:29:00",0,28.22,0.036,0,0,0,0,0,0,0,62.94,0.011,-2.078
"2019-03-03 20:30:00",0,28.22,0.036,0,0,0,0,0,0,0,61.97,0,-2.336
"2019-03-03 20:31:00",0,28.26,0.036,0,0,0,0,0,0,0,62,0,-2.4
"2019-03-03 20:32:00",0,28.21,0.036,0,0,0,0,0,0,0,62.09,0,-2.281
"2019-03-03 20:33:00",0,28.26,0.036,0,0,0,0,0,0,0,62.08,0.023,-2.297
"2019-03-03 20:34:00",0,28.31,0.036,0,0,0,0,0,0,0,62.1,0,-1.899
"2019-03-03 20:35:00",0,28.26,0.036,0,0,0,0,0,0,0,62.04,0.057,-2.294
"2019-03-03 20:36:00",0,28.23,0.036,0,0,0,0,0,0,0,62.07,0.023,-2.512
"2019-03-03 20:37:00",0,28.28,0.036,0,0,0,0,0,0,0,74.74,0.011,-2.294
"2019-03-03 20:38:00",0,28.25,0.036,0,0,0,0,0,0,0,152.9,0.011,-2.196
"2019-03-03 20:39:00",0,28.25,0.036,0,0,0,0,0,0,0,151.5,0,-2.145
"2019-03-03 20:40:00",0,28.26,0.036,0,0,0,0,0,0,0,151.2,0,-2.42
"2019-03-03 20:41:00",0,28.3,0.036,0,0,0,0,0,0,0,150.9,0,-2.119
"2019-03-03 20:42:00",0,28.31,0.036,0,0,0,0,0,0,0,150.8,0,-2.346
"2019-03-03 20:43:00",0,28.32,0.035,0,0,0,0,0,0,0,150.8,0.011,-2.228
"2019-03-03 20:44:00",0,28.35,0.035,0,0,0,0,0,0,0,150.4,0.045,-2.332
"2019-03-03 20:45:00",0,28.28,0.036,0,0,0,0,0,0,0,150.4,0,-2.207
"2019-03-03 20:46:00",0,28.31,0.035,0,0,0,0,0,0,0,150,0,-2.127
"2019-03-03 20:47:00",0,28.31,0.035,0,0,0,0,0,0,0,149.6,0,-2.424
"2019-03-03 20:48:00",0,28.31,0.035,0,0,0,0,0,0,0,149.4,0,-2.323
"2019-03-03 20:49:00",0,28.27,0.035,0,0,0,0,0,0,0,149,0.011,-2.17
"2019-03-03 20:50:00",0,28.27,0.035,0,0,0,0,0,0,0,148.5,0.011,-2.42
"2019-03-03 20:51:00",0,28.24,0.035,0,0,0,0,0,0,0,148,0.023,-2.28
"2019-03-03 20:52:00",0,28.25,0.035,0,0,0,0,0,0,0,147.5,0,-2.19
"2019-03-03 20:53:00",0,28.24,0.034,0,0,0,0,0,0,0,146.8,0,-2.772
"2019-03-03 20:54:00",0,28.22,0.035,0,0,0,0,0,0,0,146.4,0.034,-2.196
"2019-03-03 20:55:00",0,28.22,0.035,0,0,0,0,0,0,0,145.9,0,-2.574
"2019-03-03 20:56:00",0,28.18,0.035,0,0,0,0,0,0,0,145.4,0,-2.3
"2019-03-03 20:57:00",0,28.18,0.036,0,0,0,0,0,0,0,144.8,0,-2.148
"2019-03-03 20:58:00",0,28.07,0.036,0,0,0,0,0,0,0,144.2,0,-2.027
"2019-03-03 20:59:00",0,28.16,0.035,0,0,0,0,0,0,0,143.5,0.011,-2.187
"2019-03-03 21:00:00",0,28.14,0.035,0,0,0,0,0,0,0,142.8,0,-2.086
"2019-03-03 21:01:00",0,28.15,0.035,0,0,0,0,0,0,0,142.4,0.011,-2.039
"2019-03-03 21:02:00",0,28.11,0.035,0,0,0,0,0,0,0,142.1,0.011,-2.271
"2019-03-03 21:03:00",0,28.08,0.035,0,0,0,0,0,0,0,141.6,0,-2.263
"2019-03-03 21:04:00",0,28.1,0.035,0,0,0,0,0,0,0,100.3,0,-2.588
"2019-03-03 21:05:00",0,27.97,0.036,0,0,0,0,0,0,0,62.07,0,-2.282
"2019-03-03 21:06:00",0,28.07,0.035,0,0,0,0,0,0,0,61.96,0,-2.224
"2019-03-03 21:07:00",0,28.04,0.035,0,0,0,0,0,0,0,62.06,0.023,-2.48
"2019-03-03 21:08:00",0,28.05,0.035,0,0,0,0,0,0,0,62.08,0.023,-2.283
"2019-03-03 21:09:00",0,28.06,0.035,0,0,0,0,0,0,0,62.11,0,-2.163
"2019-03-03 21:10:00",0,28.08,0.035,0,0,0,0,0,0,0,62.09,0.034,-2.288
"2019-03-03 21:11:00",0,28.05,0.035,0,0,0,0,0,0,0,62.12,0,-2.284
"2019-03-03 21:12:00",0,28.07,0.035,0,0,0,0,0,0,0,62.08,0.011,-2.367
"2019-03-03 21:13:00",0,27.99,0.035,0,0,0,0,0,0,0,62.08,0,-2.224
"2019-03-03 21:14:00",0,28.06,0.035,0,0,0,0,0,0,0,62.02,0,-2.111
"2019-03-03 21:15:00",0,28.07,0.035,0,0,0,0,0,0,0,62.11,0,-2.219
"2019-03-03 21:16:00",0,28.1,0.035,0,0,0,0,0,0,0,62.1,0,-2.513
"2019-03-03 21:17:00",0,28.11,0.035,0,0,0,0,0,0,0,62.11,0,-2.277
"2019-03-03 21:18:00",0,28.15,0.035,0,0,0,0,0,0,0,62.18,0,-2.281
"2019-03-03 21:19:00",0,28.13,0.035,0,0,0,0,0,0,0,62.19,0.023,-2.227
"2019-03-03 21:20:00",0,28.1,0.035,0,0,0,0,0,0,0,62.06,0.045,-2.38
"2019-03-03 21:21:00",0,28.1,0.035,0,0,0,0,0,0,0,62.01,0.011,-2.289
"2019-03-03 21:22:00",0,28.13,0.035,0,0,0,0,0,0,0,62.06,0,-2.412
"2019-03-03 21:23:00",0,28.12,0.035,0,0,0,0,0,0,0,62.11,0,-2.313
"2019-03-03 21:24:00",0,28.12,0.034,0,0,0,0,0,0,0,62.06,0,-2.133
"2019-03-03 21:25:00",0,28.15,0.034,0,0,0,0,0,0,0,62.08,0,-2.189
"2019-03-03 21:26:00",0,28.13,0.035,0,0,0,0,0,0,0,62.12,0.011,-2.257
"2019-03-03 21:27:00",0,28.14,0.035,0,0,0,0,0,0,0,62.04,0.011,-2.022
"2019-03-03 21:28:00",0,28.13,0.035,0,0,0,0,0,0,0,61.97,0,-2.318
"2019-03-03 21:29:00",0,28.14,0.035,0,0,0,0,0,0,0,62.08,0,-2.39
"2019-03-03 21:30:00",0,28.11,0.034,0,0,0,0,0,0,0,62.12,0.023,-2.222
"2019-03-03 21:31:00",0,28.07,0.035,0,0,0,0,0,0,0,62.13,0.011,-2.081
"2019-03-03 21:32:00",0,28.06,0.034,0,0,0,0,0,0,0,62.15,0,-1.702
"2019-03-03 21:33:00",0,28.04,0.034,0,0,0,0,0,0,0,62.19,0,-2.165
"2019-03-03 21:34:00",0,28.1,0.035,0,0,0,0,0,0,0,62.28,0,-2.207
"2019-03-03 21:35:00",0,28.07,0.035,0,0,0,0,0,0,0,62.17,0.011,-2.003
"2019-03-03 21:36:00",0,28.08,0.035,0,0,0,0,0,0,0,62.22,0.011,-2.184
"2019-03-03 21:37:00",0,28.16,0.035,0,0,0,0,0,0,0,62.04,0,-2.647
"2019-03-03 21:38:00",0,28.09,0.034,0,0,0,0,0,0,0,62.16,0.011,-2.186
"2019-03-03 21:39:00",0,28.13,0.034,0,0,0,0,0,0,0,62.09,0.011,-2.664
"2019-03-03 21:40:00",0,28.14,0.034,0,0,0,0,0,0,0,62.11,0.057,-2.168
"2019-03-03 21:41:00",0,28.16,0.034,0,0,0,0,0,0,0,62.11,0.011,-2.719
"2019-03-03 21:42:00",0,28.14,0.035,0,0,0,0,0,0,0,62.15,0.023,-2.407
"2019-03-03 21:43:00",0,28.13,0.035,0,0,0,0,0,0,0,62.22,0,-2.346
"2019-03-03 21:44:00",0,28.08,0.034,0,0,0,0,0,0,0,62.04,0.011,-2.07
"2019-03-03 21:45:00",0,28.08,0.035,0,0,0,0,0,0,0,62.12,0.011,-1.827
"2019-03-03 21:46:00",0,28.05,0.035,0,0,0,0,0,0,0,62.09,0.023,-2.111
"2019-03-03 21:47:00",0,28.05,0.034,0,0,0,0,0,0,0,62.19,0.011,-2.428
"2019-03-03 21:48:00",0,28.04,0.034,0,0,0,0,0,0,0,62.26,0,-2.04
"2019-03-03 21:49:00",0,28.09,0.034,0,0,0,0,0,0,0,62.3,0.045,-2.344
"2019-03-03 21:50:00",0,28.07,0.035,0,0,0,0,0,0,0,62.1,0.023,-2.243
"2019-03-03 21:51:00",0,28.07,0.035,0,0,0,0,0,0,0,62.16,0.023,-2.445
"2019-03-03 21:52:00",0,28.06,0.035,0,0,0,0,0,0,0,62.19,0,-2.437
"2019-03-03 21:53:00",0,28.03,0.035,0,0,0,0,0,0,0,62.21,0.023,-2.241
"2019-03-03 21:54:00",0,28.06,0.034,0,0,0,0,0,0,0,62.34,0.023,-2.072
"2019-03-03 21:55:00",0,28.11,0.034,0,0,0,0,0,0,0,62.35,0.011,-1.993
"2019-03-03 21:56:00",0,28,0.034,0,0,0,0,0,0,0,62.27,0,-2.593
"2019-03-03 21:57:00",0,28.01,0.035,0,0,0,0,0,0,0,62.26,0.023,-2.311
"2019-03-03 21:58:00",0,27.99,0.035,0,0,0,0,0,0,0,62.21,0,-2.474
"2019-03-03 21:59:00",0,27.95,0.035,0,0,0,0,0,0,0,62.15,0,-2.203
"2019-03-03 22:00:00",0,27.97,0.035,0,0,0,0,0,0,0,62.12,0,-2.535
"2019-03-03 22:01:00",0,27.99,0.035,0,0,0,0,0,0,0,62.32,0.023,-2.371
"2019-03-03 22:02:00",0,27.97,0.034,0,0,0,0,0,0,0,62.12,0,-1.69
"2019-03-03 22:03:00",0,27.94,0.034,0,0,0,0,0,0,0,62.17,0,-2.076
"2019-03-03 22:04:00",0,27.91,0.034,0,0,0,0,0,0,0,62.16,0,-2.154
"2019-03-03 22:05:00",0,27.95,0.035,0,0,0,0,0,0,0,62.04,0.102,-2.229
"2019-03-03 22:06:00",0,27.95,0.035,0,0,0,0,0,0,0,62.11,0.023,-2.303
"2019-03-03 22:07:00",0,27.94,0.035,0,0,0,0,0,0,0,62.12,0.023,-2.449
"2019-03-03 22:08:00",0,27.98,0.035,0,0,0,0,0,0,0,62.17,0.034,-2.438
"2019-03-03 22:09:00",0,27.97,0.035,0,0,0,0,0,0,0,62.04,0,-2.328
"2019-03-03 22:10:00",0,27.92,0.035,0,0,0,0,0,0,0,62.15,0,-2.232
"2019-03-03 22:11:00",0,27.93,0.035,0,0,0,0,0,0,0,62.18,0,-2.396
"2019-03-03 22:12:00",0,27.96,0.035,0,0,0,0,0,0,0,62.05,0.023,-2.002
"2019-03-03 22:13:00",0,27.96,0.035,0,0,0,0,0,0,0,62.33,0.023,-2.178
"2019-03-03 22:14:00",0,27.96,0.034,0,0,0,0,0,0,0,62.17,0,-2.163
"2019-03-03 22:15:00",0,27.98,0.034,0,0,0,0,0,0,0,62.12,0.011,-2.762
"2019-03-03 22:16:00",0,27.97,0.034,0,0,0,0,0,0,0,62.07,0.011,-2.09
"2019-03-03 22:17:00",0,27.99,0.035,0,0,0,0,0,0,0,62.16,0.034,-2.2
"2019-03-03 22:18:00",0,27.98,0.035,0,0,0,0,0,0,0,62.19,0.011,-2.225
"2019-03-03 22:19:00",0,27.99,0.035,0,0,0,0,0,0,0,62.07,0,-1.935
"2019-03-03 22:20:00",0,27.93,0.035,0,0,0,0,0,0,0,62.13,0,-1.947
"2019-03-03 22:21:00",0,27.98,0.035,0,0,0,0,0,0,0,136.4,0.011,-2.058
"2019-03-03 22:22:00",0,27.94,0.035,0,0,0,0,0,0,0,151.5,0,-2.351
"2019-03-03 22:23:00",0,27.98,0.035,0,0,0,0,0,0,0,151.7,0.023,-2.277
"2019-03-03 22:24:00",0,27.97,0.035,0,0,0,0,0,0,0,151.3,0.045,-2.258
"2019-03-03 22:25:00",0,27.93,0.035,0,0,0,0,0,0,0,201.3,0.045,-2.247
"2019-03-03 22:26:00",0,27.98,0.035,0,0,0,0,0,0,0,235.8,0,-2.385
"2019-03-03 22:27:00",0,27.98,0.035,0,0,0,0,0,0,0,236.7,0,-2.084
"2019-03-03 22:28:00",0,28.01,0.035,0,0,0,0,0,0,0,237.3,0.045,-2.346
"2019-03-03 22:29:00",0,27.98,0.034,0,0,0,0,0,0,0,237.1,0,-2.552
"2019-03-03 22:30:00",0,27.94,0.035,0,0,0,0,0,0,0,237.1,0,-2.2
"2019-03-03 22:31:00",0,27.99,0.035,0,0,0,0,0,0,0,236.6,0.023,-2.233
"2019-03-03 22:32:00",0,28,0.035,0,0,0,0,0,0,0,236.1,0.045,-2.252
"2019-03-03 22:33:00",0,28,0.035,0,0,0,0,0,0,0,235.8,0.011,-2.346
"2019-03-03 22:34:00",0,27.99,0.035,0,0,0,0,0,0,0,235.4,0.011,-2.253
"2019-03-03 22:35:00",0,27.98,0.035,0,0,0,0,0,0,0,234.8,0.023,-2.311
"2019-03-03 22:36:00",0,27.97,0.035,0,0,0,0,0,0,0,234.2,0,-2.235
"2019-03-03 22:37:00",0,27.92,0.035,0,0,0,0,0,0,0,233.7,0.011,-2.164
"2019-03-03 22:38:00",0,27.94,0.034,0,0,0,0,0,0,0,233.4,0,-2.005
"2019-03-03 22:39:00",0,27.88,0.035,0,0,0,0,0,0,0,232.4,0.011,-2.224
"2019-03-03 22:40:00",0,27.88,0.035,0,0,0,0,0,0,0,231.9,0,-1.981
"2019-03-03 22:41:00",0,27.87,0.035,0,0,0,0,0,0,0,231.3,0.011,-2.151
"2019-03-03 22:42:00",0,27.87,0.034,0,0,0,0,0,0,0,231.2,0.011,-2.065
"2019-03-03 22:43:00",0,27.85,0.035,0,0,0,0,0,0,0,230.8,0.011,-1.869
"2019-03-03 22:44:00",0,27.85,0.035,0,0,0,0,0,0,0,230.2,0,-2.181
"2019-03-03 22:45:00",0,27.85,0.035,0,0,0,0,0,0,0,229.8,0,-2.321
"2019-03-03 22:46:00",0,27.87,0.035,0,0,0,0,0,0,0,228.5,0,-2.127
"2019-03-03 22:47:00",0,27.83,0.035,0,0,0,0,0,0,0,228.1,0,-2.311
"2019-03-03 22:48:00",0,27.86,0.035,0,0,0,0,0,0,0,201.9,0,-2.068
"2019-03-03 22:49:00",0,27.86,0.035,0,0,0,0,0,0,0,150.3,0.011,-2.213
"2019-03-03 22:50:00",0,27.83,0.035,0,0,0,0,0,0,0,150.3,0,-2.426
"2019-03-03 22:51:00",0,27.84,0.035,0,0,0,0,0,0,0,150.5,0,-2.348
"2019-03-03 22:52:00",0,27.88,0.035,0,0,0,0,0,0,0,150.4,0.011,-2.455
"2019-03-03 22:53:00",0,27.87,0.035,0,0,0,0,0,0,0,150.1,0,-2.173
"2019-03-03 22:54:00",0,27.85,0.035,0,0,0,0,0,0,0,150,0,-2.2
"2019-03-03 22:55:00",0,27.87,0.035,0,0,0,0,0,0,0,150,0,-1.914
"2019-03-03 22:56:00",0,27.85,0.035,0,0,0,0,0,0,0,150.1,0,-2.182
"2019-03-03 22:57:00",0,27.78,0.035,0,0,0,0,0,0,0,150.3,0,-2.203
"2019-03-03 22:58:00",0,27.82,0.035,0,0,0,0,0,0,0,150.2,0,-2.483
"2019-03-03 22:59:00",0,27.79,0.035,0,0,0,0,0,0,0,150,0.034,-2.294
"2019-03-03 23:00:00",0,27.8,0.035,0,0,0,0,0,0,0,150.1,0,-2.172
"2019-03-03 23:01:00",0,27.81,0.035,0,0,0,0,0,0,0,150.1,0,-2.204
"2019-03-03 23:02:00",0,27.79,0.035,0,0,0,0,0,0,0,150,0,-1.819
"2019-03-03 23:03:00",0,27.69,0.035,0,0,0,0,0,0,0,150.5,0,-2.444
"2019-03-03 23:04:00",0,27.68,0.036,0,0,0,0,0,0,0,150.4,0.023,-2.2
"2019-03-03 23:05:00",0,27.68,0.035,0,0,0,0,0,0,0,150,0,-2.295
"2019-03-03 23:06:00",0,27.72,0.035,0,0,0,0,0,0,0,149.8,0.011,-2.235
"2019-03-03 23:07:00",0,27.71,0.035,0,0,0,0,0,0,0,149.8,0.011,-2.15
"2019-03-03 23:08:00",0,27.74,0.035,0,0,0,0,0,0,0,100.2,0,-2.001
"2019-03-03 23:09:00",0,27.7,0.035,0,0,0,0,0,0,0,62.22,0,-2.032
"2019-03-03 23:10:00",0,27.73,0.034,0,0,0,0,0,0,0,62.3,0,-2.392
"2019-03-03 23:11:00",0,27.77,0.035,0,0,0,0,0,0,0,62.27,0.011,-2.349
"2019-03-03 23:12:00",0,27.73,0.035,0,0,0,0,0,0,0,62.32,0,-2.018
"2019-03-03 23:13:00",0,27.68,0.035,0,0,0,0,0,0,0,62.41,0,-2.367
"2019-03-03 23:14:00",0,27.7,0.035,0,0,0,0,0,0,0,62.2,0.045,-2.312
"2019-03-03 23:15:00",0,27.67,0.035,0,0,0,0,0,0,0,62.32,0.045,-2.199
"2019-03-03 23:16:00",0,27.59,0.035,0,0,0,0,0,0,0,62.34,0,-1.818
"2019-03-03 23:17:00",0,27.54,0.034,0,0,0,0,0,0,0,62.17,0.034,-2.409
"2019-03-03 23:18:00",0,27.54,0.035,0,0,0,0,0,0,0,62.22,0.034,-2.225
"2019-03-03 23:19:00",0,27.47,0.035,0,0,0,0,0,0,0,62.26,0.011,-2.441
"2019-03-03 23:20:00",0,27.44,0.035,0,0,0,0,0,0,0,62.19,0.057,-2.19
"2019-03-03 23:21:00",0,27.47,0.035,0,0,0,0,0,0,0,62.16,0.023,-2.145
"2019-03-03 23:22:00",0,27.49,0.035,0,0,0,0,0,0,0,62.19,0.023,-2.265
"2019-03-03 23:23:00",0,27.46,0.035,0,0,0,0,0,0,0,62.19,0,-2.419
"2019-03-03 23:24:00",0,27.49,0.035,0,0,0,0,0,0,0,62.23,0.08,-2.273
"2019-03-03 23:25:00",0,27.49,0.035,0,0,0,0,0,0,0,62.16,0,-2.262
"2019-03-03 23:26:00",0,27.48,0.036,0,0,0,0,0,0,0,62.18,0.023,-2.169
"2019-03-03 23:27:00",0,27.49,0.035,0,0,0,0,0,0,0,62.19,0.034,-2.387
"2019-03-03 23:28:00",0,27.48,0.035,0,0,0,0,0,0,0,62.24,0.034,-2.415
"2019-03-03 23:29:00",0,27.43,0.036,0,0,0,0,0,0,0,62.09,0.034,-2.324
"2019-03-03 23:30:00",0,27.33,0.035,0,0,0,0,0,0,0,62.2,0.023,-2.083
"2019-03-03 23:31:00",0,27.42,0.034,0,0,0,0,0,0,0,62.19,0.023,-2.462
"2019-03-03 23:32:00",0,27.42,0.035,0,0,0,0,0,0,0,62.16,0,-2.053
"2019-03-03 23:33:00",0,27.4,0.034,0,0,0,0,0,0,0,62.04,0,-2.212
"2019-03-03 23:34:00",0,27.51,0.034,0,0,0,0,0,0,0,62.01,0,-2.015
"2019-03-03 23:35:00",0,27.49,0.035,0,0,0,0,0,0,0,62.2,0.034,-2.328
"2019-03-03 23:36:00",0,27.48,0.035,0,0,0,0,0,0,0,62.18,0,-1.73
"2019-03-03 23:37:00",0,27.56,0.035,0,0,0,0,0,0,0,62.12,0,-2.473
"2019-03-03 23:38:00",0,27.58,0.035,0,0,0,0,0,0,0,62.09,0,-2.07
"2019-03-03 23:39:00",0,27.5,0.035,0,0,0,0,0,0,0,62.07,0,-2.225
"2019-03-03 23:40:00",0,27.51,0.034,0,0,0,0,0,0,0,62.26,0.011,-2.32
"2019-03-03 23:41:00",0,27.53,0.035,0,0,0,0,0,0,0,62.17,0,-2.077
"2019-03-03 23:42:00",0,27.5,0.035,0,0,0,0,0,0,0,62.27,0.011,-2.227
"2019-03-03 23:43:00",0,27.44,0.034,0,0,0,0,0,0,0,62.23,0,-2.381
"2019-03-03 23:44:00",0,27.42,0.035,0,0,0,0,0,0,0,62.11,0.023,-2.37
"2019-03-03 23:45:00",0,27.39,0.035,0,0,0,0,0,0,0,62.18,0.023,-2.295
"2019-03-03 23:46:00",0,27.41,0.035,0,0,0,0,0,0,0,62.19,0.011,-2.317
"2019-03-03 23:47:00",0,27.37,0.034,0,0,0,0,0,0,0,62.09,0.023,-2.558
"2019-03-03 23:48:00",0,27.33,0.035,0,0,0,0,0,0,0,62.04,0.023,-2.284
"2019-03-03 23:49:00",0,27.32,0.035,0,0,0,0,0,0,0,62.05,0,-1.988
"2019-03-03 23:50:00",0,27.28,0.034,0,0,0,0,0,0,0,62.09,0,-2.206
"2019-03-03 23:51:00",0,27.27,0.035,0,0,0,0,0,0,0,62.06,0,-2.135
"2019-03-03 23:52:00",0,27.23,0.035,0,0,0,0,0,0,0,62.09,0.011,-2.319
"2019-03-03 23:53:00",0,27.21,0.034,0,0,0,0,0,0,0,61.95,0.011,-2.32
"2019-03-03 23:54:00",0,27.2,0.035,0,0,0,0,0,0,0,61.93,0,-2.518
"2019-03-03 23:55:00",0,27.23,0.035,0,0,0,0,0,0,0,62.06,0,-2.408
"2019-03-03 23:56:00",0,27.29,0.034,0,0,0,0,0,0,0,62.04,0,-2.85
"2019-03-03 23:57:00",0,27.28,0.034,0,0,0,0,0,0,0,62.06,0,-2.538
"2019-03-03 23:58:00",0,27.23,0.035,0,0,0,0,0,0,0,61.91,0,-1.699
"2019-03-03 23:59:00",0,27.18,0.035,0,0,0,0,0,0,0,62.11,0.011,-1.996
