"TOA5","CR1000","CR1000","6428","CR1000.Std.10","CPU:MED_RAD.CR1","22591","Dados"
"TIMESTAMP","Radiacao_Avg","Temp_Cel_Avg","Temp_Amb_Avg","Tensao_S1_Avg","Corrente_S1_Avg","Potencia_S1_Avg","Tensao_S2_Avg","Corrente_S2_Avg","Potencia_S2_Avg","Potencia_FV_Avg","Demanda_Avg","FP_FV_Avg","Tensao_Rede_Avg"
"TS","W/m^2","C","C","V","A","W","V","A","W","W","W","%","V"
"","Avg","Avg","Avg","Avg","Avg","Avg","Avg","Avg","Avg","Avg","Avg","Avg","Avg"
"2019-03-04 00:00:00",0,27.27,0.034,0,0,0,0,0,0,0,62.16,0.011,-1.915
"2019-03-04 00:01:00",0,27.26,0.034,0,0,0,0,0,0,0,62.2,0,-2.228
"2019-03-04 00:02:00",0,27.27,0.034,0,0,0,0,0,0,0,62.19,0,-2.341
"2019-03-04 00:03:00",0,27.3,0.035,0,0,0,0,0,0,0,62.17,0,-2.191
"2019-03-04 00:04:00",0,27.29,0.034,0,0,0,0,0,0,0,62.22,0.011,-2.245
"2019-03-04 00:05:00",0,27.37,0.035,0,0,0,0,0,0,0,62.2,0.011,-2.328
"2019-03-04 00:06:00",0,27.41,0.035,0,0,0,0,0,0,0,62.02,0,-2.148
"2019-03-04 00:07:00",0,27.44,0.035,0,0,0,0,0,0,0,153.6,0,-2.275
"2019-03-04 00:08:00",0,27.35,0.035,0,0,0,0,0,0,0,151.8,0,-2.233
"2019-03-04 00:09:00",0,27.38,0.035,0,0,0,0,0,0,0,151.7,0,-2.162
"2019-03-04 00:10:00",0,27.38,0.034,0,0,0,0,0,0,0,151.2,0.011,-2.221
"2019-03-04 00:11:00",0,27.38,0.034,0,0,0,0,0,0,0,151,0,-2.27
"2019-03-04 00:12:00",0,27.44,0.035,0,0,0,0,0,0,0,150.9,0.023,-2.178
"2019-03-04 00:13:00",0,27.48,0.035,0,0,0,0,0,0,0,150.7,0.011,-1.896
"2019-03-04 00:14:00",0,27.49,0.034,0,0,0,0,0,0,0,150.4,0.011,-1.894
"2019-03-04 00:15:00",0,27.52,0.034,0,0,0,0,0,0,0,150.3,0.011,-2.394
"2019-03-04 00:16:00",0,27.48,0.034,0,0,0,0,0,0,0,150.3,0,-2.283
"2019-03-04 00:17:00",0,27.47,0.034,0,0,0,0,0,0,0,149.8,0.034,-2.073
"2019-03-04 00:18:00",0,27.49,0.035,0,0,0,0,0,0,0,149.4,0.023,-2.278
"2019-03-04 00:19:00",0,27.52,0.033,0,0,0,0,0,0,0,149,0.034,-2.668
"2019-03-04 00:20:00",0,27.43,0.033,0,0,0,0,0,0,0,148.7,0.011,-2.099
"2019-03-04 00:21:00",0,27.5,0.034,0,0,0,0,0,0,0,148.1,0.011,-2.058
"2019-03-04 00:22:00",0,27.48,0.033,0,0,0,0,0,0,0,147.5,0.057,-2.482
"2019-03-04 00:23:00",0,27.44,0.034,0,0,0,0,0,0,0,147,0.011,-2.521
"2019-03-04 00:24:00",0,27.41,0.033,0,0,0,0,0,0,0,146.5,0.034,-2.425
"2019-03-04 00:25:00",0,27.38,0.033,0,0,0,0,0,0,0,146.1,0.023,-2.317
"2019-03-04 00:26:00",0,27.38,0.034,0,0,0,0,0,0,0,145.5,0.023,-2.304
"2019-03-04 00:27:00",0,27.37,0.034,0,0,0,0,0,0,0,144.9,0.011,-2.476
"2019-03-04 00:28:00",0,27.4,0.034,0,0,0,0,0,0,0,144.1,0.034,-2.26
"2019-03-04 00:29:00",0,27.36,0.034,0,0,0,0,0,0,0,143.5,0.023,-2.235
"2019-03-04 00:30:00",0,27.36,0.034,0,0,0,0,0,0,0,143,0.045,-2.285
"2019-03-04 00:31:00",0,27.34,0.034,0,0,0,0,0,0,0,142.5,0.011,-2.057
"2019-03-04 00:32:00",0,27.35,0.034,0,0,0,0,0,0,0,142,0.011,-2.224
"2019-03-04 00:33:00",0,27.29,0.034,0,0,0,0,0,0,0,86,0.023,-2.394
"2019-03-04 00:34:00",0,27.25,0.034,0,0,0,0,0,0,0,62.28,0.011,-2.208
"2019-03-04 00:35:00",0,27.3,0.034,0,0,0,0,0,0,0,62.13,0.011,-2.392
"2019-03-04 00:36:00",0,27.31,0.034,0,0,0,0,0,0,0,62.24,0,-2.335
"2019-03-04 00:37:00",0,27.31,0.034,0,0,0,0,0,0,0,62.1,0.057,-2.139
"2019-03-04 00:38:00",0,27.33,0.034,0,0,0,0,0,0,0,62.1,0.057,-2.222
"2019-03-04 00:39:00",0,27.4,0.034,0,0,0,0,0,0,0,62.1,0.045,-2.248
"2019-03-04 00:40:00",0,27.38,0.033,0,0,0,0,0,0,0,62.12,0.011,-2.296
"2019-03-04 00:41:00",0,27.39,0.034,0,0,0,0,0,0,0,62.11,0.011,-2.131
"2019-03-04 00:42:00",0,27.37,0.034,0,0,0,0,0,0,0,62.08,0,-1.921
"2019-03-04 00:43:00",0,27.4,0.034,0,0,0,0,0,0,0,61.96,0,-2.673
"2019-03-04 00:44:00",0,27.38,0.034,0,0,0,0,0,0,0,62.09,0.068,-2.264
"2019-03-04 00:45:00",0,27.36,0.033,0,0,0,0,0,0,0,62.18,0.011,-2.329
"2019-03-04 00:46:00",0,27.36,0.034,0,0,0,0,0,0,0,62.13,0.091,-2.305
"2019-03-04 00:47:00",0,27.37,0.033,0,0,0,0,0,0,0,62.22,0.011,-2.763
"2019-03-04 00:48:00",0,27.31,0.033,0,0,0,0,0,0,0,62.24,0,-2.401
"2019-03-04 00:49:00",0,27.34,0.033,0,0,0,0,0,0,0,62.31,0.023,-2.072
"2019-03-04 00:50:00",0,27.27,0.034,0,0,0,0,0,0,0,62.28,0,-1.878
"2019-03-04 00:51:00",0,27.18,0.033,0,0,0,0,0,0,0,62.19,0,-1.983
"2019-03-04 00:52:00",0,27.28,0.034,0,0,0,0,0,0,0,62.18,0.011,-2.032
"2019-03-04 00:53:00",0,27.27,0.034,0,0,0,0,0,0,0,62.28,0,-2.375
"2019-03-04 00:54:00",0,27.27,0.034,0,0,0,0,0,0,0,62.21,0,-2.111
"2019-03-04 00:55:00",0,27.18,0.033,0,0,0,0,0,0,0,62.19,0.011,-2.248
"2019-03-04 00:56:00",0,27.23,0.033,0,0,0,0,0,0,0,62.09,0.011,-2.132
"2019-03-04 00:57:00",0,27.23,0.034,0,0,0,0,0,0,0,62.3,0,-2.244
"2019-03-04 00:58:00",0,27.2,0.033,0,0,0,0,0,0,0,62.19,0.023,-2.404
"2019-03-04 00:59:00",0,27.24,0.033,0,0,0,0,0,0,0,62.23,0.023,-2.477
"2019-03-04 01:00:00",0,27.2,0.033,0,0,0,0,0,0,0,62.28,0.011,-2.358
"2019-03-04 01:01:00",0,27.28,0.034,0,0,0,0,0,0,0,62.35,0,-2.002
"2019-03-04 01:02:00",0,27.23,0.034,0,0,0,0,0,0,0,62.18,0.011,-2.635
"2019-03-04 01:03:00",0,27.28,0.033,0,0,0,0,0,0,0,62.24,0.011,-2.161
"2019-03-04 01:04:00",0,27.29,0.034,0,0,0,0,0,0,0,62.23,0,-2.306
"2019-03-04 01:05:00",0,27.27,0.033,0,0,0,0,0,0,0,62.32,0.011,-2.249
"2019-03-04 01:06:00",0,27.29,0.033,0,0,0,0,0,0,0,62.3,0.011,-2.102
"2019-03-04 01:07:00",0,27.27,0.033,0,0,0,0,0,0,0,62.32,0.023,-2.403
"2019-03-04 01:08:00",0,27.27,0.033,0,0,0,0,0,0,0,62.23,0.011,-2.17
"2019-03-04 01:09:00",0,27.27,0.033,0,0,0,0,0,0,0,62.31,0,-2.21
"2019-03-04 01:10:00",0,27.28,0.033,0,0,0,0,0,0,0,62.22,0,-2.209
"2019-03-04 01:11:00",0,27.25,0.034,0,0,0,0,0,0,0,62.24,0,-2.012
"2019-03-04 01:12:00",0,27.28,0.034,0,0,0,0,0,0,0,62.17,0,-2.125
"2019-03-04 01:13:00",0,27.3,0.034,0,0,0,0,0,0,0,62.24,0,-1.993
"2019-03-04 01:14:00",0,27.26,0.033,0,0,0,0,0,0,0,62.28,0,-2.183
"2019-03-04 01:15:00",0,27.3,0.033,0,0,0,0,0,0,0,62.3,0,-2.127
"2019-03-04 01:16:00",0,27.3,0.033,0,0,0,0,0,0,0,62.28,0,-2.22
"2019-03-04 01:17:00",0,27.26,0.033,0,0,0,0,0,0,0,62.19,0,-2.467
"2019-03-04 01:18:00",0,27.21,0.033,0,0,0,0,0,0,0,62.22,0,-2.279
"2019-03-04 01:19:00",0,27.24,0.033,0,0,0,0,0,0,0,62.26,0,-2.54
"2019-03-04 01:20:00",0,27.25,0.033,0,0,0,0,0,0,0,62.12,0,-2.444
"2019-03-04 01:21:00",0,27.22,0.033,0,0,0,0,0,0,0,62.15,0.011,-2.016
"2019-03-04 01:22:00",0,27.2,0.033,0,0,0,0,0,0,0,62.13,0.023,-2.27
"2019-03-04 01:23:00",0,27.2,0.033,0,0,0,0,0,0,0,62.3,0,-2.261
"2019-03-04 01:24:00",0,27.16,0.033,0,0,0,0,0,0,0,62.17,0,-2.298
"2019-03-04 01:25:00",0,27.21,0.033,0,0,0,0,0,0,0,62.24,0,-2.224
"2019-03-04 01:26:00",0,27.17,0.033,0,0,0,0,0,0,0,62.15,0,-2.492
"2019-03-04 01:27:00",0,27.18,0.034,0,0,0,0,0,0,0,62.15,0,-2.332
"2019-03-04 01:28:00",0,27.21,0.034,0,0,0,0,0,0,0,62.24,0,-2.404
"2019-03-04 01:29:00",0,27.2,0.033,0,0,0,0,0,0,0,62.1,0,-2.086
"2019-03-04 01:30:00",0,27.21,0.033,0,0,0,0,0,0,0,62.13,0,-2.217
"2019-03-04 01:31:00",0,27.23,0.033,0,0,0,0,0,0,0,62.12,0,-2.139
"2019-03-04 01:32:00",0,27.15,0.033,0,0,0,0,0,0,0,62.08,0,-2.282
"2019-03-04 01:33:00",0,27.18,0.033,0,0,0,0,0,0,0,62.12,0.011,-2.252
"2019-03-04 01:34:00",0,27.13,0.033,0,0,0,0,0,0,0,62.08,0,-2.108
"2019-03-04 01:35:00",0,27.12,0.033,0,0,0,0,0,0,0,62.11,0,-2.132
"2019-03-04 01:36:00",0,27.05,0.033,0,0,0,0,0,0,0,62.21,0,-2.231
"2019-03-04 01:37:00",0,27.08,0.033,0,0,0,0,0,0,0,62.08,0,-2.246
"2019-03-04 01:38:00",0,27.11,0.033,0,0,0,0,0,0,0,62.11,0.011,-2.285
"2019-03-04 01:39:00",0,27.02,0.033,0,0,0,0,0,0,0,62.06,0.011,-2.309
"2019-03-04 01:40:00",0,27,0.033,0,0,0,0,0,0,0,62.08,0,-2.024
"2019-03-04 01:41:00",0,27.01,0.033,0,0,0,0,0,0,0,62.26,0.011,-2.118
"2019-03-04 01:42:00",0,27.05,0.034,0,0,0,0,0,0,0,62.19,0,-2.093
"2019-03-04 01:43:00",0,26.95,0.033,0,0,0,0,0,0,0,62.13,0,-2.338
"2019-03-04 01:44:00",0,26.96,0.034,0,0,0,0,0,0,0,62.26,0,-2.246
"2019-03-04 01:45:00",0,26.93,0.033,0,0,0,0,0,0,0,62.13,0,-2.148
"2019-03-04 01:46:00",0,26.91,0.033,0,0,0,0,0,0,0,62.1,0.034,-2.4
"2019-03-04 01:47:00",0,26.85,0.033,0,0,0,0,0,0,0,62.11,0,-2.286
"2019-03-04 01:48:00",0,26.76,0.033,0,0,0,0,0,0,0,62.16,0,-2.179
"2019-03-04 01:49:00",0,26.74,0.034,0,0,0,0,0,0,0,62.04,0.045,-2.235
"2019-03-04 01:50:00",0,26.74,0.033,0,0,0,0,0,0,0,128.2,0.011,-2.32
"2019-03-04 01:51:00",0,26.66,0.034,0,0,0,0,0,0,0,152,0,-2.026
"2019-03-04 01:52:00",0,26.61,0.034,0,0,0,0,0,0,0,151.6,0,-2.621
"2019-03-04 01:53:00",0,26.62,0.033,0,0,0,0,0,0,0,151.1,0,-2.855
"2019-03-04 01:54:00",0,26.58,0.033,0,0,0,0,0,0,0,150.7,0,-2.245
"2019-03-04 01:55:00",0,26.62,0.033,0,0,0,0,0,0,0,150.5,0.023,-2.169
"2019-03-04 01:56:00",0,26.59,0.033,0,0,0,0,0,0,0,150.5,0.011,-2.079
"2019-03-04 01:57:00",0,26.6,0.033,0,0,0,0,0,0,0,150.3,0.034,-2.263
"2019-03-04 01:58:00",0,26.59,0.033,0,0,0,0,0,0,0,150.2,0,-2.408
"2019-03-04 01:59:00",0,26.59,0.034,0,0,0,0,0,0,0,149.8,0.011,-2.174
"2019-03-04 02:00:00",0,26.57,0.033,0,0,0,0,0,0,0,149.6,0,-2.233
"2019-03-04 02:01:00",0,26.69,0.033,0,0,0,0,0,0,0,149.1,0.023,-2.287
"2019-03-04 02:02:00",0,26.72,0.033,0,0,0,0,0,0,0,148.6,0.023,-2.329
"2019-03-04 02:03:00",0,26.7,0.032,0,0,0,0,0,0,0,148.1,0,-2.298
"2019-03-04 02:04:00",0,26.72,0.033,0,0,0,0,0,0,0,147.5,0.034,-2.327
"2019-03-04 02:05:00",0,26.69,0.033,0,0,0,0,0,0,0,146.9,0,-2.295
"2019-03-04 02:06:00",0,26.71,0.033,0,0,0,0,0,0,0,146.5,0,-2.287
"2019-03-04 02:07:00",0,26.68,0.033,0,0,0,0,0,0,0,146.1,0.011,-2.236
"2019-03-04 02:08:00",0,26.71,0.033,0,0,0,0,0,0,0,145.6,0.011,-2.323
"2019-03-04 02:09:00",0,26.71,0.033,0,0,0,0,0,0,0,145.1,0,-2.382
"2019-03-04 02:10:00",0,26.69,0.034,0,0,0,0,0,0,0,144.6,0.011,-2.291
"2019-03-04 02:11:00",0,26.69,0.034,0,0,0,0,0,0,0,143.6,0.011,-2.346
"2019-03-04 02:12:00",0,26.73,0.033,0,0,0,0,0,0,0,143,0.045,-2.545
"2019-03-04 02:13:00",0,26.71,0.033,0,0,0,0,0,0,0,142.5,0,-2.498
"2019-03-04 02:14:00",0,26.72,0.033,0,0,0,0,0,0,0,142,0.011,-2.292
"2019-03-04 02:15:00",0,26.79,0.033,0,0,0,0,0,0,0,141.6,0,-2.148
"2019-03-04 02:16:00",0,26.77,0.033,0,0,0,0,0,0,0,92.5,0,-2.274
"2019-03-04 02:17:00",0,26.82,0.033,0,0,0,0,0,0,0,62.09,0.011,-2.237
"2019-03-04 02:18:00",0,26.79,0.033,0,0,0,0,0,0,0,62.11,0.011,-2.166
"2019-03-04 02:19:00",0,26.81,0.033,0,0,0,0,0,0,0,62.16,0.023,-2.308
"2019-03-04 02:20:00",0,26.75,0.033,0,0,0,0,0,0,0,62.21,0.023,-2.706
"2019-03-04 02:21:00",0,26.77,0.033,0,0,0,0,0,0,0,62.22,0.034,-2.2
"2019-03-04 02:22:00",0,26.75,0.033,0,0,0,0,0,0,0,62.15,0.023,-2.248
"2019-03-04 02:23:00",0,26.71,0.033,0,0,0,0,0,0,0,62.06,0,-2.547
"2019-03-04 02:24:00",0,26.81,0.033,0,0,0,0,0,0,0,61.99,0.023,-2.337
"2019-03-04 02:25:00",0,26.77,0.033,0,0,0,0,0,0,0,61.82,0,-2.166
"2019-03-04 02:26:00",0,26.78,0.033,0,0,0,0,0,0,0,62,0.034,-2.568
"2019-03-04 02:27:00",0,26.8,0.033,0,0,0,0,0,0,0,61.96,0,-2.572
"2019-03-04 02:28:00",0,26.81,0.033,0,0,0,0,0,0,0,62.09,0.023,-2.402
"2019-03-04 02:29:00",0,26.85,0.034,0,0,0,0,0,0,0,61.98,0,-2.118
"2019-03-04 02:30:00",0,26.86,0.033,0,0,0,0,0,0,0,62,0,-2.298
"2019-03-04 02:31:00",0,26.87,0.033,0,0,0,0,0,0,0,61.91,0.011,-2.422
"2019-03-04 02:32:00",0,26.82,0.034,0,0,0,0,0,0,0,62,0.011,-2.185
"2019-03-04 02:33:00",0,26.84,0.033,0,0,0,0,0,0,0,61.96,0.011,-2.297
"2019-03-04 02:34:00",0,26.84,0.033,0,0,0,0,0,0,0,62.02,0.045,-2.626
"2019-03-04 02:35:00",0,26.78,0.033,0,0,0,0,0,0,0,62.05,0,-2.33
"2019-03-04 02:36:00",0,26.91,0.034,0,0,0,0,0,0,0,62.08,0,-2.008
"2019-03-04 02:37:00",0,26.84,0.033,0,0,0,0,0,0,0,62.06,0,-2.336
"2019-03-04 02:38:00",0,26.89,0.033,0,0,0,0,0,0,0,62.09,0,-2.247
"2019-03-04 02:39:00",0,26.93,0.033,0,0,0,0,0,0,0,62.08,0,-2.278
"2019-03-04 02:40:00",0,26.93,0.033,0,0,0,0,0,0,0,62,0,-2.461
"2019-03-04 02:41:00",0,26.94,0.033,0,0,0,0,0,0,0,62.07,0,-2.221
"2019-03-04 02:42:00",0,26.91,0.034,0,0,0,0,0,0,0,62.08,0,-2.319
"2019-03-04 02:43:00",0,26.8,0.033,0,0,0,0,0,0,0,61.98,0,-2.581
"2019-03-04 02:44:00",0,26.86,0.033,0,0,0,0,0,0,0,61.98,0,-2.333
"2019-03-04 02:45:00",0,26.87,0.034,0,0,0,0,0,0,0,62.06,0,-2.186
"2019-03-04 02:46:00",0,26.87,0.033,0,0,0,0,0,0,0,61.9,0,-2.116
"2019-03-04 02:47:00",0,26.86,0.034,0,0,0,0,0,0,0,62,0,-2.346
"2019-03-04 02:48:00",0,26.9,0.034,0,0,0,0,0,0,0,61.84,0.011,-2.406
"2019-03-04 02:49:00",0,26.87,0.034,0,0,0,0,0,0,0,61.89,0,-2.296
"2019-03-04 02:50:00",0,26.86,0.033,0,0,0,0,0,0,0,62.04,0,-2.294
"2019-03-04 02:51:00",0,26.85,0.033,0,0,0,0,0,0,0,62.18,0,-2.352
"2019-03-04 02:52:00",0,26.87,0.034,0,0,0,0,0,0,0,62.26,0,-2.285
"2019-03-04 02:53:00",0,26.88,0.033,0,0,0,0,0,0,0,62.04,0.011,-2.24
"2019-03-04 02:54:00",0,26.85,0.033,0,0,0,0,0,0,0,62.08,0,-2.056
"2019-03-04 02:55:00",0,26.87,0.033,0,0,0,0,0,0,0,62.11,0,-2.231
"2019-03-04 02:56:00",0,26.88,0.034,0,0,0,0,0,0,0,62.06,0,-1.979
"2019-03-04 02:57:00",0,26.83,0.033,0,0,0,0,0,0,0,62.19,0,-2.536
"2019-03-04 02:58:00",0,26.85,0.033,0,0,0,0,0,0,0,61.97,0,-2.299
"2019-03-04 02:59:00",0,26.87,0.034,0,0,0,0,0,0,0,61.98,0,-2.45
"2019-03-04 03:00:00",0,26.82,0.034,0,0,0,0,0,0,0,61.96,0,-2.174
"2019-03-04 03:01:00",0,26.83,0.033,0,0,0,0,0,0,0,62.04,0,-2.409
"2019-03-04 03:02:00",0,26.75,0.034,0,0,0,0,0,0,0,62.1,0,-2.041
"2019-03-04 03:03:00",0,26.86,0.033,0,0,0,0,0,0,0,61.94,0.011,-2.37
"2019-03-04 03:04:00",0,26.86,0.033,0,0,0,0,0,0,0,61.96,0,-2.291
"2019-03-04 03:05:00",0,26.86,0.033,0,0,0,0,0,0,0,61.97,0,-2.317
"2019-03-04 03:06:00",0,26.82,0.033,0,0,0,0,0,0,0,61.99,0,-2.295
"2019-03-04 03:07:00",0,26.83,0.033,0,0,0,0,0,0,0,62.06,0.011,-2.284
"2019-03-04 03:08:00",0,26.85,0.033,0,0,0,0,0,0,0,61.88,0.011,-2.29
"2019-03-04 03:09:00",0,26.89,0.034,0,0,0,0,0,0,0,62.04,0,-2.29
"2019-03-04 03:10:00",0,26.91,0.034,0,0,0,0,0,0,0,61.91,0,-2.272
"2019-03-04 03:11:00",0,26.94,0.034,0,0,0,0,0,0,0,61.97,0,-2.303
"2019-03-04 03:12:00",0,26.97,0.034,0,0,0,0,0,0,0,142.7,0,-2.266
"2019-03-04 03:13:00",0,27.01,0.034,0,0,0,0,0,0,0,147.8,0,-2.33
"2019-03-04 03:14:00",0,27.05,0.034,0,0,0,0,0,0,0,150,0,-2.275
"2019-03-04 03:15:00",0,27.14,0.034,0,0,0,0,0,0,0,150.6,0,-2.306
"2019-03-04 03:16:00",0,27.19,0.034,0,0,0,0,0,0,0,150.5,0,-2.251
"2019-03-04 03:17:00",0,27.08,0.034,0,0,0,0,0,0,0,149.6,0,-2.304
"2019-03-04 03:18:00",0,26.93,0.034,0,0,0,0,0,0,0,149.4,0,-2.303
"2019-03-04 03:19:00",0,26.83,0.034,0,0,0,0,0,0,0,149.1,0,-2.298
"2019-03-04 03:20:00",0,26.72,0.034,0,0,0,0,0,0,0,149,0,-2.306
"2019-03-04 03:21:00",0,26.67,0.034,0,0,0,0,0,0,0,148.9,0,-2.283
"2019-03-04 03:22:00",0,26.59,0.034,0,0,0,0,0,0,0,148.8,0,-2.299
"2019-03-04 03:23:00",0,26.5,0.034,0,0,0,0,0,0,0,148.8,0.011,-2.313
"2019-03-04 03:24:00",0,26.49,0.034,0,0,0,0,0,0,0,148.7,0,-2.321
"2019-03-04 03:25:00",0,26.51,0.035,0,0,0,0,0,0,0,148.8,0,-2.291
"2019-03-04 03:26:00",0,26.48,0.035,0,0,0,0,0,0,0,148.6,0,-2.289
"2019-03-04 03:27:00",0,26.43,0.035,0,0,0,0,0,0,0,148.6,0,-2.277
"2019-03-04 03:28:00",0,26.41,0.035,0,0,0,0,0,0,0,148.2,0.011,-2.317
"2019-03-04 03:29:00",0,26.37,0.035,0,0,0,0,0,0,0,148,0,-2.32
"2019-03-04 03:30:00",0,26.36,0.035,0,0,0,0,0,0,0,147.6,0,-2.327
"2019-03-04 03:31:00",0,26.4,0.035,0,0,0,0,0,0,0,147.5,0,-2.274
"2019-03-04 03:32:00",0,26.32,0.035,0,0,0,0,0,0,0,147.4,0,-2.368
"2019-03-04 03:33:00",0,26.24,0.035,0,0,0,0,0,0,0,232.3,0,-2.294
"2019-03-04 03:34:00",0,26.26,0.035,0,0,0,0,0,0,0,235.1,0.011,-2.306
"2019-03-04 03:35:00",0,26.25,0.035,0,0,0,0,0,0,0,234.8,0,-2.284
"2019-03-04 03:36:00",0,26.28,0.035,0,0,0,0,0,0,0,234.2,0.011,-2.319
"2019-03-04 03:37:00",0,26.26,0.035,0,0,0,0,0,0,0,233.9,0.011,-2.546
"2019-03-04 03:38:00",0,26.37,0.035,0,0,0,0,0,0,0,234,0,-2.49
"2019-03-04 03:39:00",0,26.4,0.035,0,0,0,0,0,0,0,233.8,0,-2.315
"2019-03-04 03:40:00",0,26.39,0.034,0,0,0,0,0,0,0,233.9,0.011,-2.334
"2019-03-04 03:41:00",0,26.4,0.035,0,0,0,0,0,0,0,233.6,0,-2.258
"2019-03-04 03:42:00",0,26.41,0.035,0,0,0,0,0,0,0,233.6,0,-2.334
"2019-03-04 03:43:00",0,26.44,0.036,0,0,0,0,0,0,0,233.2,0,-2.154
"2019-03-04 03:44:00",0,26.5,0.035,0,0,0,0,0,0,0,232.4,0.011,-2.304
"2019-03-04 03:45:00",0,26.51,0.035,0,0,0,0,0,0,0,231.9,0,-2.381
"2019-03-04 03:46:00",0,26.55,0.035,0,0,0,0,0,0,0,231,0,-2.156
"2019-03-04 03:47:00",0,26.58,0.036,0,0,0,0,0,0,0,230.8,0,-2.073
"2019-03-04 03:48:00",0,26.66,0.035,0,0,0,0,0,0,0,230,0,-2.463
"2019-03-04 03:49:00",0,26.75,0.036,0,0,0,0,0,0,0,229.6,0,-2.376
"2019-03-04 03:50:00",0,26.77,0.035,0,0,0,0,0,0,0,228.7,0.011,-2.291
"2019-03-04 03:51:00",0,26.75,0.036,0,0,0,0,0,0,0,228.2,0.023,-2.268
"2019-03-04 03:52:00",0,26.75,0.036,0,0,0,0,0,0,0,228,0.011,-2.09
"2019-03-04 03:53:00",0,26.84,0.036,0,0,0,0,0,0,0,227.5,0.011,-2.409
"2019-03-04 03:54:00",0,26.88,0.036,0,0,0,0,0,0,0,155.2,0.011,-2.395
"2019-03-04 03:55:00",0,26.92,0.035,0,0,0,0,0,0,0,141.9,0,-2.144
"2019-03-04 03:56:00",0,26.93,0.035,0,0,0,0,0,0,0,141.6,0,-2.375
"2019-03-04 03:57:00",0,26.94,0.036,0,0,0,0,0,0,0,141.2,0,-2.202
"2019-03-04 03:58:00",0,26.98,0.035,0,0,0,0,0,0,0,140.9,0,-2.55
"2019-03-04 03:59:00",0,26.93,0.036,0,0,0,0,0,0,0,63.51,0,-2.536
"2019-03-04 04:00:00",0,27.04,0.036,0,0,0,0,0,0,0,62.1,0,-2.103
"2019-03-04 04:01:00",0,27.03,0.035,0,0,0,0,0,0,0,62.15,0,-1.892
"2019-03-04 04:02:00",0,27.07,0.034,0,0,0,0,0,0,0,62.1,0,-1.902
"2019-03-04 04:03:00",0,27.07,0.035,0,0,0,0,0,0,0,62.09,0,-2.442
"2019-03-04 04:04:00",0,27.02,0.035,0,0,0,0,0,0,0,61.91,0,-2.419
"2019-03-04 04:05:00",0,27.06,0.035,0,0,0,0,0,0,0,62,0,-2.21
"2019-03-04 04:06:00",0,26.98,0.036,0,0,0,0,0,0,0,61.99,0.011,-2.681
"2019-03-04 04:07:00",0,27.06,0.036,0,0,0,0,0,0,0,61.96,0.011,-2.386
"2019-03-04 04:08:00",0,27.03,0.035,0,0,0,0,0,0,0,61.96,0,-2.286
"2019-03-04 04:09:00",0,27.06,0.035,0,0,0,0,0,0,0,61.95,0,-2.417
"2019-03-04 04:10:00",0,27.06,0.035,0,0,0,0,0,0,0,61.97,0.023,-2.239
"2019-03-04 04:11:00",0,27.01,0.035,0,0,0,0,0,0,0,61.97,0,-2.165
"2019-03-04 04:12:00",0,26.89,0.035,0,0,0,0,0,0,0,61.9,0,-2.374
"2019-03-04 04:13:00",0,26.9,0.035,0,0,0,0,0,0,0,61.85,0,-2.291
"2019-03-04 04:14:00",0,26.94,0.035,0,0,0,0,0,0,0,61.96,0.011,-1.947
"2019-03-04 04:15:00",0,27,0.036,0,0,0,0,0,0,0,61.99,0,-2.014
"2019-03-04 04:16:00",0,26.98,0.035,0,0,0,0,0,0,0,61.79,0,-2.296
"2019-03-04 04:17:00",0,27,0.035,0,0,0,0,0,0,0,61.88,0.011,-2.331
"2019-03-04 04:18:00",0,26.98,0.035,0,0,0,0,0,0,0,61.97,0,-2.185
"2019-03-04 04:19:00",0,26.9,0.035,0,0,0,0,0,0,0,61.9,0,-2.438
"2019-03-04 04:20:00",0,26.82,0.035,0,0,0,0,0,0,0,61.97,0.011,-2.346
"2019-03-04 04:21:00",0,26.81,0.036,0,0,0,0,0,0,0,62.05,0.023,-2.629
"2019-03-04 04:22:00",0,26.73,0.035,0,0,0,0,0,0,0,62.07,0.023,-2.203
"2019-03-04 04:23:00",0,26.69,0.035,0,0,0,0,0,0,0,61.87,0.011,-2.462
"2019-03-04 04:24:00",0,26.73,0.036,0,0,0,0,0,0,0,61.75,0.011,-2.109
"2019-03-04 04:25:00",0,26.72,0.036,0,0,0,0,0,0,0,61.9,0,-2.469
"2019-03-04 04:26:00",0,26.73,0.036,0,0,0,0,0,0,0,62.04,0,-2.198
"2019-03-04 04:27:00",0,26.82,0.036,0,0,0,0,0,0,0,61.84,0,-2.562
"2019-03-04 04:28:00",0,26.81,0.036,0,0,0,0,0,0,0,61.87,0.011,-2.367
"2019-03-04 04:29:00",0,26.75,0.037,0,0,0,0,0,0,0,62.06,0,-2.286
"2019-03-04 04:30:00",0,26.82,0.036,0,0,0,0,0,0,0,61.94,0,-2.195
"2019-03-04 04:31:00",0,26.77,0.036,0,0,0,0,0,0,0,62.04,0.023,-2.371
"2019-03-04 04:32:00",0,26.88,0.035,0,0,0,0,0,0,0,62.03,0.011,-2.507
"2019-03-04 04:33:00",0,26.91,0.036,0,0,0,0,0,0,0,61.98,0,-2.275
"2019-03-04 04:34:00",0,26.87,0.036,0,0,0,0,0,0,0,62.1,0,-2.103
"2019-03-04 04:35:00",0,26.87,0.036,0,0,0,0,0,0,0,62.05,0.011,-2.453
"2019-03-04 04:36:00",0,26.85,0.036,0,0,0,0,0,0,0,62.01,0,-2.318
"2019-03-04 04:37:00",0,26.9,0.036,0,0,0,0,0,0,0,62.04,0.011,-2.372
"2019-03-04 04:38:00",0,26.87,0.036,0,0,0,0,0,0,0,62.04,0,-2.045
"2019-03-04 04:39:00",0,26.84,0.036,0,0,0,0,0,0,0,61.89,0,-1.863
"2019-03-04 04:40:00",0,26.85,0.035,0,0,0,0,0,0,0,61.95,0,-2.513
"2019-03-04 04:41:00",0,26.86,0.036,0,0,0,0,0,0,0,61.95,0.023,-2.501
"2019-03-04 04:42:00",0,26.81,0.037,0,0,0,0,0,0,0,62.05,0.011,-2.356
"2019-03-04 04:43:00",0,26.76,0.036,0,0,0,0,0,0,0,62.01,0,-2.282
"2019-03-04 04:44:00",0,26.76,0.036,0,0,0,0,0,0,0,61.94,0,-2.463
"2019-03-04 04:45:00",0,26.73,0.037,0,0,0,0,0,0,0,61.99,0.011,-2.304
"2019-03-04 04:46:00",0,26.74,0.037,0,0,0,0,0,0,0,62.09,0,-2.477
"2019-03-04 04:47:00",0,26.74,0.037,0,0,0,0,0,0,0,61.94,0,-2.199
"2019-03-04 04:48:00",0,26.74,0.038,0,0,0,0,0,0,0,61.99,0,-2.365
"2019-03-04 04:49:00",0,26.69,0.037,0,0,0,0,0,0,0,61.87,0,-2.396
"2019-03-04 04:50:00",0,26.81,0.037,0,0,0,0,0,0,0,61.9,0,-1.84
"2019-03-04 04:51:00",0,26.74,0.037,0,0,0,0,0,0,0,61.91,0,-2.189
"2019-03-04 04:52:00",0,26.82,0.037,0,0,0,0,0,0,0,61.94,0.011,-2.144
"2019-03-04 04:53:00",0,26.83,0.037,0,0,0,0,0,0,0,61.93,0,-2.231
"2019-03-04 04:54:00",0,26.77,0.037,0,0,0,0,0,0,0,61.84,0,-2.233
"2019-03-04 04:55:00",0,26.82,0.038,0,0,0,0,0,0,0,61.96,0.011,-2.469
"2019-03-04 04:56:00",0,26.78,0.037,0,0,0,0,0,0,0,62.02,0,-2.249
"2019-03-04 04:57:00",0,26.77,0.037,0,0,0,0,0,0,0,61.79,0,-2.386
"2019-03-04 04:58:00",0,26.78,0.037,0,0,0,0,0,0,0,61.78,0,-2.552
"2019-03-04 04:59:00",0,26.83,0.038,0,0,0,0,0,0,0,61.86,0.011,-2.244
"2019-03-04 05:00:00",0,26.77,0.038,0,0,0,0,0,0,0,61.79,0.011,-2.264
"2019-03-04 05:01:00",0,26.8,0.037,0,0,0,0,0,0,0,61.76,0,-2.298
"2019-03-04 05:02:00",0,26.75,0.037,0,0,0,0,0,0,0,61.83,0,-2.124
"2019-03-04 05:03:00",0,26.81,0.037,0,0,0,0,0,0,0,61.73,0,-1.93
"2019-03-04 05:04:00",0,26.87,0.037,0,0,0,0,0,0,0,61.87,0,-2.337
"2019-03-04 05:05:00",0,26.8,0.037,0,0,0,0,0,0,0,61.71,0.011,-2.465
"2019-03-04 05:06:00",0,26.83,0.038,0,0,0,0,0,0,0,61.82,0,-2.133
"2019-03-04 05:07:00",0,26.86,0.038,0,0,0,0,0,0,0,61.91,0,-2.454
"2019-03-04 05:08:00",0,26.83,0.038,0,0,0,0,0,0,0,61.83,0.011,-2.346
"2019-03-04 05:09:00",0,26.84,0.038,0,0,0,0,0,0,0,61.88,0.011,-2.451
"2019-03-04 05:10:00",0,26.81,0.037,0,0,0,0,0,0,0,61.96,0.011,-2.462
"2019-03-04 05:11:00",0,26.82,0.038,0,0,0,0,0,0,0,61.9,0,-2.794
"2019-03-04 05:12:00",0,26.83,0.038,0,0,0,0,0,0,0,61.87,0,-1.796
"2019-03-04 05:13:00",0,26.84,0.038,0,0,0,0,0,0,0,61.85,0,-2.387
"2019-03-04 05:14:00",0,26.87,0.038,0,0,0,0,0,0,0,61.88,0,-2.54
"2019-03-04 05:15:00",0,26.85,0.038,0,0,0,0,0,0,0,93.9,0.023,-2.344
"2019-03-04 05:16:00",0,26.84,0.037,0,0,0,0,0,0,0,151.7,0,-2.402
"2019-03-04 05:17:00",0,26.83,0.037,0,0,0,0,0,0,0,150.8,0.011,-2.038
"2019-03-04 05:18:00",0,26.79,0.037,0,0,0,0,0,0,0,150.3,0,-2.847
"2019-03-04 05:19:00",0,26.8,0.038,0,0,0,0,0,0,0,150,0.011,-2.485
"2019-03-04 05:20:00",0,26.79,0.038,0,0,0,0,0,0,0,149.9,0.023,-2.186
"2019-03-04 05:21:00",0,26.78,0.038,0,0,0,0,0,0,0,149.8,0,-2.208
"2019-03-04 05:22:00",0,26.79,0.037,0,0,0,0,0,0,0,149.7,0,-2.192
"2019-03-04 05:23:00",0,26.75,0.038,0,0,0,0,0,0,0,149.6,0,-2.293
"2019-03-04 05:24:00",0,26.73,0.038,0,0,0,0,0,0,0,149.1,0,-2.123
"2019-03-04 05:25:00",0,26.77,0.037,0,0,0,0,0,0,0,148.8,0,-2.163
"2019-03-04 05:26:00",0,26.76,0.037,0,0,0,0,0,0,0,148.7,0.011,-2.378
"2019-03-04 05:27:00",0,26.74,0.038,0,0,0,0,0,0,0,148.3,0,-2.228
"2019-03-04 05:28:00",0,26.8,0.038,0,0,0,0,0,0,0,147.8,0,-2.178
"2019-03-04 05:29:00",0,26.84,0.037,0,0,0,0,0,0,0,147.3,0,-2.622
"2019-03-04 05:30:00",0,26.84,0.038,0,0,0,0,0,0,0,146.6,0,-2.255
"2019-03-04 05:31:00",0,26.87,0.038,0,0,0,0,0,0,0,146.1,0.011,-2.342
"2019-03-04 05:32:00",0,26.9,0.038,0,0,0,0,0,0,0,145.5,0.011,-2.382
"2019-03-04 05:33:00",0,26.93,0.038,0,0,0,0,0,0,0,145.1,0,-2.251
"2019-03-04 05:34:00",0,26.96,0.039,0,0,0,0,0,0,0,144.5,0,-2.306
"2019-03-04 05:35:00",0,26.92,0.039,0,0,0,0,0,0,0,144.1,0,-2.403
"2019-03-04 05:36:00",0,26.91,0.039,0,0,0,0,0,0,0,143.1,0,-2.193
"2019-03-04 05:37:00",0,26.93,0.039,0,0,0,0,0,0,0,142.6,0,-2.267
"2019-03-04 05:38:00",0,26.89,0.038,0,0,0,0,0,0,0,142.1,0,-1.947
"2019-03-04 05:39:00",0,26.89,0.039,0,0,0,0,0,0,0,141.6,0,-2.236
"2019-03-04 05:40:00",0,26.93,0.039,0,0,0,0,0,0,0,141.1,0,-2.156
"2019-03-04 05:41:00",0,26.83,0.039,0,0,0,0,0,0,0,91,0,-2.071
"2019-03-04 05:42:00",0,26.88,0.038,0,0,0,0,0,0,0,61.97,0,-1.87
"2019-03-04 05:43:00",0,26.89,0.039,0,0,0,0,0,0,0,61.9,0,-2.288
"2019-03-04 05:44:00",0,26.89,0.038,0,0,0,0,0,0,0,61.89,0,-2.043
"2019-03-04 05:45:00",0,26.9,0.039,0,0,0,0,0,0,0,61.78,0,-2.39
"2019-03-04 05:46:00",0,26.86,0.038,0,0,0,0,0,0,0,61.82,0,-2.383
"2019-03-04 05:47:00",0,26.8,0.038,0,0,0,0,0,0,0,61.66,0,-2.286
"2019-03-04 05:48:00",0,26.75,0.038,0,0,0,0,0,0,0,61.57,0,-2.31
"2019-03-04 05:49:00",0,26.75,0.038,0,0,0,0,0,0,0,61.61,0,-2.066
"2019-03-04 05:50:00",0,26.7,0.039,0,0,0,0,0,0,0,61.7,0,-2.277
"2019-03-04 05:51:00",0,26.67,0.038,0,0,0,0,0,0,0,61.75,0,-2.202
"2019-03-04 05:52:00",0,26.68,0.038,0,0,0,0,0,0,0,61.75,0,-2.525
"2019-03-04 05:53:00",0,26.64,0.038,0,0,0,0,0,0,0,61.85,0,-2.164
"2019-03-04 05:54:00",0,26.62,0.039,0,0,0,0,0,0,0,61.73,0,-2.415
"2019-03-04 05:55:00",0,26.66,0.039,0,0,0,0,0,0,0,61.55,0,-2.224
"2019-03-04 05:56:00",0,26.67,0.038,0,0,0,0,0,0,0,61.67,0,-2.261
"2019-03-04 05:57:00",0,26.64,0.038,0,0,0,0,0,0,0,61.6,0,-2.262
"2019-03-04 05:58:00",0,26.59,0.037,0,0,0,0,0,0,0,61.73,0,-2.585
"2019-03-04 05:59:00",0,26.6,0.037,0,0,0,0,0,0,0,61.78,0,-2.317
"2019-03-04 06:00:00",0,26.61,0.038,0,0,0,0,0,0,0,61.8,0,-2.338
"2019-03-04 06:01:00",0,26.61,0.037,0,0,0,0,0,0,0,61.85,0,-2.168
"2019-03-04 06:02:00",0,26.61,0.037,0,0,0,0,0,0,0,57.03,0,-2.28
"2019-03-04 06:03:00",0,26.64,0.038,0,0,0,0,0,0,0,54.4,0,-2.324
"2019-03-04 06:04:00",0,26.63,0.038,0,0,0,0,0,0,0,57.45,0,-2.353
"2019-03-04 06:05:00",0,26.6,0.037,0,0,0,0,0,0,0,65.82,0,-2.087
"2019-03-04 06:06:00",0,26.59,0.038,0,0,0,0,0,0,0,49.76,0,-2.245
"2019-03-04 06:07:00",0,26.56,0.037,0,0,0,0,0,0,0,46.56,0.011,-2.343
"2019-03-04 06:08:00",0,26.6,0.037,0,0,0,0,0,0,0,48.27,0,-2.29
"2019-03-04 06:09:00",0,26.6,0.038,0,0,0,0,0,0,0,48.08,0,-2.157
"2019-03-04 06:10:00",0,26.55,0.037,0,0,0,0,0,0,0,48.09,0,-1.923
"2019-03-04 06:11:00",0,26.55,0.037,0,0,0,0,0,0,0,48.06,0,-2.248
"2019-03-04 06:12:00",0,26.47,0.036,0,0,0,0,0,0,0,48.03,0,-2.231
"2019-03-04 06:13:00",0,26.5,0.037,0,0,0,0,0,0,0,48.14,0,-2.193
"2019-03-04 06:14:00",0,26.56,0.037,0,0,0,0,0,0,0,48.08,0,-2.061
"2019-03-04 06:15:00",0,26.47,0.036,0,0,0,0,0,0,0,48.09,0,-2.923
"2019-03-04 06:16:00",0,26.56,0.036,0,0,0,0,0,0,0,48.17,0.011,-2.542
"2019-03-04 06:17:00",0,26.56,0.036,0,0,0,0,0,0,0,48.13,0,-2.71
"2019-03-04 06:18:00",0,26.57,0.036,0,0,0,0,0,0,0,48.23,0.011,-2.353
"2019-03-04 06:19:00",0,26.54,0.036,0,0,0,0,0,0,0,48.21,0,-2.379
"2019-03-04 06:20:00",0,26.55,0.036,0,0,0,0,0,0,0,48.26,0.011,-2.487
"2019-03-04 06:21:00",0,26.56,0.036,0,0,0,0,0,0,0,48.23,0,-2.434
"2019-03-04 06:22:00",0,26.61,0.036,0,0,0,0,0,0,0,48.3,0,-2.201
"2019-03-04 06:23:00",0,26.52,0.037,0,0,0,0,0,0,0,48.27,0,-2.124
"2019-03-04 06:24:00",0,26.55,0.036,0,0,0,0,0,0,0,48.22,0.011,-2.354
"2019-03-04 06:25:00",0,26.61,0.036,0,0,0,0,0,0,0,48.29,0,-2.286
"2019-03-04 06:26:00",0,26.63,0.035,0,0,0,0,0,0,0,48.23,0,-2.266
"2019-03-04 06:27:00",0,26.7,0.035,0,0,0,0,0,0,0,48.26,0.011,-2.187
"2019-03-04 06:28:00",0,26.77,0.036,0,0,0,0,0,0,0,48.15,0,-1.85
"2019-03-04 06:29:00",0,26.82,0.036,0,0,0,0,0,0,0,48.42,0,-2.352
"2019-03-04 06:30:00",0,26.85,0.035,0,0,0,0,0,0,0,48.45,0,-2.369
"2019-03-04 06:31:00",0,26.86,0.036,0,0,0,0,0,0,0,53.26,0,-2.26
"2019-03-04 06:32:00",0,26.84,0.036,0,0,0,0,0,0,0,54,0,-1.862
"2019-03-04 06:33:00",0,26.89,0.036,0,0,0,0,0,0,0,53.95,0,-2.492
"2019-03-04 06:34:00",0,26.87,0.035,0,0,0,0,0,0,0,53.95,0.011,-2.06
"2019-03-04 06:35:00",0,26.9,0.035,0,0,0,0,0,0,0,54.05,0,-2.428
"2019-03-04 06:36:00",0,26.89,0.035,0,0,0,0,0,0,0,53.95,0.011,-2.321
"2019-03-04 06:37:00",0,26.9,0.035,0,0,0,0,0,0,0,53.83,0.011,-2.274
"2019-03-04 06:38:00",0,26.88,0.036,0,0,0,0,0,0,0,53.93,0,-2.153
"2019-03-04 06:39:00",0,26.92,0.035,0,0,0,0,0,0,0,51.68,0,-2.295
"2019-03-04 06:40:00",0,26.9,0.035,0,0,0,0,0,0,0,48.42,0,-2.363
"2019-03-04 06:41:00",0,26.91,0.035,0,0,0,0,0,0,0,79.83,0,-2.248
"2019-03-04 06:42:00",0,26.92,0.035,0,0,0,0,0,0,0,87.6,0.011,-2.315
"2019-03-04 06:43:00",0,26.9,0.035,0,0,0,0,0,0,0,87.5,0,-2.149
"2019-03-04 06:44:00",0,26.87,0.034,0,0,0,0,0,0,0,80.8,0,-1.979
"2019-03-04 06:45:00",0,26.93,0.035,0,0,0,0,0,0,0,48.51,0.011,-2.283
"2019-03-04 06:46:00",0,26.92,0.035,0,0,0,0,0,0,0,48.45,0,-2.228
"2019-03-04 06:47:00",0,26.93,0.035,0,0,0,0,0,0,0,48.43,0,-2.262
"2019-03-04 06:48:00",0,26.97,0.034,0,0,0,0,0,0,0,48.47,0.011,-2.258
"2019-03-04 06:49:00",0,26.95,0.034,0,0,0,0,0,0,0,48.47,0.011,-2.288
"2019-03-04 06:50:00",0,26.97,0.034,0,0,0,0,0,0,0,48.45,0.011,-2.284
"2019-03-04 06:51:00",0,26.98,0.035,0,0,0,0,0,0,0,48.39,0,-2.28
"2019-03-04 06:52:00",0,27.03,0.034,0,0,0,0,0,0,0,48.44,0,-2.286
"2019-03-04 06:53:00",0,27.05,0.035,0,0,0,0,0,0,0,45.98,0,-2.247
"2019-03-04 06:54:00",0,27.03,0.035,0,0,0,0,0,0,0,52.83,0.011,-2.441
"2019-03-04 06:55:00",0,27.08,0.035,0,0,0,0,0,0,0,52.72,0,-2.411
"2019-03-04 06:56:00",0,27.09,0.035,0,0,0,0,0,0,0,52.73,0,-2.366
"2019-03-04 06:57:00",0,27.13,0.035,0,0,0,0,0,0,0,52.55,0,-2.286
"2019-03-04 06:58:00",0,27.15,0.035,0,0,0,0,0,0,0,88.5,0,-2.225
"2019-03-04 06:59:00",0,27.17,0.035,0,0,0,0,0,0,0,141.6,0,-2.146
"2019-03-04 07:00:00",0,27.22,0.035,0,0,0,0,0,0,0,141.4,0.011,-2.155
"2019-03-04 07:01:00",0,27.24,0.035,0,0,0,0,0,0,0,140.9,0,-2.044
"2019-03-04 07:02:00",0,27.29,0.034,0,0,0,0,0,0,0,140.8,0,-2.169
"2019-03-04 07:03:00",0,27.3,0.035,0,0,0,0,0,0,0,222.5,0,-2.415
"2019-03-04 07:04:00",0,27.36,0.035,0,0,0,0,0,0,0,224.4,0,-2.296
"2019-03-04 07:05:00",0,27.4,0.034,0,0,0,0,0,0,0,360.9,0.023,-2.396
"2019-03-04 07:06:00",0,27.53,0.034,0,0,0,0,0,0,0,276,0,-2.111
"2019-03-04 07:07:00",0,27.53,0.034,0,0,0,0,0,0,0,225.9,0,-2.451
"2019-03-04 07:08:00",0,27.65,0.034,0,0,0,0,0,0,0,225.4,0,-2.319
"2019-03-04 07:09:00",0,27.72,0.034,0,0,0,0,0,0,0,225.1,0.011,-2.273
"2019-03-04 07:10:00",0,27.72,0.034,0,0,0,0,0,0,0,224.3,0,-2.316
"2019-03-04 07:11:00",0,27.77,0.034,0,0,0,0,0,0,0,223.6,0,-2.071
"2019-03-04 07:12:00",0,27.83,0.034,0,0,0,0,0,0,0,223,0,-2.298
"2019-03-04 07:13:00",0,27.88,0.034,0,0,0,0,0,0,0,222.8,0.011,-2.314
"2019-03-04 07:14:00",0,27.96,0.034,0,0,0,0,0,0,0,222.2,0.011,-2.254
"2019-03-04 07:15:00",0,28.07,0.034,0,0,0,0,0,0,0,241.2,0,-2.281
"2019-03-04 07:16:00",0,28.15,0.034,0,0,0,0,0,0,0,254.1,0,-2.305
"2019-03-04 07:17:00",0,28.24,0.034,0,0,0,0,0,0,0,253,0,-2.292
"2019-03-04 07:18:00",0,28.35,0.034,0,0,0,0,0,0,0,253,0.011,-2.312
"2019-03-04 07:19:00",0,28.45,0.034,0,0,0,0,0,0,0,252.1,0,-2.282
"2019-03-04 07:20:00",0,28.47,0.034,0,0,0,0,0,0,0,249.1,0.011,-2.309
"2019-03-04 07:21:00",0,28.62,0.034,0,0,0,0,0,0,0,247.9,0,-2.296
"2019-03-04 07:22:00",0,28.68,0.034,0,0,0,0,0,0,0,251.9,0.011,-2.3
"2019-03-04 07:23:00",0,28.71,0.034,0,0,0,0,0,0,0,251.1,0.011,-2.283
"2019-03-04 07:24:00",0,28.83,0.034,0,0,0,0,0,0,0,185.6,0.011,-2.252
"2019-03-04 07:25:00",0,28.92,0.034,0,0,0,0,0,0,0,171.2,0,-2.277
"2019-03-04 07:26:00",0,29.08,0.034,0,0,0,0,0,0,0,172,0.011,-2.278
"2019-03-04 07:27:00",0,29.12,0.034,0,0,0,0,0,0,0,174,0.034,-2.279
"2019-03-04 07:28:00",0,29.17,0.035,0,0,0,0,0,0,0,170.4,0.034,-2.416
"2019-03-04 07:29:00",0,29.28,0.034,0,0,0,0,0,0,0,172.2,0.011,-2.107
"2019-03-04 07:30:00",0,29.32,0.035,0,0,0,0,0,0,0,169.7,0.011,-2.223
"2019-03-04 07:31:00",0,29.44,0.035,0,0,0,0,0,0,0,168.4,0.011,-2.336
"2019-03-04 07:32:00",0,29.43,0.035,0,0,0,0,0,0,0,127.2,0,-2.266
"2019-03-04 07:33:00",0,29.55,0.035,0,0,0,0,0,0,0,126.6,0,-2.34
"2019-03-04 07:34:00",0,29.66,0.035,0,0,0,0,0,0,0,126.8,0,-2.19
"2019-03-04 07:35:00",0,29.86,0.035,0,0,0,0,0,0,0,126.8,0,-2.04
"2019-03-04 07:36:00",0,29.87,0.035,0,0,0,0,0,0,0,126.9,0,-2.503
"2019-03-04 07:37:00",0,29.9,0.035,0,0,0,0,0,0,0,126.7,0,-2.081
"2019-03-04 07:38:00",0,29.99,0.035,0,0,0,0,0,0,0,126.8,0,-2.323
"2019-03-04 07:39:00",0,30.22,0.035,0,0,0,0,0,0,0,126.8,0,-2.345
"2019-03-04 07:40:00",0,30.39,0.036,0,0,0,0,0,0,0,127,0,-2.565
"2019-03-04 07:41:00",0,30.44,0.035,0,0,0,0,0,0,0,126.7,0,-2.595
"2019-03-04 07:42:00",0,30.46,0.036,0,0,0,0,0,0,0,126.7,0,-2.675
"2019-03-04 07:43:00",0,30.59,0.035,0,0,0,0,0,0,0,126.7,0,-2.576
"2019-03-04 07:44:00",0,30.74,0.036,0,0,0,0,0,0,0,126.8,0,-1.982
"2019-03-04 07:45:00",0,30.73,0.036,0,0,0,0,0,0,0,127,0.011,-2.198
"2019-03-04 07:46:00",0,30.7,0.035,0,0,0,0,0,0,0,126.9,0,-2.377
"2019-03-04 07:47:00",0,30.84,0.035,0,0,0,0,0,0,0,89.6,0.011,-2.32
"2019-03-04 07:48:00",0,31.19,0.035,0,0,0,0,0,0,0,39.97,0,-2.246
"2019-03-04 07:49:00",0,31.47,0.036,0,0,0,0,0,0,0,39.79,0.023,-2.406
"2019-03-04 07:50:00",0,31.56,0.035,0,0,0,0,0,0,0,51.46,0,-2.447
"2019-03-04 07:51:00",0,31.56,0.036,0,0,0,0,0,0,0,69.73,0,-1.928
"2019-03-04 07:52:00",0,31.38,0.036,0,0,0,0,0,0,0,69.62,0,-2.321
"2019-03-04 07:53:00",0,31.62,0.034,0,0,0,0,0,0,0,69.47,0,-2.745
"2019-03-04 07:54:00",0,31.9,0.035,0,0,0,0,0,0,0,69.71,0.023,-2.47
"2019-03-04 07:55:00",0,32.09,0.036,0,0,0,0,0,0,0,69.52,0,-2.804
"2019-03-04 07:56:00",0,32.06,0.035,0,0,0,0,0,0,0,69.59,0.011,-2.421
"2019-03-04 07:57:00",0,31.93,0.035,0,0,0,0,0,0,0,69.61,0,-2.538
"2019-03-04 07:58:00",0,31.94,0.035,0,0,0,0,0,0,0,69.61,0,-2.348
"2019-03-04 07:59:00",0,32.04,0.035,0,0,0,0,0,0,0,69.68,0,-2.269
"2019-03-04 08:00:00",0,32.08,0.034,0,0,0,0,0,0,0,69.68,0,-2.468
"2019-03-04 08:01:00",0,32.23,0.034,0,0,0,0,0,0,0,69.73,0,-2.048
"2019-03-04 08:02:00",0,32.45,0.034,0,0,0,0,0,0,0,69.4,0,-2.146
"2019-03-04 08:03:00",0,32.53,0.035,0,0,0,0,0,0,0,69.38,0,-2.262
"2019-03-04 08:04:00",0,32.26,0.035,0,0,0,0,0,0,0,69.71,0,-2.261
"2019-03-04 08:05:00",0,32.45,0.036,0,0,0,0,0,0,0,69.78,0.011,-2.374
"2019-03-04 08:06:00",0,32.64,0.036,0,0,0,0,0,0,0,69.56,0.011,-2.172
"2019-03-04 08:07:00",0,32.96,0.035,0,0,0,0,0,0,0,69.74,0.011,-2.243
"2019-03-04 08:08:00",0,33.39,0.036,0,0,0,0,0,0,0,69.99,0,-2.274
"2019-03-04 08:09:00",0,33.73,0.037,0,0,0,0,0,0,0,69.42,0.034,-2.458
"2019-03-04 08:10:00",0,34.15,0.036,0,0,0,0,0,0,0,69.72,0.011,-2.433
"2019-03-04 08:11:00",0,34.41,0.035,0,0,0,0,0,0,0,69.59,0,-2.192
"2019-03-04 08:12:00",0,34.79,0.036,0,0,0,0,0,0,0,69.82,0,-2.402
"2019-03-04 08:13:00",0,35.26,0.036,0,0,0,0,0,0,0,69.81,0.023,-2.389
"2019-03-04 08:14:00",0,35.83,0.037,0,0,0,0,0,0,0,69.86,0,-2.294
"2019-03-04 08:15:00",0,35.86,0.037,0,0,0,0,0,0,0,69.72,0.011,-2.389
"2019-03-04 08:16:00",0,36.01,0.037,0,0,0,0,0,0,0,69.74,0.011,-2.277
"2019-03-04 08:17:00",0,36.29,0.037,0,0,0,0,0,0,0,69.53,0.011,-2.22
"2019-03-04 08:18:00",0,36.5,0.038,0,0,0,0,0,0,0,69.17,0,-1.897
"2019-03-04 08:19:00",0,36.68,0.038,0,0,0,0,0,0,0,69.6,0,-2.345
"2019-03-04 08:20:00",0,36.87,0.037,0,0,0,0,0,0,0,69.63,0,-2.655
"2019-03-04 08:21:00",0,37.16,0.038,0,0,0,0,0,0,0,69.54,0.034,-2.448
"2019-03-04 08:22:00",0,37.29,0.037,0,0,0,0,0,0,0,69.3,0.023,-2.057
"2019-03-04 08:23:00",0,37.91,0.038,0,0,0,0,0,0,0,69.29,0.011,-2.435
"2019-03-04 08:24:00",0,38.25,0.037,0,0,0,0,0,0,0,69.61,0.011,-2.387
"2019-03-04 08:25:00",0,38.22,0.038,0,0,0,0,0,0,0,69.53,0.011,-2.126
"2019-03-04 08:26:00",0,38.41,0.038,0,0,0,0,0,0,0,69.67,0,-2.463
"2019-03-04 08:27:00",0,38.95,0.038,0,0,0,0,0,0,0,69.54,0.011,-2.143
"2019-03-04 08:28:00",0,39.25,0.038,0,0,0,0,0,0,0,69.77,0,-2.214
"2019-03-04 08:29:00",0,39.29,0.039,0,0,0,0,0,0,0,69.66,0,-2.068
"2019-03-04 08:30:00",0,39.35,0.038,0,0,0,0,0,0,0,69.71,0.023,-2.54
"2019-03-04 08:31:00",0,39.13,0.039,0,0,0,0,0,0,0,69.65,0.011,-2.299
"2019-03-04 08:32:00",0,39.46,0.039,0,0,0,0,0,0,0,66.89,0,-2.43
"2019-03-04 08:33:00",0,39.63,0.039,0,0,0,0,0,0,0,40.95,0.023,-2.123
"2019-03-04 08:34:00",0,40.65,0.039,0,0,0,0,0,0,0,40.04,0,-1.969
"2019-03-04 08:35:00",0,40.46,0.038,0,0,0,0,0,0,0,40.06,0,-2.608
"2019-03-04 08:36:00",0,39.97,0.039,0,0,0,0,0,0,0,40.14,0.011,-2.418
"2019-03-04 08:37:00",0,39.18,0.039,0,0,0,0,0,0,0,49.47,0.011,-2.321
"2019-03-04 08:38:00",0,39.27,0.04,0,0,0,0,0,0,0,88.9,0,-2.273
"2019-03-04 08:39:00",0,40.19,0.04,0,0,0,0,0,0,0,88.3,0.011,-2.327
"2019-03-04 08:40:00",0,40.1,0.04,0,0,0,0,0,0,0,86.7,0,-2.448
"2019-03-04 08:41:00",0,39.62,0.04,0,0,0,0,0,0,0,87.2,0,-2.417
"2019-03-04 08:42:00",0,39.54,0.04,0,0,0,0,0,0,0,87,0,-2.324
"2019-03-04 08:43:00",0,39.79,0.041,0,0,0,0,0,0,0,93.2,0.011,-2.496
"2019-03-04 08:44:00",0,40.02,0.041,0,0,0,0,0,0,0,195.3,0,-2.292
"2019-03-04 08:45:00",0,39.76,0.042,0,0,0,0,0,0,0,175.5,0,-2.431
"2019-03-04 08:46:00",0,39.61,0.041,0,0,0,0,0,0,0,179.4,0,-2.174
"2019-03-04 08:47:00",0,39.11,0.042,0,0,0,0,0,0,0,174.2,0.023,-2.307
"2019-03-04 08:48:00",0,39.05,0.042,0,0,0,0,0,0,0,174.4,0,-2.118
"2019-03-04 08:49:00",0,38.83,0.042,0,0,0,0,0,0,0,176.2,0,-2.136
"2019-03-04 08:50:00",0,38.98,0.042,0,0,0,0,0,0,0,176.6,0,-2.241
"2019-03-04 08:51:00",0,38.95,0.042,0,0,0,0,0,0,0,180.7,0,-2.292
"2019-03-04 08:52:00",0,39.2,0.043,0,0,0,0,0,0,0,174.9,0,-2.112
"2019-03-04 08:53:00",0,39.18,0.043,0,0,0,0,0,0,0,180.8,0,-2.182
"2019-03-04 08:54:00",0,39.21,0.042,0,0,0,0,0,0,0,179.4,0,-2.097
"2019-03-04 08:55:00",0,39,0.043,0,0,0,0,0,0,0,179.4,0.011,-2.471
"2019-03-04 08:56:00",0,38.61,0.043,0,0,0,0,0,0,0,172.6,0.023,-2.409
"2019-03-04 08:57:00",0,39.03,0.043,0,0,0,0,0,0,0,172.5,0,-2.173
"2019-03-04 08:58:00",0,39.18,0.043,0,0,0,0,0,0,0,170.3,0,-2.287
"2019-03-04 08:59:00",0,39.54,0.043,0,0,0,0,0,0,0,174.6,0,-2.328
"2019-03-04 09:00:00",0,39.32,0.043,0,0,0,0,0,0,0,175.4,0,-2.283
"2019-03-04 09:01:00",0,38.78,0.044,0,0,0,0,0,0,0,173.7,0,-2.36
"2019-03-04 09:02:00",0,38.36,0.044,0,0,0,0,0,0,0,169.8,0,-2.549
"2019-03-04 09:03:00",0,37.43,0.044,0,0,0,0,0,0,0,172.1,0.011,-2.311
"2019-03-04 09:04:00",0,37.38,0.044,0,0,0,0,0,0,0,168.6,0,-2.366
"2019-03-04 09:05:00",0,37.63,0.044,0,0,0,0,0,0,0,168,0,-2.03
"2019-03-04 09:06:00",0,37.65,0.044,0,0,0,0,0,0,0,172.6,0,-2.357
"2019-03-04 09:07:00",0,37.36,0.044,0,0,0,0,0,0,0,169.1,0.023,-2.359
"2019-03-04 09:08:00",0,37.27,0.045,0,0,0,0,0,0,0,168.9,0,-2.432
"2019-03-04 09:09:00",0,37.63,0.045,0,0,0,0,0,0,0,109.6,0,-2.348
"2019-03-04 09:10:00",0,38.33,0.044,0,0,0,0,0,0,0,90.6,0,-2.428
"2019-03-04 09:11:00",0,38.39,0.045,0,0,0,0,0,0,0,91.4,0.011,-2.308
"2019-03-04 09:12:00",0,38.46,0.045,0,0,0,0,0,0,0,90.4,0,-2.085
"2019-03-04 09:13:00",0,38.23,0.045,0,0,0,0,0,0,0,90.4,0.023,-2.25
"2019-03-04 09:14:00",0,38.01,0.045,0,0,0,0,0,0,0,88.8,0,-2.283
"2019-03-04 09:15:00",0,37.63,0.045,0,0,0,0,0,0,0,87.9,0,-2.133
"2019-03-04 09:16:00",0,37.6,0.045,0,0,0,0,0,0,0,88.9,0.011,-2.371
"2019-03-04 09:17:00",0,37.18,0.045,0,0,0,0,0,0,0,89.2,0,-2.24
"2019-03-04 09:18:00",0,37.15,0.045,0,0,0,0,0,0,0,92.8,0,-2.385
"2019-03-04 09:19:00",0,37.35,0.045,0,0,0,0,0,0,0,87.4,0,-2.242
"2019-03-04 09:20:00",0,37.2,0.046,0,0,0,0,0,0,0,87.4,0,-2.277
"2019-03-04 09:21:00",0,36.64,0.046,0,0,0,0,0,0,0,88.8,0,-2.463
"2019-03-04 09:22:00",0,36.29,0.046,0,0,0,0,0,0,0,91.3,0,-2.137
"2019-03-04 09:23:00",0,35.63,0.046,0,0,0,0,0,0,0,92.4,0,-2.137
"2019-03-04 09:24:00",0,36.01,0.046,0,0,0,0,0,0,0,88.8,0,-2.281
"2019-03-04 09:25:00",0,36.02,0.047,0,0,0,0,0,0,0,90.6,0.011,-2.575
"2019-03-04 09:26:00",0,35.48,0.046,0,0,0,0,0,0,0,89.7,0,-2.227
"2019-03-04 09:27:00",0,35.53,0.045,0,0,0,0,0,0,0,89.7,0.011,-2.658
"2019-03-04 09:28:00",0,35.83,0.046,0,0,0,0,0,0,0,98.6,0,-2.046
"2019-03-04 09:29:00",0,35.26,0.046,0,0,0,0,0,0,0,94.7,0.011,-2.665
"2019-03-04 09:30:00",0,35.48,0.047,0,0,0,0,0,0,0,95.3,0.011,-2.644
"2019-03-04 09:31:00",0,35.92,0.046,0,0,0,0,0,0,0,96.2,0,-2.204
"2019-03-04 09:32:00",0,35.62,0.046,0,0,0,0,0,0,0,90.2,0,-2.21
"2019-03-04 09:33:00",0,35.81,0.047,0,0,0,0,0,0,0,94.2,0,-2.234
"2019-03-04 09:34:00",0,35.82,0.046,0,0,0,0,0,0,0,90.5,0,-2.334
"2019-03-04 09:35:00",0,36.38,0.046,0,0,0,0,0,0,0,92,0.011,-2.265
"2019-03-04 09:36:00",0,36.51,0.047,0,0,0,0,0,0,0,92,0,-2.227
"2019-03-04 09:37:00",0,36.43,0.047,0,0,0,0,0,0,0,90.2,0.011,-2.449
"2019-03-04 09:38:00",0,37.3,0.047,0,0,0,0,0,0,0,91.9,0,-2.127
"2019-03-04 09:39:00",0,37.45,0.046,0,0,0,0,0,0,0,91.4,0.023,-2.602
"2019-03-04 09:40:00",0,37.16,0.047,0,0,0,0,0,0,0,95.2,0.011,-2.036
"2019-03-04 09:41:00",0,37.44,0.047,0,0,0,0,0,0,0,93.2,0.011,-2.396
"2019-03-04 09:42:00",0,37.48,0.047,0,0,0,0,0,0,0,90.3,0,-2.558
"2019-03-04 09:43:00",0,37.75,0.047,0,0,0,0,0,0,0,93.2,0.034,-2.368
"2019-03-04 09:44:00",0,38.11,0.047,0,0,0,0,0,0,0,95.6,0.011,-2.646
"2019-03-04 09:45:00",0,38.33,0.047,0,0,0,0,0,0,0,94.5,0,-2.359
"2019-03-04 09:46:00",0,38.49,0.047,0,0,0,0,0,0,0,95.7,0.023,-2.428
"2019-03-04 09:47:00",0,37.95,0.047,0,0,0,0,0,0,0,96.2,0.011,-2.388
"2019-03-04 09:48:00",0,37.95,0.048,0,0,0,0,0,0,0,93.4,0,-2.681
"2019-03-04 09:49:00",0,38.48,0.047,0,0,0,0,0,0,0,92.6,0,-2.578
"2019-03-04 09:50:00",0,38.27,0.046,0,0,0,0,0,0,0,92.1,0,-2.416
"2019-03-04 09:51:00",0,37.76,0.047,0,0,0,0,0,0,0,92.8,0.011,-2.127
"2019-03-04 09:52:00",0,37.3,0.047,0,0,0,0,0,0,0,92.8,0,-2.332
"2019-03-04 09:53:00",0,37.4,0.047,0,0,0,0,0,0,0,92.4,0,-2.444
"2019-03-04 09:54:00",0,37.46,0.047,0,0,0,0,0,0,0,89.6,0,-2.496
"2019-03-04 09:55:00",0,37.55,0.048,0,0,0,0,0,0,0,91.4,0,-2.338
"2019-03-04 09:56:00",0,37.07,0.048,0,0,0,0,0,0,0,91.4,0,-2.275
"2019-03-04 09:57:00",0,37,0.048,0,0,0,0,0,0,0,93.8,0,-2.247
"2019-03-04 09:58:00",0,36.51,0.049,0,0,0,0,0,0,0,90.5,0.011,-2.099
"2019-03-04 09:59:00",0,36.58,0.048,0,0,0,0,0,0,0,83.8,0.011,-2.277
"2019-03-04 10:00:00",0,37.23,0.048,0,0,0,0,0,0,0,86.8,0,-2.393
"2019-03-04 10:01:00",0,37.47,0.048,0,0,0,0,0,0,0,88.1,0,-2.118
"2019-03-04 10:02:00",0,37.95,0.049,0,0,0,0,0,0,0,86.4,0,-1.948
"2019-03-04 10:03:00",0,38.59,0.048,0,0,0,0,0,0,0,86,0,-2.09
"2019-03-04 10:04:00",0,39.15,0.048,0,0,0,0,0,0,0,87,0.011,-2.412
"2019-03-04 10:05:00",0,40.36,0.048,0,0,0,0,0,0,0,85.3,0,-2.37
"2019-03-04 10:06:00",0,40.74,0.049,0,0,0,0,0,0,0,40.63,0.011,-2.188
"2019-03-04 10:07:00",0,40.55,0.049,0,0,0,0,0,0,0,58.31,0,-2.094
"2019-03-04 10:08:00",0,40.63,0.048,0,0,0,0,0,0,0,126.7,0.011,-2.482
"2019-03-04 10:09:00",0,40.62,0.048,0,0,0,0,0,0,0,126.8,0.011,-2.261
"2019-03-04 10:10:00",0,41.28,0.049,0,0,0,0,0,0,0,127.7,0,-2.027
"2019-03-04 10:11:00",0,41.31,0.049,0,0,0,0,0,0,0,128,0,-2.162
"2019-03-04 10:12:00",0,41.91,0.049,0,0,0,0,0,0,0,128.2,0,-2.198
"2019-03-04 10:13:00",0,43.02,0.05,0,0,0,0,0,0,0,128,0.011,-2.433
"2019-03-04 10:14:00",0,44.32,0.049,0,0,0,0,0,0,0,127.5,0,-2.364
"2019-03-04 10:15:00",0,44.8,0.05,0,0,0,0,0,0,0,127.8,0,-2.386
"2019-03-04 10:16:00",0,44.53,0.05,0,0,0,0,0,0,0,127.6,0,-2.185
"2019-03-04 10:17:00",0,43.74,0.05,0,0,0,0,0,0,0,127.6,0,-2.321
"2019-03-04 10:18:00",0,42.29,0.049,0,0,0,0,0,0,0,127.6,0,-2.003
"2019-03-04 10:19:00",0,42.91,0.049,0,0,0,0,0,0,0,127.5,0,-1.909
"2019-03-04 10:20:00",0,41.85,0.049,0,0,0,0,0,0,0,127.5,0.011,-2.3
"2019-03-04 10:21:00",0,41.24,0.05,0,0,0,0,0,0,0,127.2,0,-2.031
"2019-03-04 10:22:00",0,41.33,0.05,0,0,0,0,0,0,0,127.4,0,-1.966
"2019-03-04 10:23:00",0,40.8,0.05,0,0,0,0,0,0,0,127.1,0,-2.237
"2019-03-04 10:24:00",0,41.01,0.05,0,0,0,0,0,0,0,127.1,0.011,-2.214
"2019-03-04 10:25:00",0,40.86,0.05,0,0,0,0,0,0,0,126.9,0,-2.376
"2019-03-04 10:26:00",0,41.24,0.05,0,0,0,0,0,0,0,127.1,0,-1.897
"2019-03-04 10:27:00",0,42.28,0.05,0,0,0,0,0,0,0,215.2,0.023,-2.722
"2019-03-04 10:28:00",0,42.54,0.05,0,0,0,0,0,0,0,214.2,0.011,-2.392
"2019-03-04 10:29:00",0,42.9,0.05,0,0,0,0,0,0,0,213.9,0.011,-2.317
"2019-03-04 10:30:00",0,43.23,0.051,0,0,0,0,0,0,0,213.3,0,-2.099
"2019-03-04 10:31:00",0,42.29,0.051,0,0,0,0,0,0,0,213.5,0.011,-2.189
"2019-03-04 10:32:00",0,41.23,0.05,0,0,0,0,0,0,0,213.6,0,-2.111
"2019-03-04 10:33:00",0,41.69,0.05,0,0,0,0,0,0,0,213.1,0,-2.121
"2019-03-04 10:34:00",0,43.09,0.051,0,0,0,0,0,0,0,213.3,0,-2.365
"2019-03-04 10:35:00",0,43.86,0.052,0,0,0,0,0,0,0,212.6,0,-2.174
"2019-03-04 10:36:00",0,43.37,0.051,0,0,0,0,0,0,0,212.5,0,-2.361
"2019-03-04 10:37:00",0,42.87,0.051,0,0,0,0,0,0,0,212.3,0.011,-2.632
"2019-03-04 10:38:00",0,42.17,0.052,0,0,0,0,0,0,0,212.2,0.011,-2.436
"2019-03-04 10:39:00",0,41.59,0.052,0,0,0,0,0,0,0,211.3,0,-2.26
"2019-03-04 10:40:00",0,41.44,0.052,0,0,0,0,0,0,0,211.1,0,-2.27
"2019-03-04 10:41:00",0,41.31,0.051,0,0,0,0,0,0,0,210.5,0,-2.543
"2019-03-04 10:42:00",0,41.07,0.051,0,0,0,0,0,0,0,209.8,0.011,-2.102
"2019-03-04 10:43:00",0,41.04,0.051,0,0,0,0,0,0,0,209.2,0,-2.418
"2019-03-04 10:44:00",0,40.58,0.051,0,0,0,0,0,0,0,208.7,0,-2.216
"2019-03-04 10:45:00",0,40.06,0.051,0,0,0,0,0,0,0,208.3,0,-2.411
"2019-03-04 10:46:00",0,39.69,0.052,0,0,0,0,0,0,0,207.8,0,-2.084
"2019-03-04 10:47:00",0,39.24,0.052,0,0,0,0,0,0,0,191.7,0.011,-2.32
"2019-03-04 10:48:00",0,39,0.051,0,0,0,0,0,0,0,121.7,0,-2.396
"2019-03-04 10:49:00",0,38.91,0.052,0,0,0,0,0,0,0,121.3,0,-2.089
"2019-03-04 10:50:00",0,38.18,0.052,0,0,0,0,0,0,0,120.6,0,-2.424
"2019-03-04 10:51:00",0,38.08,0.052,0,0,0,0,0,0,0,120.2,0,-2.154
"2019-03-04 10:52:00",0,37.72,0.052,0,0,0,0,0,0,0,110.7,0,-2.254
"2019-03-04 10:53:00",0,37.74,0.052,0,0,0,0,0,0,0,40.32,0.011,-2.247
"2019-03-04 10:54:00",0,38.29,0.052,0,0,0,0,0,0,0,40.21,0.045,-2.348
"2019-03-04 10:55:00",0,37.71,0.052,0,0,0,0,0,0,0,40.06,0,-2.21
"2019-03-04 10:56:00",0,36.93,0.052,0,0,0,0,0,0,0,40.01,0.023,-2.062
"2019-03-04 10:57:00",0,37.85,0.053,0,0,0,0,0,0,0,40.05,0,-2.022
"2019-03-04 10:58:00",0,38.55,0.053,0,0,0,0,0,0,0,40.27,0,-2.36
"2019-03-04 10:59:00",0,38.76,0.052,0,0,0,0,0,0,0,40.05,0.011,-2.37
"2019-03-04 11:00:00",0,37.95,0.052,0,0,0,0,0,0,0,40,0,-2.332
"2019-03-04 11:01:00",0,37.74,0.052,0,0,0,0,0,0,0,39.99,0,-2.152
"2019-03-04 11:02:00",0,37.28,0.052,0,0,0,0,0,0,0,40.1,0,-2.576
"2019-03-04 11:03:00",0,37.36,0.052,0,0,0,0,0,0,0,40.11,0.011,-2.389
"2019-03-04 11:04:00",0,37.92,0.053,0,0,0,0,0,0,0,40.14,0,-2.265
"2019-03-04 11:05:00",0,38.16,0.053,0,0,0,0,0,0,0,40.17,0,-2.286
"2019-03-04 11:06:00",0,38.72,0.053,0,0,0,0,0,0,0,40.08,0.023,-2.203
"2019-03-04 11:07:00",0,39.65,0.052,0,0,0,0,0,0,0,40.19,0,-2.383
"2019-03-04 11:08:00",0,39.66,0.052,0,0,0,0,0,0,0,40.19,0.011,-2.392
"2019-03-04 11:09:00",0,40.7,0.052,0,0,0,0,0,0,0,40.07,0.011,-2.576
"2019-03-04 11:10:00",0,40.84,0.052,0,0,0,0,0,0,0,40.26,0.011,-2.238
"2019-03-04 11:11:00",0,40.48,0.053,0,0,0,0,0,0,0,40.25,0,-2.099
"2019-03-04 11:12:00",0,39.79,0.052,0,0,0,0,0,0,0,40.17,0,-2.064
"2019-03-04 11:13:00",0,39.64,0.053,0,0,0,0,0,0,0,40.38,0,-2.242
"2019-03-04 11:14:00",0,40.44,0.053,0,0,0,0,0,0,0,40.18,0.023,-2.395
"2019-03-04 11:15:00",0,40.39,0.053,0,0,0,0,0,0,0,40.28,0,-2.26
"2019-03-04 11:16:00",0,41.38,0.053,0,0,0,0,0,0,0,40.23,0,-2.253
"2019-03-04 11:17:00",0,42.09,0.053,0,0,0,0,0,0,0,40.11,0.011,-2.28
"2019-03-04 11:18:00",0,42.13,0.053,0,0,0,0,0,0,0,40.08,0.011,-2.522
"2019-03-04 11:19:00",0,42.16,0.053,0,0,0,0,0,0,0,40.05,0.011,-2.274
"2019-03-04 11:20:00",0,42.09,0.054,0,0,0,0,0,0,0,40.26,0,-2.194
"2019-03-04 11:21:00",0,41.47,0.054,0,0,0,0,0,0,0,40.31,0,-2.157
"2019-03-04 11:22:00",0,41.31,0.054,0,0,0,0,0,0,0,40.06,0.023,-2.643
"2019-03-04 11:23:00",0,41.59,0.053,0,0,0,0,0,0,0,39.97,0,-2.479
"2019-03-04 11:24:00",0,42.19,0.054,0,0,0,0,0,0,0,40.23,0,-2.313
"2019-03-04 11:25:00",0,43.82,0.054,0,0,0,0,0,0,0,40.14,0.034,-2.311
"2019-03-04 11:26:00",0,45.63,0.053,0,0,0,0,0,0,0,40.18,0,-2.37
"2019-03-04 11:27:00",0,45.01,0.053,0,0,0,0,0,0,0,40.06,0.011,-2.541
"2019-03-04 11:28:00",0,44.03,0.053,0,0,0,0,0,0,0,40.19,0.011,-2.337
"2019-03-04 11:29:00",0,44.12,0.054,0,0,0,0,0,0,0,40.03,0,-2.27
"2019-03-04 11:30:00",0,43.93,0.054,0,0,0,0,0,0,0,39.93,0.011,-2.319
"2019-03-04 11:31:00",0,44.2,0.054,0,0,0,0,0,0,0,40.01,0.011,-2.098
"2019-03-04 11:32:00",0,46.14,0.054,0,0,0,0,0,0,0,39.98,0,-2.27
"2019-03-04 11:33:00",0,45.88,0.054,0,0,0,0,0,0,0,40.06,0.023,-2.384
"2019-03-04 11:34:00",0,46.44,0.054,0,0,0,0,0,0,0,39.99,0.011,-2.258
"2019-03-04 11:35:00",0,47.01,0.054,0,0,0,0,0,0,0,40.03,0.011,-2.317
"2019-03-04 11:36:00",0,46.44,0.054,0,0,0,0,0,0,0,39.87,0,-2.409
"2019-03-04 11:37:00",0,45.92,0.054,0,0,0,0,0,0,0,39.93,0,-2.035
"2019-03-04 11:38:00",0,45.09,0.055,0,0,0,0,0,0,0,39.96,0.011,-2.064
"2019-03-04 11:39:00",0,43.94,0.054,0,0,0,0,0,0,0,39.94,0,-2.215
"2019-03-04 11:40:00",0,42.97,0.054,0,0,0,0,0,0,0,39.81,0,-2.124
"2019-03-04 11:41:00",0,42.12,0.054,0,0,0,0,0,0,0,39.86,0,-2.194
"2019-03-04 11:42:00",0,42.12,0.055,0,0,0,0,0,0,0,39.99,0.011,-2.222
"2019-03-04 11:43:00",0,41.48,0.055,0,0,0,0,0,0,0,40.04,0,-2.251
"2019-03-04 11:44:00",0,40.76,0.055,0,0,0,0,0,0,0,39.97,0,-2.123
"2019-03-04 11:45:00",0,40.95,0.055,0,0,0,0,0,0,0,39.96,0.034,-2.296
"2019-03-04 11:46:00",0,41.45,0.055,0,0,0,0,0,0,0,40.08,0,-2.129
"2019-03-04 11:47:00",0,41.33,0.055,0,0,0,0,0,0,0,40.08,0.011,-2.367
"2019-03-04 11:48:00",0,41.21,0.055,0,0,0,0,0,0,0,40.04,0.023,-1.963
"2019-03-04 11:49:00",0,41.11,0.055,0,0,0,0,0,0,0,40.07,0,-2.251
"2019-03-04 11:50:00",0,41.45,0.055,0,0,0,0,0,0,0,40.11,0.011,-2.371
"2019-03-04 11:51:00",0,41.34,0.056,0,0,0,0,0,0,0,40.1,0,-2.404
"2019-03-04 11:52:00",0,40.84,0.055,0,0,0,0,0,0,0,40.14,0,-1.966
"2019-03-04 11:53:00",0,41.77,0.055,0,0,0,0,0,0,0,39.98,0,-2.284
"2019-03-04 11:54:00",0,42.21,0.056,0,0,0,0,0,0,0,39.92,0,-2.278
"2019-03-04 11:55:00",0,41.59,0.056,0,0,0,0,0,0,0,40.06,0,-2.27
"2019-03-04 11:56:00",0,42.79,0.056,0,0,0,0,0,0,0,47.1,0,-2.294
"2019-03-04 11:57:00",0,44.64,0.056,0,0,0,0,0,0,0,53.06,0,-2.414
"2019-03-04 11:58:00",0,44.5,0.056,0,0,0,0,0,0,0,52.74,0,-2.156
"2019-03-04 11:59:00",0,44.05,0.055,0,0,0,0,0,0,0,52.59,0,-2.34
"2019-03-04 12:00:00",0,43.69,0.055,0,0,0,0,0,0,0,51.75,0.011,-2.292
"2019-03-04 12:01:00",0,43.24,0.056,0,0,0,0,0,0,0,39.92,0.045,-2.344
"2019-03-04 12:02:00",0,45.02,0.056,0,0,0,0,0,0,0,39.93,0.011,-2.691
"2019-03-04 12:03:00",0,44.65,0.056,0,0,0,0,0,0,0,39.84,0,-2.441
"2019-03-04 12:04:00",0,44.9,0.055,0,0,0,0,0,0,0,39.93,0,-2.345
"2019-03-04 12:05:00",0,45.05,0.056,0,0,0,0,0,0,0,39.96,0,-2.258
"2019-03-04 12:06:00",0,43.95,0.055,0,0,0,0,0,0,0,39.93,0.011,-2.252
"2019-03-04 12:07:00",0,46.02,0.056,0,0,0,0,0,0,0,41.74,0,-2.282
"2019-03-04 12:08:00",0,49.08,0.056,0,0,0,0,0,0,0,69.64,0.023,-2.249
"2019-03-04 12:09:00",0,51.23,0.055,0,0,0,0,0,0,0,69.55,0.011,-2.332
"2019-03-04 12:10:00",0,52.75,0.056,0,0,0,0,0,0,0,159.5,0,-2.287
"2019-03-04 12:11:00",0,52.6,0.056,0,0,0,0,0,0,0,159.3,0.011,-2.245
"2019-03-04 12:12:00",0,52.8,0.056,0,0,0,0,0,0,0,158.5,0,-2.068
"2019-03-04 12:13:00",0,53.11,0.056,0,0,0,0,0,0,0,158.3,0.011,-2.142
"2019-03-04 12:14:00",0,54.75,0.056,0,0,0,0,0,0,0,158.1,0,-2
"2019-03-04 12:15:00",0,55.7,0.056,0,0,0,0,0,0,0,157.8,0,-2.421
"2019-03-04 12:16:00",0,54.85,0.056,0,0,0,0,0,0,0,158.1,0,-2.225
"2019-03-04 12:17:00",0,53.97,0.057,0,0,0,0,0,0,0,157.2,0,-2.097
"2019-03-04 12:18:00",0,52.95,0.056,0,0,0,0,0,0,0,157.3,0,-2.225
"2019-03-04 12:19:00",0,53.78,0.056,0,0,0,0,0,0,0,156.9,0,-2.177
"2019-03-04 12:20:00",0,55.04,0.056,0,0,0,0,0,0,0,156.7,0,-2.306
"2019-03-04 12:21:00",0,56.42,0.056,0,0,0,0,0,0,0,156.2,0,-2.253
"2019-03-04 12:22:00",0,55.49,0.057,0,0,0,0,0,0,0,155.9,0.011,-2.4
"2019-03-04 12:23:00",0,53.7,0.057,0,0,0,0,0,0,0,155.6,0,-2.249
"2019-03-04 12:24:00",0,53.04,0.057,0,0,0,0,0,0,0,155.2,0,-2.204
"2019-03-04 12:25:00",0,55.24,0.057,0,0,0,0,0,0,0,154.3,0.023,-2.289
"2019-03-04 12:26:00",0,55.86,0.057,0,0,0,0,0,0,0,153.8,0,-2.313
"2019-03-04 12:27:00",0,58.19,0.057,0,0,0,0,0,0,0,153.3,0,-2.338
"2019-03-04 12:28:00",0,57.61,0.057,0,0,0,0,0,0,0,152.9,0,-2.221
"2019-03-04 12:29:00",0,55.67,0.057,0,0,0,0,0,0,0,152.6,0,-2.235
"2019-03-04 12:30:00",0,53.02,0.057,0,0,0,0,0,0,0,151.9,0,-2.276
"2019-03-04 12:31:00",0,52.3,0.057,0,0,0,0,0,0,0,150.9,0,-2.61
"2019-03-04 12:32:00",0,50.76,0.057,0,0,0,0,0,0,0,150.3,0,-2.232
"2019-03-04 12:33:00",0,50.53,0.057,0,0,0,0,0,0,0,149.6,0.023,-2.333
"2019-03-04 12:34:00",0,50.26,0.057,0,0,0,0,0,0,0,149.3,0,-2.252
"2019-03-04 12:35:00",0,49.45,0.057,0,0,0,0,0,0,0,149,0.023,-2.253
"2019-03-04 12:36:00",0,46.4,0.058,0,0,0,0,0,0,0,87.1,0,-2.34
"2019-03-04 12:37:00",0,47.19,0.058,0,0,0,0,0,0,0,69.83,0.034,-2.455
"2019-03-04 12:38:00",0,49.11,0.057,0,0,0,0,0,0,0,70.05,0,-2.211
"2019-03-04 12:39:00",0,49.57,0.057,0,0,0,0,0,0,0,70.06,0,-2.28
"2019-03-04 12:40:00",0,50.28,0.057,0,0,0,0,0,0,0,69.84,0.011,-2.25
"2019-03-04 12:41:00",0,51.93,0.058,0,0,0,0,0,0,0,69.86,0.011,-2.449
"2019-03-04 12:42:00",0,52.8,0.058,0,0,0,0,0,0,0,69.85,0.011,-2.278
"2019-03-04 12:43:00",0,52.67,0.057,0,0,0,0,0,0,0,69.83,0,-2.108
"2019-03-04 12:44:00",0,50.27,0.058,0,0,0,0,0,0,0,69.65,0.011,-2.334
"2019-03-04 12:45:00",0,49.26,0.058,0,0,0,0,0,0,0,69.3,0,-2.076
"2019-03-04 12:46:00",0,47.66,0.057,0,0,0,0,0,0,0,68.36,0,-2.35
"2019-03-04 12:47:00",0,47.95,0.058,0,0,0,0,0,0,0,69.78,0,-2.211
"2019-03-04 12:48:00",0,45.8,0.058,0,0,0,0,0,0,0,69.66,0,-2.244
"2019-03-04 12:49:00",0,45.77,0.058,0,0,0,0,0,0,0,69.6,0.011,-2.266
"2019-03-04 12:50:00",0,44.92,0.058,0,0,0,0,0,0,0,69.77,0.023,-2.223
"2019-03-04 12:51:00",0,44.17,0.058,0,0,0,0,0,0,0,69.94,0.023,-2.294
"2019-03-04 12:52:00",0,43.41,0.058,0,0,0,0,0,0,0,70.03,0,-2.354
"2019-03-04 12:53:00",0,42.67,0.058,0,0,0,0,0,0,0,115.6,0.023,-2.231
"2019-03-04 12:54:00",0,42.13,0.058,0,0,0,0,0,0,0,155.1,0.034,-2.616
"2019-03-04 12:55:00",0,40.09,0.058,0,0,0,0,0,0,0,156.9,0.011,-2.366
"2019-03-04 12:56:00",0,39.34,0.058,0,0,0,0,0,0,0,156.9,0.023,-2.311
"2019-03-04 12:57:00",0,38.19,0.058,0,0,0,0,0,0,0,157.4,0,-2.462
"2019-03-04 12:58:00",0,38.26,0.058,0,0,0,0,0,0,0,157.2,0.011,-2.4
"2019-03-04 12:59:00",0,37.76,0.058,0,0,0,0,0,0,0,129.7,0,-2.342
"2019-03-04 13:00:00",0,37.36,0.057,0,0,0,0,0,0,0,128.1,0,-2.49
"2019-03-04 13:01:00",0,38,0.057,0,0,0,0,0,0,0,128.2,0,-2.22
"2019-03-04 13:02:00",0,38.58,0.057,0,0,0,0,0,0,0,128.1,0.034,-2.332
"2019-03-04 13:03:00",0,38.66,0.057,0,0,0,0,0,0,0,127.8,0,-2.278
"2019-03-04 13:04:00",0,39.09,0.057,0,0,0,0,0,0,0,127.4,0,-2.278
"2019-03-04 13:05:00",0,39.71,0.056,0,0,0,0,0,0,0,127.5,0,-2.306
"2019-03-04 13:06:00",0,39.8,0.056,0,0,0,0,0,0,0,127.4,0,-2.333
"2019-03-04 13:07:00",0,40.22,0.056,0,0,0,0,0,0,0,127.2,0.011,-2.267
"2019-03-04 13:08:00",0,41.06,0.056,0,0,0,0,0,0,0,127.2,0,-2.005
"2019-03-04 13:09:00",0,43.37,0.056,0,0,0,0,0,0,0,127.4,0,-2.101
"2019-03-04 13:10:00",0,46.36,0.056,0,0,0,0,0,0,0,127.1,0,-2.207
"2019-03-04 13:11:00",0,48.33,0.056,0,0,0,0,0,0,0,127.5,0,-2.215
"2019-03-04 13:12:00",0,50,0.055,0,0,0,0,0,0,0,127.4,0,-2.27
"2019-03-04 13:13:00",0,53.88,0.055,0,0,0,0,0,0,0,127.4,0.011,-2.23
"2019-03-04 13:14:00",0,55.15,0.055,0,0,0,0,0,0,0,127.6,0,-2.165
"2019-03-04 13:15:00",0,56.42,0.055,0,0,0,0,0,0,0,127.2,0,-2.279
"2019-03-04 13:16:00",0,56.28,0.055,0,0,0,0,0,0,0,127.3,0,-2.441
"2019-03-04 13:17:00",0,57.62,0.055,0,0,0,0,0,0,0,127.4,0,-2.392
"2019-03-04 13:18:00",0,57.36,0.055,0,0,0,0,0,0,0,127.4,0,-2.387
"2019-03-04 13:19:00",0,57.18,0.055,0,0,0,0,0,0,0,127.4,0,-2.244
"2019-03-04 13:20:00",0,56.94,0.055,0,0,0,0,0,0,0,127.6,0,-2.292
"2019-03-04 13:21:00",0,54.74,0.055,0,0,0,0,0,0,0,127.7,0,-2.203
"2019-03-04 13:22:00",0,54.57,0.054,0,0,0,0,0,0,0,127.2,0,-2.23
"2019-03-04 13:23:00",0,53.91,0.054,0,0,0,0,0,0,0,126.9,0,-2.295
"2019-03-04 13:24:00",0,51.64,0.054,0,0,0,0,0,0,0,127,0,-2.392
"2019-03-04 13:25:00",0,49.89,0.054,0,0,0,0,0,0,0,127.3,0,-2.186
"2019-03-04 13:26:00",0,47.38,0.054,0,0,0,0,0,0,0,127,0,-2.106
"2019-03-04 13:27:00",0,45.97,0.054,0,0,0,0,0,0,0,126.8,0,-2.217
"2019-03-04 13:28:00",0,45.22,0.053,0,0,0,0,0,0,0,126.9,0,-2.478
"2019-03-04 13:29:00",0,43.94,0.054,0,0,0,0,0,0,0,127,0,-2.458
"2019-03-04 13:30:00",0,43.41,0.054,0,0,0,0,0,0,0,127,0,-2.24
"2019-03-04 13:31:00",0,43.65,0.053,0,0,0,0,0,0,0,126.9,0,-2.348
"2019-03-04 13:32:00",0,42.52,0.053,0,0,0,0,0,0,0,72.03,0,-2.565
"2019-03-04 13:33:00",0,40.97,0.053,0,0,0,0,0,0,0,40.1,0,-2.077
"2019-03-04 13:34:00",0,41.22,0.053,0,0,0,0,0,0,0,40.12,0,-2.588
"2019-03-04 13:35:00",0,40.88,0.052,0,0,0,0,0,0,0,40.18,0.011,-2.498
"2019-03-04 13:36:00",0,41.22,0.052,0,0,0,0,0,0,0,40.1,0,-2.185
"2019-03-04 13:37:00",0,41.19,0.052,0,0,0,0,0,0,0,40.01,0,-2.399
"2019-03-04 13:38:00",0,40.48,0.052,0,0,0,0,0,0,0,40.06,0,-2.098
"2019-03-04 13:39:00",0,40.29,0.052,0,0,0,0,0,0,0,39.89,0,-2.161
"2019-03-04 13:40:00",0,40.47,0.052,0,0,0,0,0,0,0,40.06,0,-2.534
"2019-03-04 13:41:00",0,40.19,0.052,0,0,0,0,0,0,0,40.29,0,-2.488
"2019-03-04 13:42:00",0,40.46,0.052,0,0,0,0,0,0,0,40.11,0,-2.182
"2019-03-04 13:43:00",0,40.82,0.051,0,0,0,0,0,0,0,40.07,0,-2.136
"2019-03-04 13:44:00",0,41.69,0.051,0,0,0,0,0,0,0,39.99,0,-2.345
"2019-03-04 13:45:00",0,42.14,0.052,0,0,0,0,0,0,0,40.08,0,-2.211
"2019-03-04 13:46:00",0,42.13,0.051,0,0,0,0,0,0,0,39.84,0,-2.271
"2019-03-04 13:47:00",0,42.29,0.051,0,0,0,0,0,0,0,40.06,0,-2.532
"2019-03-04 13:48:00",0,42.5,0.051,0,0,0,0,0,0,0,39.96,0.011,-2.486
"2019-03-04 13:49:00",0,42.37,0.051,0,0,0,0,0,0,0,39.87,0,-2.233
"2019-03-04 13:50:00",0,41.89,0.052,0,0,0,0,0,0,0,40.05,0,-2.438
"2019-03-04 13:51:00",0,41.28,0.051,0,0,0,0,0,0,0,39.97,0,-2.179
"2019-03-04 13:52:00",0,40.25,0.051,0,0,0,0,0,0,0,40.06,0,-2.157
"2019-03-04 13:53:00",0,39.82,0.052,0,0,0,0,0,0,0,133.7,0,-2.305
"2019-03-04 13:54:00",0,40.11,0.051,0,0,0,0,0,0,0,129.5,0,-2.365
"2019-03-04 13:55:00",0,39.43,0.051,0,0,0,0,0,0,0,128.9,0,-2.287
"2019-03-04 13:56:00",0,37.83,0.051,0,0,0,0,0,0,0,132.1,0,-2.236
"2019-03-04 13:57:00",0,37.67,0.051,0,0,0,0,0,0,0,132.9,0,-2.179
"2019-03-04 13:58:00",0,37.37,0.051,0,0,0,0,0,0,0,132.8,0.011,-2.25
"2019-03-04 13:59:00",0,37.44,0.05,0,0,0,0,0,0,0,132.9,0,-2.207
"2019-03-04 14:00:00",0,37.22,0.051,0,0,0,0,0,0,0,133.5,0.011,-2.201
"2019-03-04 14:01:00",0,37.54,0.051,0,0,0,0,0,0,0,133.3,0.011,-2.337
"2019-03-04 14:02:00",0,37.63,0.05,0,0,0,0,0,0,0,132.8,0,-2.441
"2019-03-04 14:03:00",0,37.03,0.052,0,0,0,0,0,0,0,132.3,0.011,-2.338
"2019-03-04 14:04:00",0,36.84,0.051,0,0,0,0,0,0,0,132,0,-2.306
"2019-03-04 14:05:00",0,36.62,0.051,0,0,0,0,0,0,0,131.5,0,-2.267
"2019-03-04 14:06:00",0,37.01,0.051,0,0,0,0,0,0,0,131,0.023,-2.296
"2019-03-04 14:07:00",0,37.1,0.051,0,0,0,0,0,0,0,130.4,0,-2.239
"2019-03-04 14:08:00",0,37.2,0.052,0,0,0,0,0,0,0,130.3,0,-2.291
"2019-03-04 14:09:00",0,37.28,0.052,0,0,0,0,0,0,0,130.4,0,-2.284
"2019-03-04 14:10:00",0,37.26,0.052,0,0,0,0,0,0,0,130.2,0,-2.198
"2019-03-04 14:11:00",0,37.42,0.052,0,0,0,0,0,0,0,146.1,0,-2.265
"2019-03-04 14:12:00",0,37.07,0.052,0,0,0,0,0,0,0,153.8,0,-2.013
"2019-03-04 14:13:00",0,37.34,0.051,0,0,0,0,0,0,0,153,0,-2.262
"2019-03-04 14:14:00",0,37.48,0.051,0,0,0,0,0,0,0,152.1,0,-1.994
"2019-03-04 14:15:00",0,37.99,0.052,0,0,0,0,0,0,0,151,0,-2.135
"2019-03-04 14:16:00",0,37.58,0.052,0,0,0,0,0,0,0,151.4,0,-1.943
"2019-03-04 14:17:00",0,37.17,0.052,0,0,0,0,0,0,0,151.1,0,-2.302
"2019-03-04 14:18:00",0,37.31,0.052,0,0,0,0,0,0,0,150.4,0,-1.948
"2019-03-04 14:19:00",0,37.7,0.052,0,0,0,0,0,0,0,149.6,0,-2.47
"2019-03-04 14:20:00",0,38.17,0.052,0,0,0,0,0,0,0,149,0.023,-2.308
"2019-03-04 14:21:00",0,38.45,0.052,0,0,0,0,0,0,0,148.4,0,-2.299
"2019-03-04 14:22:00",0,38.96,0.052,0,0,0,0,0,0,0,148.1,0,-2.251
"2019-03-04 14:23:00",0,38.88,0.052,0,0,0,0,0,0,0,69.83,0,-2.228
"2019-03-04 14:24:00",0,39.19,0.052,0,0,0,0,0,0,0,69.73,0.011,-2.255
"2019-03-04 14:25:00",0,40.4,0.052,0,0,0,0,0,0,0,69.82,0,-2.365
"2019-03-04 14:26:00",0,40.95,0.052,0,0,0,0,0,0,0,69.32,0,-2.491
"2019-03-04 14:27:00",0,41.48,0.052,0,0,0,0,0,0,0,69.45,0,-2.257
"2019-03-04 14:28:00",0,41.74,0.052,0,0,0,0,0,0,0,69.52,0,-2.316
"2019-03-04 14:29:00",0,42.92,0.051,0,0,0,0,0,0,0,69.5,0,-2.294
"2019-03-04 14:30:00",0,43.81,0.052,0,0,0,0,0,0,0,69.29,0,-2.277
"2019-03-04 14:31:00",0,44.27,0.052,0,0,0,0,0,0,0,69.26,0,-2.217
"2019-03-04 14:32:00",0,44.2,0.051,0,0,0,0,0,0,0,69.23,0.023,-2.204
"2019-03-04 14:33:00",0,43.96,0.052,0,0,0,0,0,0,0,69.31,0,-2.316
"2019-03-04 14:34:00",0,43.88,0.052,0,0,0,0,0,0,0,69.43,0,-2.106
"2019-03-04 14:35:00",0,43.68,0.051,0,0,0,0,0,0,0,69.45,0,-2.513
"2019-03-04 14:36:00",0,43.56,0.052,0,0,0,0,0,0,0,69.49,0,-2.437
"2019-03-04 14:37:00",0,43.43,0.051,0,0,0,0,0,0,0,69.44,0.034,-2.16
"2019-03-04 14:38:00",0,43.68,0.052,0,0,0,0,0,0,0,69.24,0.011,-2.257
"2019-03-04 14:39:00",0,43.42,0.052,0,0,0,0,0,0,0,69.22,0.011,-2.189
"2019-03-04 14:40:00",0,43.54,0.052,0,0,0,0,0,0,0,69.32,0.011,-2.314
"2019-03-04 14:41:00",0,44.1,0.052,0,0,0,0,0,0,0,69.42,0.034,-2.664
"2019-03-04 14:42:00",0,44.28,0.052,0,0,0,0,0,0,0,69.29,0.023,-2.115
"2019-03-04 14:43:00",0,43.36,0.052,0,0,0,0,0,0,0,69.46,0,-2.44
"2019-03-04 14:44:00",0,43.85,0.052,0,0,0,0,0,0,0,69.49,0,-2.252
"2019-03-04 14:45:00",0,44.39,0.052,0,0,0,0,0,0,0,69.38,0.023,-2.248
"2019-03-04 14:46:00",0,44.64,0.052,0,0,0,0,0,0,0,69.38,0.023,-2.321
"2019-03-04 14:47:00",0,45.12,0.052,0,0,0,0,0,0,0,69.18,0.011,-2.329
"2019-03-04 14:48:00",0,45.22,0.052,0,0,0,0,0,0,0,69.39,0,-2.296
"2019-03-04 14:49:00",0,45.05,0.052,0,0,0,0,0,0,0,69.75,0,-2.251
"2019-03-04 14:50:00",0,45.32,0.052,0,0,0,0,0,0,0,69.52,0,-2.237
"2019-03-04 14:51:00",0,45.59,0.052,0,0,0,0,0,0,0,69.31,0,-2.223
"2019-03-04 14:52:00",0,45.3,0.052,0,0,0,0,0,0,0,69.45,0.011,-2.593
"2019-03-04 14:53:00",0,44.84,0.053,0,0,0,0,0,0,0,69.21,0.023,-2.105
"2019-03-04 14:54:00",0,44.36,0.052,0,0,0,0,0,0,0,69.31,0.011,-2.181
"2019-03-04 14:55:00",0,43.45,0.052,0,0,0,0,0,0,0,69.05,0,-2.199
"2019-03-04 14:56:00",0,42.11,0.053,0,0,0,0,0,0,0,69.33,0,-2.24
"2019-03-04 14:57:00",0,40.41,0.052,0,0,0,0,0,0,0,69.21,0.023,-2.416
"2019-03-04 14:58:00",0,39.31,0.052,0,0,0,0,0,0,0,69.29,0.011,-2.354
"2019-03-04 14:59:00",0,38.11,0.052,0,0,0,0,0,0,0,69.08,0.011,-2.264
"2019-03-04 15:00:00",0,37.51,0.052,0,0,0,0,0,0,0,68.9,0.011,-2.246
"2019-03-04 15:01:00",0,36.6,0.053,0,0,0,0,0,0,0,69.22,0,-2.253
"2019-03-04 15:02:00",0,35.76,0.052,0,0,0,0,0,0,0,69.01,0.011,-2.461
"2019-03-04 15:03:00",0,35.55,0.053,0,0,0,0,0,0,0,69.39,0.011,-2.086
"2019-03-04 15:04:00",0,35.35,0.053,0,0,0,0,0,0,0,69.37,0,-2.212
"2019-03-04 15:05:00",0,34.67,0.053,0,0,0,0,0,0,0,69.2,0.08,-2.502
"2019-03-04 15:06:00",0,34.16,0.052,0,0,0,0,0,0,0,69.53,0.011,-2.056
"2019-03-04 15:07:00",0,32.39,0.052,0,0,0,0,0,0,0,70.05,0.034,-2.281
"2019-03-04 15:08:00",0,30.19,0.052,0,0,0,0,0,0,0,67.81,0,-2.053
"2019-03-04 15:09:00",0,28.57,0.052,0,0,0,0,0,0,0,64.69,0,-2.237
"2019-03-04 15:10:00",0,27.84,0.052,0,0,0,0,0,0,0,64.4,0,-2.235
"2019-03-04 15:11:00",0,27.68,0.053,0,0,0,0,0,0,0,64.54,0,-2.318
"2019-03-04 15:12:00",0,27.78,0.053,0,0,0,0,0,0,0,65.23,0.011,-2.388
"2019-03-04 15:13:00",0,28.12,0.053,0,0,0,0,0,0,0,67.22,0.011,-2.207
"2019-03-04 15:14:00",0,28.76,0.053,0,0,0,0,0,0,0,69,0.011,-2.573
"2019-03-04 15:15:00",0,27.94,0.054,0,0,0,0,0,0,0,70,0,-2.175
"2019-03-04 15:16:00",0,27.86,0.054,0,0,0,0,0,0,0,69.73,0,-2.304
"2019-03-04 15:17:00",0,27.88,0.054,0,0,0,0,0,0,0,70.64,0.011,-2.218
"2019-03-04 15:18:00",0,27.8,0.055,0,0,0,0,0,0,0,70.49,0.011,-2.287
"2019-03-04 15:19:00",0,27.99,0.055,0,0,0,0,0,0,0,70.12,0,-2.203
"2019-03-04 15:20:00",0,28.24,0.056,0,0,0,0,0,0,0,70.2,0.011,-2.254
"2019-03-04 15:21:00",0,28.33,0.055,0,0,0,0,0,0,0,70.04,0,-2.45
"2019-03-04 15:22:00",0,28.37,0.054,0,0,0,0,0,0,0,69.85,0,-2.375
"2019-03-04 15:23:00",0,28.44,0.055,0,0,0,0,0,0,0,69.42,0,-1.94
"2019-03-04 15:24:00",0,28.71,0.056,0,0,0,0,0,0,0,69.59,0,-2.266
"2019-03-04 15:25:00",0,28.72,0.055,0,0,0,0,0,0,0,69.85,0.011,-2.399
"2019-03-04 15:26:00",0,28.79,0.055,0,0,0,0,0,0,0,69.7,0,-2.33
"2019-03-04 15:27:00",0,28.75,0.055,0,0,0,0,0,0,0,69.81,0,-2.283
"2019-03-04 15:28:00",0,29.04,0.056,0,0,0,0,0,0,0,70.06,0,-2.272
"2019-03-04 15:29:00",0,29.09,0.055,0,0,0,0,0,0,0,70.03,0,-2.447
"2019-03-04 15:30:00",0,29.19,0.055,0,0,0,0,0,0,0,69.9,0.011,-2.224
"2019-03-04 15:31:00",0,29.48,0.055,0,0,0,0,0,0,0,69.81,0.011,-2.635
"2019-03-04 15:32:00",0,29.35,0.055,0,0,0,0,0,0,0,69.71,0,-2.237
"2019-03-04 15:33:00",0,29.37,0.055,0,0,0,0,0,0,0,69.42,0.011,-2.211
"2019-03-04 15:34:00",0,29.49,0.055,0,0,0,0,0,0,0,131.5,0.023,-2.194
"2019-03-04 15:35:00",0,29.33,0.055,0,0,0,0,0,0,0,159.6,0.011,-2.016
"2019-03-04 15:36:00",0,29.12,0.055,0,0,0,0,0,0,0,159.1,0,-2.22
"2019-03-04 15:37:00",0,28.6,0.056,0,0,0,0,0,0,0,158.9,0,-2.358
"2019-03-04 15:38:00",0,28.54,0.056,0,0,0,0,0,0,0,159.1,0,-2.344
"2019-03-04 15:39:00",0,28.32,0.056,0,0,0,0,0,0,0,159.3,0,-2.325
"2019-03-04 15:40:00",0,28.36,0.056,0,0,0,0,0,0,0,158.5,0,-2.146
"2019-03-04 15:41:00",0,28.43,0.056,0,0,0,0,0,0,0,158.6,0,-2.275
"2019-03-04 15:42:00",0,28.51,0.056,0,0,0,0,0,0,0,158.7,0.011,-2.264
"2019-03-04 15:43:00",0,28.51,0.056,0,0,0,0,0,0,0,158.3,0,-1.984
"2019-03-04 15:44:00",0,28.79,0.056,0,0,0,0,0,0,0,157.7,0,-2.098
"2019-03-04 15:45:00",0,29,0.056,0,0,0,0,0,0,0,157.3,0,-2.247
"2019-03-04 15:46:00",0,29.29,0.056,0,0,0,0,0,0,0,156.6,0.011,-2.344
"2019-03-04 15:47:00",0,29.56,0.056,0,0,0,0,0,0,0,156.5,0,-2.028
"2019-03-04 15:48:00",0,29.86,0.056,0,0,0,0,0,0,0,156.2,0,-2.162
"2019-03-04 15:49:00",0,30.12,0.056,0,0,0,0,0,0,0,155.2,0.011,-2.642
"2019-03-04 15:50:00",0,30.54,0.056,0,0,0,0,0,0,0,154.7,0.011,-2.233
"2019-03-04 15:51:00",0,30.8,0.056,0,0,0,0,0,0,0,154,0,-2.369
"2019-03-04 15:52:00",0,31.13,0.056,0,0,0,0,0,0,0,153.6,0.023,-2.187
"2019-03-04 15:53:00",0,31.66,0.056,0,0,0,0,0,0,0,153.1,0,-2.303
"2019-03-04 15:54:00",0,32.06,0.057,0,0,0,0,0,0,0,152.5,0.034,-2.278
"2019-03-04 15:55:00",0,32.63,0.056,0,0,0,0,0,0,0,151.4,0,-1.873
"2019-03-04 15:56:00",0,33.35,0.056,0,0,0,0,0,0,0,150.7,0.011,-2.199
"2019-03-04 15:57:00",0,33.78,0.057,0,0,0,0,0,0,0,150.5,0,-2.113
"2019-03-04 15:58:00",0,34.08,0.056,0,0,0,0,0,0,0,150.2,0,-2.093
"2019-03-04 15:59:00",0,34.35,0.056,0,0,0,0,0,0,0,149.8,0,-2.229
"2019-03-04 16:00:00",0,34.56,0.056,0,0,0,0,0,0,0,149.2,0.011,-2.359
"2019-03-04 16:01:00",0,34.59,0.057,0,0,0,0,0,0,0,149,0.023,-2.315
"2019-03-04 16:02:00",0,34.57,0.056,0,0,0,0,0,0,0,77.88,0,-2.308
"2019-03-04 16:03:00",0,34.55,0.056,0,0,0,0,0,0,0,69.89,0,-2.148
"2019-03-04 16:04:00",0,34.48,0.056,0,0,0,0,0,0,0,69.59,0.011,-2.175
"2019-03-04 16:05:00",0,34.35,0.057,0,0,0,0,0,0,0,69.76,0.011,-2.288
"2019-03-04 16:06:00",0,34.43,0.056,0,0,0,0,0,0,0,69.86,0,-2.152
"2019-03-04 16:07:00",0,34.49,0.056,0,0,0,0,0,0,0,69.76,0.011,-2.238
"2019-03-04 16:08:00",0,34.29,0.056,0,0,0,0,0,0,0,69.66,0,-2.463
"2019-03-04 16:09:00",0,34.86,0.057,0,0,0,0,0,0,0,69.53,0,-1.969
"2019-03-04 16:10:00",0,36.2,0.057,0,0,0,0,0,0,0,91.2,0,-2.307
"2019-03-04 16:11:00",0,37.24,0.057,0,0,0,0,0,0,0,155,0.011,-2.297
"2019-03-04 16:12:00",0,38.13,0.056,0,0,0,0,0,0,0,155.8,0,-2.453
"2019-03-04 16:13:00",0,39.17,0.057,0,0,0,0,0,0,0,157.3,0.011,-2.347
"2019-03-04 16:14:00",0,40.67,0.057,0,0,0,0,0,0,0,157.4,0,-2.181
"2019-03-04 16:15:00",0,41.73,0.057,0,0,0,0,0,0,0,157.3,0,-2.23
"2019-03-04 16:16:00",0,43.35,0.057,0,0,0,0,0,0,0,157.4,0,-2.184
"2019-03-04 16:17:00",0,45.18,0.057,0,0,0,0,0,0,0,157.5,0.011,-2.232
"2019-03-04 16:18:00",0,46.31,0.057,0,0,0,0,0,0,0,157.4,0,-2.108
"2019-03-04 16:19:00",0,46.97,0.058,0,0,0,0,0,0,0,157.3,0.023,-2.34
"2019-03-04 16:20:00",0,48.54,0.057,0,0,0,0,0,0,0,157.3,0,-2.119
"2019-03-04 16:21:00",0,49.17,0.057,0,0,0,0,0,0,0,157.2,0.011,-2.34
"2019-03-04 16:22:00",0,50.19,0.058,0,0,0,0,0,0,0,156.6,0,-2.158
"2019-03-04 16:23:00",0,50.04,0.057,0,0,0,0,0,0,0,156.6,0,-2.239
"2019-03-04 16:24:00",0,50.62,0.057,0,0,0,0,0,0,0,156.7,0,-2.094
"2019-03-04 16:25:00",0,50.81,0.057,0,0,0,0,0,0,0,156.7,0,-2.181
"2019-03-04 16:26:00",0,51.06,0.058,0,0,0,0,0,0,0,156.4,0,-2.253
"2019-03-04 16:27:00",0,51.38,0.057,0,0,0,0,0,0,0,156.5,0,-2.463
"2019-03-04 16:28:00",0,50.54,0.058,0,0,0,0,0,0,0,156.3,0,-2.206
"2019-03-04 16:29:00",0,49.68,0.058,0,0,0,0,0,0,0,156.3,0,-2.158
"2019-03-04 16:30:00",0,48.1,0.058,0,0,0,0,0,0,0,156,0,-2.366
"2019-03-04 16:31:00",0,46.65,0.057,0,0,0,0,0,0,0,156.3,0,-2.263
"2019-03-04 16:32:00",0,45.87,0.058,0,0,0,0,0,0,0,156.5,0.011,-2.028
"2019-03-04 16:33:00",0,44.92,0.058,0,0,0,0,0,0,0,156.4,0,-2.345
"2019-03-04 16:34:00",0,44.13,0.059,0,0,0,0,0,0,0,156.3,0.011,-2.426
"2019-03-04 16:35:00",0,42.89,0.058,0,0,0,0,0,0,0,156.5,0.011,-2.353
"2019-03-04 16:36:00",0,42.17,0.058,0,0,0,0,0,0,0,156.4,0,-2.335
"2019-03-04 16:37:00",0,41.53,0.058,0,0,0,0,0,0,0,156.3,0,-2.288
"2019-03-04 16:38:00",0,40.99,0.058,0,0,0,0,0,0,0,156,0.011,-2.147
"2019-03-04 16:39:00",0,40.2,0.059,0,0,0,0,0,0,0,156,0.011,-2.101
"2019-03-04 16:40:00",0,39.94,0.059,0,0,0,0,0,0,0,155.8,0,-2.254
"2019-03-04 16:41:00",0,39.43,0.058,0,0,0,0,0,0,0,155.5,0.011,-2.374
"2019-03-04 16:42:00",0,38.89,0.058,0,0,0,0,0,0,0,155.6,0,-2.287
"2019-03-04 16:43:00",0,38.15,0.059,0,0,0,0,0,0,0,155.5,0,-2.202
"2019-03-04 16:44:00",0,37.73,0.059,0,0,0,0,0,0,0,155.8,0,-2.555
"2019-03-04 16:45:00",0,37.22,0.059,0,0,0,0,0,0,0,155.5,0.023,-2.249
"2019-03-04 16:46:00",0,37,0.058,0,0,0,0,0,0,0,155.3,0,-2.84
"2019-03-04 16:47:00",0,36.79,0.06,0,0,0,0,0,0,0,155.5,0.011,-2.402
"2019-03-04 16:48:00",0,36.45,0.059,0,0,0,0,0,0,0,155.6,0.011,-2.158
"2019-03-04 16:49:00",0,36.02,0.059,0,0,0,0,0,0,0,155.8,0,-2.287
"2019-03-04 16:50:00",0,35.71,0.058,0,0,0,0,0,0,0,155.8,0.011,-2.389
"2019-03-04 16:51:00",0,35.48,0.059,0,0,0,0,0,0,0,112.6,0,-2.235
"2019-03-04 16:52:00",0,34.97,0.059,0,0,0,0,0,0,0,69.2,0,-2.505
"2019-03-04 16:53:00",0,34.61,0.059,0,0,0,0,0,0,0,68.96,0,-2.08
"2019-03-04 16:54:00",0,34.3,0.059,0,0,0,0,0,0,0,69.08,0,-2.194
"2019-03-04 16:55:00",0,33.94,0.059,0,0,0,0,0,0,0,68.83,0.011,-2.316
"2019-03-04 16:56:00",0,33.46,0.06,0,0,0,0,0,0,0,69.13,0,-2.296
"2019-03-04 16:57:00",0,33.12,0.059,0,0,0,0,0,0,0,69.21,0,-1.999
"2019-03-04 16:58:00",0,32.55,0.059,0,0,0,0,0,0,0,69.16,0,-2.191
"2019-03-04 16:59:00",0,31.87,0.06,0,0,0,0,0,0,0,69.13,0,-2.533
"2019-03-04 17:00:00",0,31.38,0.06,0,0,0,0,0,0,0,69.31,0,-2.348
"2019-03-04 17:01:00",0,31.04,0.059,0,0,0,0,0,0,0,68.06,0.011,-2.522
"2019-03-04 17:02:00",0,30.72,0.06,0,0,0,0,0,0,0,69.2,0.011,-2.253
"2019-03-04 17:03:00",0,30.52,0.06,0,0,0,0,0,0,0,69.65,0,-2.258
"2019-03-04 17:04:00",0,30.28,0.06,0,0,0,0,0,0,0,69.92,0,-1.961
"2019-03-04 17:05:00",0,30.09,0.06,0,0,0,0,0,0,0,69.95,0,-2.36
"2019-03-04 17:06:00",0,29.95,0.06,0,0,0,0,0,0,0,69.22,0.011,-2.199
"2019-03-04 17:07:00",0,29.82,0.059,0,0,0,0,0,0,0,67.26,0,-2.589
"2019-03-04 17:08:00",0,29.72,0.059,0,0,0,0,0,0,0,65.04,0,-2.478
"2019-03-04 17:09:00",0,29.64,0.059,0,0,0,0,0,0,0,64.71,0,-2.39
"2019-03-04 17:10:00",0,29.54,0.06,0,0,0,0,0,0,0,65.16,0,-2.471
"2019-03-04 17:11:00",0,29.5,0.06,0,0,0,0,0,0,0,64.91,0,-2.21
"2019-03-04 17:12:00",0,29.46,0.059,0,0,0,0,0,0,0,64.91,0.011,-2.323
"2019-03-04 17:13:00",0,29.48,0.06,0,0,0,0,0,0,0,64.96,0,-2.19
"2019-03-04 17:14:00",0,29.42,0.06,0,0,0,0,0,0,0,65.24,0,-2.2
"2019-03-04 17:15:00",0,29.41,0.06,0,0,0,0,0,0,0,64.89,0,-2.261
"2019-03-04 17:16:00",0,29.34,0.06,0,0,0,0,0,0,0,64.71,0,-2.303
"2019-03-04 17:17:00",0,29.28,0.06,0,0,0,0,0,0,0,65.01,0,-2.29
"2019-03-04 17:18:00",0,29.25,0.06,0,0,0,0,0,0,0,157,0,-2.275
"2019-03-04 17:19:00",0,29.23,0.06,0,0,0,0,0,0,0,154.5,0,-2.275
"2019-03-04 17:20:00",0,29.23,0.06,0,0,0,0,0,0,0,155.7,0.011,-2.366
"2019-03-04 17:21:00",0,29.17,0.06,0,0,0,0,0,0,0,155.7,0,-2.341
"2019-03-04 17:22:00",0,29.17,0.06,0,0,0,0,0,0,0,155.4,0,-2.35
"2019-03-04 17:23:00",0,29.13,0.06,0,0,0,0,0,0,0,155.5,0,-2.417
"2019-03-04 17:24:00",0,29.08,0.06,0,0,0,0,0,0,0,155.2,0.011,-2.345
"2019-03-04 17:25:00",0,29.14,0.06,0,0,0,0,0,0,0,155,0,-2.17
"2019-03-04 17:26:00",0,29.1,0.061,0,0,0,0,0,0,0,154.7,0,-2.174
"2019-03-04 17:27:00",0,29.03,0.06,0,0,0,0,0,0,0,154,0,-2.317
"2019-03-04 17:28:00",0,29.08,0.06,0,0,0,0,0,0,0,152.5,0,-2.307
"2019-03-04 17:29:00",0,29.07,0.06,0,0,0,0,0,0,0,152.1,0,-1.902
"2019-03-04 17:30:00",0,29.09,0.061,0,0,0,0,0,0,0,151.7,0,-1.987
"2019-03-04 17:31:00",0,29.03,0.061,0,0,0,0,0,0,0,151.2,0,-2.376
"2019-03-04 17:32:00",0,29.03,0.061,0,0,0,0,0,0,0,150.6,0,-2.595
"2019-03-04 17:33:00",0,29.03,0.06,0,0,0,0,0,0,0,150,0,-1.96
"2019-03-04 17:34:00",0,29.02,0.06,0,0,0,0,0,0,0,149.5,0,-2.377
"2019-03-04 17:35:00",0,29.01,0.06,0,0,0,0,0,0,0,149.2,0.011,-2.2
"2019-03-04 17:36:00",0,29.04,0.06,0,0,0,0,0,0,0,148.8,0.034,-2.384
"2019-03-04 17:37:00",0,29.02,0.06,0,0,0,0,0,0,0,148.2,0.011,-2.281
"2019-03-04 17:38:00",0,29.03,0.061,0,0,0,0,0,0,0,147.4,0,-1.97
"2019-03-04 17:39:00",0,28.98,0.06,0,0,0,0,0,0,0,146.4,0,-2.416
"2019-03-04 17:40:00",0,28.96,0.061,0,0,0,0,0,0,0,145.9,0,-2.288
"2019-03-04 17:41:00",0,28.95,0.061,0,0,0,0,0,0,0,145.2,0,-2.483
"2019-03-04 17:42:00",0,28.97,0.061,0,0,0,0,0,0,0,145.2,0.023,-1.965
"2019-03-04 17:43:00",0,28.94,0.061,0,0,0,0,0,0,0,144.7,0,-2.401
"2019-03-04 17:44:00",0,28.92,0.06,0,0,0,0,0,0,0,144.4,0.011,-2.286
"2019-03-04 17:45:00",0,28.95,0.061,0,0,0,0,0,0,0,69.06,0,-2.209
"2019-03-04 17:46:00",0,28.91,0.06,0,0,0,0,0,0,0,64.97,0,-2.659
"2019-03-04 17:47:00",0,28.92,0.061,0,0,0,0,0,0,0,64.92,0.011,-2.315
"2019-03-04 17:48:00",0,28.89,0.06,0,0,0,0,0,0,0,64.85,0.011,-2.271
"2019-03-04 17:49:00",0,28.89,0.06,0,0,0,0,0,0,0,64.6,0,-2.262
"2019-03-04 17:50:00",0,28.89,0.06,0,0,0,0,0,0,0,64.85,0,-2.371
"2019-03-04 17:51:00",0,28.85,0.06,0,0,0,0,0,0,0,64.83,0,-2.24
"2019-03-04 17:52:00",0,28.87,0.061,0,0,0,0,0,0,0,64.74,0,-2.272
"2019-03-04 17:53:00",0,28.85,0.061,0,0,0,0,0,0,0,64.7,0.011,-2.232
"2019-03-04 17:54:00",0,28.84,0.061,0,0,0,0,0,0,0,64.69,0.011,-2.465
"2019-03-04 17:55:00",0,28.87,0.061,0,0,0,0,0,0,0,64.68,0,-2.154
"2019-03-04 17:56:00",0,28.84,0.061,0,0,0,0,0,0,0,64.78,0,-2.535
"2019-03-04 17:57:00",0,28.89,0.06,0,0,0,0,0,0,0,64.85,0,-2.329
"2019-03-04 17:58:00",0,28.89,0.061,0,0,0,0,0,0,0,64.66,0,-2.006
"2019-03-04 17:59:00",0,28.92,0.061,0,0,0,0,0,0,0,64.6,0.011,-2.296
"2019-03-04 18:00:00",0,28.91,0.061,0,0,0,0,0,0,0,64.53,0,-2.038
"2019-03-04 18:01:00",0,28.93,0.061,0,0,0,0,0,0,0,64.88,0.011,-2.181
"2019-03-04 18:02:00",0,28.9,0.061,0,0,0,0,0,0,0,64.86,0,-2.435
"2019-03-04 18:03:00",0,28.94,0.061,0,0,0,0,0,0,0,75.13,0,-2.224
"2019-03-04 18:04:00",0,28.91,0.061,0,0,0,0,0,0,0,77.59,0,-2.175
"2019-03-04 18:05:00",0,28.85,0.061,0,0,0,0,0,0,0,76.69,0.034,-2.409
"2019-03-04 18:06:00",0,28.84,0.061,0,0,0,0,0,0,0,83,0,-2.245
"2019-03-04 18:07:00",0,28.86,0.061,0,0,0,0,0,0,0,82.6,0.011,-2.341
"2019-03-04 18:08:00",0,28.84,0.061,0,0,0,0,0,0,0,82.5,0,-2.244
"2019-03-04 18:09:00",0,28.83,0.061,0,0,0,0,0,0,0,82.8,0.011,-2.283
"2019-03-04 18:10:00",0,28.82,0.061,0,0,0,0,0,0,0,82.9,0.011,-2.27
"2019-03-04 18:11:00",0,28.81,0.061,0,0,0,0,0,0,0,82.6,0,-2.328
"2019-03-04 18:12:00",0,28.8,0.061,0,0,0,0,0,0,0,82.6,0.023,-2.397
"2019-03-04 18:13:00",0,28.8,0.061,0,0,0,0,0,0,0,82.5,0.011,-2.321
"2019-03-04 18:14:00",0,28.81,0.061,0,0,0,0,0,0,0,82.1,0,-2.14
"2019-03-04 18:15:00",0,28.72,0.06,0,0,0,0,0,0,0,82,0.011,-2.324
"2019-03-04 18:16:00",0,28.75,0.061,0,0,0,0,0,0,0,81.7,0,-2.209
"2019-03-04 18:17:00",0,28.7,0.061,0,0,0,0,0,0,0,81,0,-2.329
"2019-03-04 18:18:00",0,28.63,0.061,0,0,0,0,0,0,0,81.1,0.034,-2.293
"2019-03-04 18:19:00",0,28.56,0.061,0,0,0,0,0,0,0,80.9,0,-2.178
"2019-03-04 18:20:00",0,28.48,0.061,0,0,0,0,0,0,0,80.6,0.011,-2.371
"2019-03-04 18:21:00",0,28.42,0.061,0,0,0,0,0,0,0,79.68,0,-2.32
"2019-03-04 18:22:00",0,28.33,0.061,0,0,0,0,0,0,0,79.16,0.011,-2.184
"2019-03-04 18:23:00",0,28.28,0.061,0,0,0,0,0,0,0,78.72,0.011,-2.174
"2019-03-04 18:24:00",0,28.26,0.061,0,0,0,0,0,0,0,77.82,0,-2.224
"2019-03-04 18:25:00",0,28.23,0.061,0,0,0,0,0,0,0,77.69,0,-2.379
"2019-03-04 18:26:00",0,28.17,0.06,0,0,0,0,0,0,0,76.98,0,-2.053
"2019-03-04 18:27:00",0,28.22,0.061,0,0,0,0,0,0,0,76.3,0.011,-2.441
"2019-03-04 18:28:00",0,28.21,0.061,0,0,0,0,0,0,0,75.26,0.011,-2.3
"2019-03-04 18:29:00",0,28.16,0.06,0,0,0,0,0,0,0,75.45,0.023,-2.043
"2019-03-04 18:30:00",0,28.16,0.061,0,0,0,0,0,0,0,74.92,0,-2.443
"2019-03-04 18:31:00",0,28.14,0.061,0,0,0,0,0,0,0,74.15,0.011,-2.174
"2019-03-04 18:32:00",0,28.15,0.061,0,0,0,0,0,0,0,73.87,0.034,-2.299
"2019-03-04 18:33:00",0,28.11,0.06,0,0,0,0,0,0,0,73.26,0.011,-2.325
"2019-03-04 18:34:00",0,28.08,0.061,0,0,0,0,0,0,0,72.75,0.023,-2.36
"2019-03-04 18:35:00",0,28.04,0.06,0,0,0,0,0,0,0,72.6,0.023,-2.486
"2019-03-04 18:36:00",0,28,0.061,0,0,0,0,0,0,0,71.85,0.011,-2.294
"2019-03-04 18:37:00",0,27.97,0.061,0,0,0,0,0,0,0,71.79,0.023,-2.217
"2019-03-04 18:38:00",0,27.89,0.061,0,0,0,0,0,0,0,71.61,0.045,-2.271
"2019-03-04 18:39:00",0,27.89,0.061,0,0,0,0,0,0,0,71,0.011,-2.296
"2019-03-04 18:40:00",0,27.83,0.061,0,0,0,0,0,0,0,70.31,0,-1.942
"2019-03-04 18:41:00",0,27.82,0.061,0,0,0,0,0,0,0,70.41,0.011,-2.246
"2019-03-04 18:42:00",0,27.81,0.061,0,0,0,0,0,0,0,70.38,0.011,-2.662
"2019-03-04 18:43:00",0,27.78,0.061,0,0,0,0,0,0,0,70.2,0.011,-2.422
"2019-03-04 18:44:00",0,27.79,0.06,0,0,0,0,0,0,0,70.43,0,-2.162
"2019-03-04 18:45:00",0,27.75,0.06,0,0,0,0,0,0,0,70.45,0,-2.457
"2019-03-04 18:46:00",0,27.78,0.06,0,0,0,0,0,0,0,70.48,0.023,-2.429
"2019-03-04 18:47:00",0,27.75,0.06,0,0,0,0,0,0,0,70.48,0.011,-2.302
"2019-03-04 18:48:00",0,27.81,0.061,0,0,0,0,0,0,0,70.49,0,-2.03
"2019-03-04 18:49:00",0,27.84,0.061,0,0,0,0,0,0,0,72,0,-2.207
"2019-03-04 18:50:00",0,27.88,0.061,0,0,0,0,0,0,0,90.3,0.023,-2.305
"2019-03-04 18:51:00",0,27.91,0.061,0,0,0,0,0,0,0,95.3,0.023,-2.037
"2019-03-04 18:52:00",0,27.88,0.061,0,0,0,0,0,0,0,95.4,0.023,-2.158
"2019-03-04 18:53:00",0,27.92,0.061,0,0,0,0,0,0,0,95.4,0,-2.306
"2019-03-04 18:54:00",0,27.94,0.061,0,0,0,0,0,0,0,95.2,0.011,-2.099
"2019-03-04 18:55:00",0,27.94,0.061,0,0,0,0,0,0,0,95.1,0,-2.114
"2019-03-04 18:56:00",0,27.9,0.061,0,0,0,0,0,0,0,95.4,0,-2.26
"2019-03-04 18:57:00",0,27.92,0.061,0,0,0,0,0,0,0,95.2,0.011,-2.268
"2019-03-04 18:58:00",0,27.93,0.061,0,0,0,0,0,0,0,95.3,0.011,-2.231
"2019-03-04 18:59:00",0,27.96,0.061,0,0,0,0,0,0,0,95.5,0.045,-2.286
"2019-03-04 19:00:00",0,27.97,0.061,0,0,0,0,0,0,0,95.3,0.023,-2.224
"2019-03-04 19:01:00",0,27.97,0.061,0,0,0,0,0,0,0,87.4,0.011,-2.318
"2019-03-04 19:02:00",0,27.91,0.061,0,0,0,0,0,0,0,88.5,0.023,-2.168
"2019-03-04 19:03:00",0,27.95,0.061,0,0,0,0,0,0,0,160.9,0.023,-2.226
"2019-03-04 19:04:00",0,27.98,0.061,0,0,0,0,0,0,0,152.7,0,-2.055
"2019-03-04 19:05:00",0,27.99,0.061,0,0,0,0,0,0,0,150.3,0.023,-2.228
"2019-03-04 19:06:00",0,28,0.061,0,0,0,0,0,0,0,150,0,-1.96
"2019-03-04 19:07:00",0,27.98,0.061,0,0,0,0,0,0,0,150.2,0,-2.354
"2019-03-04 19:08:00",0,27.98,0.061,0,0,0,0,0,0,0,150.3,0,-2.659
"2019-03-04 19:09:00",0,27.96,0.062,0,0,0,0,0,0,0,150.2,0.011,-2.482
"2019-03-04 19:10:00",0,27.95,0.061,0,0,0,0,0,0,0,149.8,0.011,-2.31
"2019-03-04 19:11:00",0,27.93,0.061,0,0,0,0,0,0,0,149.8,0,-2.275
"2019-03-04 19:12:00",0,27.94,0.061,0,0,0,0,0,0,0,149.5,0,-2.283
"2019-03-04 19:13:00",0,27.99,0.061,0,0,0,0,0,0,0,149.3,0,-2.261
"2019-03-04 19:14:00",0,28,0.062,0,0,0,0,0,0,0,149.1,0.011,-2.349
"2019-03-04 19:15:00",0,27.96,0.062,0,0,0,0,0,0,0,148.9,0.011,-2.249
"2019-03-04 19:16:00",0,27.99,0.061,0,0,0,0,0,0,0,148.7,0.011,-2.355
"2019-03-04 19:17:00",0,27.97,0.062,0,0,0,0,0,0,0,147.9,0.023,-2.033
"2019-03-04 19:18:00",0,27.95,0.062,0,0,0,0,0,0,0,147.3,0.011,-2.308
"2019-03-04 19:19:00",0,27.91,0.061,0,0,0,0,0,0,0,146.6,0.011,-2.553
"2019-03-04 19:20:00",0,27.92,0.061,0,0,0,0,0,0,0,146.3,0,-2.313
"2019-03-04 19:21:00",0,27.93,0.062,0,0,0,0,0,0,0,145.7,0.045,-2.491
"2019-03-04 19:22:00",0,27.94,0.062,0,0,0,0,0,0,0,145.3,0,-2.258
"2019-03-04 19:23:00",0,28.05,0.061,0,0,0,0,0,0,0,144.8,0,-2.256
"2019-03-04 19:24:00",0,28.08,0.062,0,0,0,0,0,0,0,144,0.011,-2.28
"2019-03-04 19:25:00",0,28.08,0.062,0,0,0,0,0,0,0,143.2,0.011,-2.373
"2019-03-04 19:26:00",0,28.08,0.062,0,0,0,0,0,0,0,142.6,0.023,-2.387
"2019-03-04 19:27:00",0,28.05,0.062,0,0,0,0,0,0,0,142.1,0.023,-2.2
"2019-03-04 19:28:00",0,28.06,0.062,0,0,0,0,0,0,0,141.6,0,-2.365
"2019-03-04 19:29:00",0,28.04,0.062,0,0,0,0,0,0,0,93.6,0,-2.163
"2019-03-04 19:30:00",0,28.09,0.062,0,0,0,0,0,0,0,61.89,0.011,-2.248
"2019-03-04 19:31:00",0,28.03,0.061,0,0,0,0,0,0,0,61.8,0.034,-2.29
"2019-03-04 19:32:00",0,27.97,0.063,0,0,0,0,0,0,0,61.87,0.045,-2.372
"2019-03-04 19:33:00",0,27.98,0.062,0,0,0,0,0,0,0,61.89,0.114,-2.35
"2019-03-04 19:34:00",0,27.96,0.062,0,0,0,0,0,0,0,61.86,0,-2.331
"2019-03-04 19:35:00",0,27.94,0.062,0,0,0,0,0,0,0,61.93,0.045,-2.36
"2019-03-04 19:36:00",0,27.94,0.062,0,0,0,0,0,0,0,61.9,0.011,-2.281
"2019-03-04 19:37:00",0,27.94,0.062,0,0,0,0,0,0,0,61.77,0,-2.295
"2019-03-04 19:38:00",0,27.91,0.062,0,0,0,0,0,0,0,61.86,0,-2.263
"2019-03-04 19:39:00",0,27.93,0.062,0,0,0,0,0,0,0,61.93,0.011,-2.426
"2019-03-04 19:40:00",0,27.88,0.062,0,0,0,0,0,0,0,61.96,0.011,-2.545
"2019-03-04 19:41:00",0,27.88,0.062,0,0,0,0,0,0,0,62.13,0,-2.316
"2019-03-04 19:42:00",0,27.9,0.062,0,0,0,0,0,0,0,131.4,0.023,-2.216
"2019-03-04 19:43:00",0,27.93,0.061,0,0,0,0,0,0,0,148.1,0.023,-2.409
"2019-03-04 19:44:00",0,27.92,0.062,0,0,0,0,0,0,0,150,0.023,-1.92
"2019-03-04 19:45:00",0,27.9,0.062,0,0,0,0,0,0,0,150.3,0.023,-2.299
"2019-03-04 19:46:00",0,27.89,0.062,0,0,0,0,0,0,0,150.1,0,-1.901
"2019-03-04 19:47:00",0,27.92,0.062,0,0,0,0,0,0,0,150.1,0.011,-1.877
"2019-03-04 19:48:00",0,27.89,0.062,0,0,0,0,0,0,0,150.1,0.023,-2.368
"2019-03-04 19:49:00",0,27.93,0.062,0,0,0,0,0,0,0,149.6,0.023,-2.413
"2019-03-04 19:50:00",0,27.92,0.062,0,0,0,0,0,0,0,149.8,0.023,-2.609
"2019-03-04 19:51:00",0,27.95,0.062,0,0,0,0,0,0,0,149.7,0.057,-2.293
"2019-03-04 19:52:00",0,27.88,0.062,0,0,0,0,0,0,0,149.7,0.023,-2.338
"2019-03-04 19:53:00",0,27.9,0.062,0,0,0,0,0,0,0,149.4,0,-2.329
"2019-03-04 19:54:00",0,27.84,0.062,0,0,0,0,0,0,0,149.4,0.023,-2.416
"2019-03-04 19:55:00",0,27.89,0.062,0,0,0,0,0,0,0,149.1,0.023,-2.488
"2019-03-04 19:56:00",0,27.95,0.062,0,0,0,0,0,0,0,149.1,0.023,-2.263
"2019-03-04 19:57:00",0,27.91,0.062,0,0,0,0,0,0,0,149,0.023,-2.502
"2019-03-04 19:58:00",0,27.92,0.062,0,0,0,0,0,0,0,149,0.023,-2.209
"2019-03-04 19:59:00",0,27.94,0.062,0,0,0,0,0,0,0,152.6,0.023,-2.274
"2019-03-04 20:00:00",0,27.97,0.062,0,0,0,0,0,0,0,153.4,0.011,-2.28
"2019-03-04 20:01:00",0,27.92,0.062,0,0,0,0,0,0,0,153.5,0.023,-2.319
"2019-03-04 20:02:00",0,27.94,0.062,0,0,0,0,0,0,0,153.6,0.023,-2.296
"2019-03-04 20:03:00",0,27.92,0.062,0,0,0,0,0,0,0,154.4,0,-2.407
"2019-03-04 20:04:00",0,27.95,0.062,0,0,0,0,0,0,0,154.4,0,-2.094
"2019-03-04 20:05:00",0,27.94,0.062,0,0,0,0,0,0,0,154.1,0.011,-2.242
"2019-03-04 20:06:00",0,27.95,0.062,0,0,0,0,0,0,0,154.1,0.011,-2.411
"2019-03-04 20:07:00",0,27.94,0.062,0,0,0,0,0,0,0,154.1,0.011,-2.181
"2019-03-04 20:08:00",0,27.94,0.062,0,0,0,0,0,0,0,154.1,0,-2.357
"2019-03-04 20:09:00",0,27.95,0.062,0,0,0,0,0,0,0,154.3,0.011,-2.604
"2019-03-04 20:10:00",0,27.93,0.062,0,0,0,0,0,0,0,153.9,0,-2.098
"2019-03-04 20:11:00",0,27.98,0.062,0,0,0,0,0,0,0,153.7,0,-2.433
"2019-03-04 20:12:00",0,27.98,0.063,0,0,0,0,0,0,0,153.9,0.068,-2.268
"2019-03-04 20:13:00",0,27.97,0.062,0,0,0,0,0,0,0,153.9,0.034,-2.375
"2019-03-04 20:14:00",0,27.96,0.062,0,0,0,0,0,0,0,153.7,0.023,-2.313
"2019-03-04 20:15:00",0,27.94,0.062,0,0,0,0,0,0,0,153.9,0.023,-2.313
"2019-03-04 20:16:00",0,27.92,0.063,0,0,0,0,0,0,0,154.3,0,-2.157
"2019-03-04 20:17:00",0,27.98,0.063,0,0,0,0,0,0,0,154.2,0.034,-2.268
"2019-03-04 20:18:00",0,28.01,0.063,0,0,0,0,0,0,0,154.2,0.023,-2.352
"2019-03-04 20:19:00",0,27.94,0.063,0,0,0,0,0,0,0,154.3,0.011,-2.447
"2019-03-04 20:20:00",0,27.95,0.063,0,0,0,0,0,0,0,154.6,0,-2.62
"2019-03-04 20:21:00",0,27.97,0.062,0,0,0,0,0,0,0,154.6,0,-2.186
"2019-03-04 20:22:00",0,27.97,0.063,0,0,0,0,0,0,0,154.8,0,-1.684
"2019-03-04 20:23:00",0,27.99,0.062,0,0,0,0,0,0,0,119.6,0.011,-2.376
"2019-03-04 20:24:00",0,27.98,0.062,0,0,0,0,0,0,0,67.32,0,-2.256
"2019-03-04 20:25:00",0,27.97,0.062,0,0,0,0,0,0,0,67.43,0.011,-2.376
"2019-03-04 20:26:00",0,27.98,0.062,0,0,0,0,0,0,0,67.29,0,-2.276
"2019-03-04 20:27:00",0,27.95,0.063,0,0,0,0,0,0,0,63.21,0,-2.103
"2019-03-04 20:28:00",0,27.98,0.062,0,0,0,0,0,0,0,62.06,0,-2.211
"2019-03-04 20:29:00",0,28,0.063,0,0,0,0,0,0,0,62.24,0,-2.19
"2019-03-04 20:30:00",0,28,0.063,0,0,0,0,0,0,0,62.21,0.114,-2.349
"2019-03-04 20:31:00",0,28.03,0.062,0,0,0,0,0,0,0,62.11,0,-2.244
"2019-03-04 20:32:00",0,28.01,0.063,0,0,0,0,0,0,0,62.12,0.011,-2.157
"2019-03-04 20:33:00",0,28.05,0.062,0,0,0,0,0,0,0,62.16,0.034,-2.311
"2019-03-04 20:34:00",0,28.04,0.063,0,0,0,0,0,0,0,62.15,0.057,-2.297
"2019-03-04 20:35:00",0,28.01,0.062,0,0,0,0,0,0,0,61.86,0,-2.175
"2019-03-04 20:36:00",0,28.04,0.063,0,0,0,0,0,0,0,61.8,0.034,-2.168
"2019-03-04 20:37:00",0,28.03,0.062,0,0,0,0,0,0,0,61.9,0,-2.422
"2019-03-04 20:38:00",0,28.04,0.063,0,0,0,0,0,0,0,61.95,0,-2.168
"2019-03-04 20:39:00",0,28.02,0.062,0,0,0,0,0,0,0,61.8,0.045,-2.44
"2019-03-04 20:40:00",0,28.02,0.063,0,0,0,0,0,0,0,61.94,0,-2.111
"2019-03-04 20:41:00",0,28.04,0.063,0,0,0,0,0,0,0,62.13,0,-2.266
"2019-03-04 20:42:00",0,28.05,0.063,0,0,0,0,0,0,0,62.15,0.034,-2.362
"2019-03-04 20:43:00",0,28.05,0.064,0,0,0,0,0,0,0,62.09,0.057,-2.423
"2019-03-04 20:44:00",0,28.09,0.063,0,0,0,0,0,0,0,62.11,0.057,-2.384
"2019-03-04 20:45:00",0,28.08,0.063,0,0,0,0,0,0,0,62,0,-2.262
"2019-03-04 20:46:00",0,28.09,0.063,0,0,0,0,0,0,0,131.9,0,-2.773
"2019-03-04 20:47:00",0,28.11,0.063,0,0,0,0,0,0,0,151.7,0,-1.85
"2019-03-04 20:48:00",0,28.04,0.063,0,0,0,0,0,0,0,151.2,0,-2.183
"2019-03-04 20:49:00",0,28.01,0.063,0,0,0,0,0,0,0,150.8,0,-2.196
"2019-03-04 20:50:00",0,27.99,0.063,0,0,0,0,0,0,0,150.6,0,-2.081
"2019-03-04 20:51:00",0,28.06,0.063,0,0,0,0,0,0,0,150.6,0.045,-2.417
"2019-03-04 20:52:00",0,27.99,0.063,0,0,0,0,0,0,0,150.2,0.011,-2.192
"2019-03-04 20:53:00",0,28.01,0.063,0,0,0,0,0,0,0,150,0.034,-2.526
"2019-03-04 20:54:00",0,27.95,0.063,0,0,0,0,0,0,0,150,0,-2.186
"2019-03-04 20:55:00",0,27.99,0.063,0,0,0,0,0,0,0,149.7,0,-2.189
"2019-03-04 20:56:00",0,27.96,0.063,0,0,0,0,0,0,0,149.4,0.011,-2.575
"2019-03-04 20:57:00",0,27.94,0.063,0,0,0,0,0,0,0,149.3,0.034,-2.28
"2019-03-04 20:58:00",0,27.94,0.064,0,0,0,0,0,0,0,149.1,0,-2.575
"2019-03-04 20:59:00",0,27.97,0.063,0,0,0,0,0,0,0,149.1,0.011,-2.187
"2019-03-04 21:00:00",0,27.93,0.063,0,0,0,0,0,0,0,148.3,0.023,-2.137
"2019-03-04 21:01:00",0,27.98,0.063,0,0,0,0,0,0,0,147.9,0.011,-2.278
"2019-03-04 21:02:00",0,27.95,0.063,0,0,0,0,0,0,0,147.3,0.011,-2.249
"2019-03-04 21:03:00",0,28.05,0.063,0,0,0,0,0,0,0,146.7,0,-2.344
"2019-03-04 21:04:00",0,27.95,0.063,0,0,0,0,0,0,0,146.3,0.034,-2.266
"2019-03-04 21:05:00",0,27.92,0.063,0,0,0,0,0,0,0,145.9,0.023,-2.303
"2019-03-04 21:06:00",0,27.88,0.063,0,0,0,0,0,0,0,145.4,0.011,-2.181
"2019-03-04 21:07:00",0,27.85,0.064,0,0,0,0,0,0,0,144.8,0.023,-2.201
"2019-03-04 21:08:00",0,27.87,0.063,0,0,0,0,0,0,0,144.5,0.023,-2.507
"2019-03-04 21:09:00",0,27.87,0.063,0,0,0,0,0,0,0,144.2,0.023,-2.255
"2019-03-04 21:10:00",0,27.84,0.063,0,0,0,0,0,0,0,143.6,0.034,-2.336
"2019-03-04 21:11:00",0,27.82,0.063,0,0,0,0,0,0,0,142.9,0.011,-2.223
"2019-03-04 21:12:00",0,27.8,0.064,0,0,0,0,0,0,0,141.8,0,-2.393
"2019-03-04 21:13:00",0,27.81,0.063,0,0,0,0,0,0,0,112.5,0.023,-2.247
"2019-03-04 21:14:00",0,27.76,0.063,0,0,0,0,0,0,0,62.23,0.045,-2.481
"2019-03-04 21:15:00",0,27.75,0.063,0,0,0,0,0,0,0,62.17,0.023,-2.354
"2019-03-04 21:16:00",0,27.78,0.064,0,0,0,0,0,0,0,62.35,0.034,-2.409
"2019-03-04 21:17:00",0,27.8,0.064,0,0,0,0,0,0,0,62.29,0.011,-2.06
"2019-03-04 21:18:00",0,27.81,0.064,0,0,0,0,0,0,0,62.16,0.011,-2.182
"2019-03-04 21:19:00",0,27.8,0.063,0,0,0,0,0,0,0,62.01,0.011,-2.242
"2019-03-04 21:20:00",0,27.85,0.063,0,0,0,0,0,0,0,62.26,0,-2.022
"2019-03-04 21:21:00",0,27.84,0.063,0,0,0,0,0,0,0,62.17,0.011,-2.316
"2019-03-04 21:22:00",0,27.8,0.063,0,0,0,0,0,0,0,62.11,0,-2.395
"2019-03-04 21:23:00",0,27.82,0.064,0,0,0,0,0,0,0,62.1,0.011,-2.417
"2019-03-04 21:24:00",0,27.78,0.063,0,0,0,0,0,0,0,62.2,0.011,-2.584
"2019-03-04 21:25:00",0,27.77,0.064,0,0,0,0,0,0,0,62.22,0,-2.209
"2019-03-04 21:26:00",0,27.76,0.064,0,0,0,0,0,0,0,62.17,0.068,-2.269
"2019-03-04 21:27:00",0,27.71,0.063,0,0,0,0,0,0,0,62.2,0,-2.245
"2019-03-04 21:28:00",0,27.64,0.064,0,0,0,0,0,0,0,62.31,0,-2.236
"2019-03-04 21:29:00",0,27.61,0.064,0,0,0,0,0,0,0,62.28,0.011,-2.388
"2019-03-04 21:30:00",0,27.52,0.063,0,0,0,0,0,0,0,62.27,0.057,-2.343
"2019-03-04 21:31:00",0,27.48,0.064,0,0,0,0,0,0,0,62.44,0.023,-2.349
"2019-03-04 21:32:00",0,27.39,0.064,0,0,0,0,0,0,0,62.42,0.011,-2.385
"2019-03-04 21:33:00",0,27.32,0.064,0,0,0,0,0,0,0,62.28,0,-2.219
"2019-03-04 21:34:00",0,27.34,0.064,0,0,0,0,0,0,0,62.23,0,-2.202
"2019-03-04 21:35:00",0,27.36,0.064,0,0,0,0,0,0,0,62.09,0.011,-2.516
"2019-03-04 21:36:00",0,27.3,0.064,0,0,0,0,0,0,0,62.22,0.034,-2.133
"2019-03-04 21:37:00",0,27.33,0.064,0,0,0,0,0,0,0,62.1,0.045,-2.124
"2019-03-04 21:38:00",0,27.33,0.063,0,0,0,0,0,0,0,62.13,0.011,-2.374
"2019-03-04 21:39:00",0,27.35,0.064,0,0,0,0,0,0,0,62.05,0.011,-2.207
"2019-03-04 21:40:00",0,27.33,0.064,0,0,0,0,0,0,0,62.53,0,-2.022
"2019-03-04 21:41:00",0,27.32,0.064,0,0,0,0,0,0,0,62.75,0.011,-2.103
"2019-03-04 21:42:00",0,27.35,0.063,0,0,0,0,0,0,0,62.61,0.011,-2.438
"2019-03-04 21:43:00",0,27.35,0.064,0,0,0,0,0,0,0,62.38,0,-2.213
"2019-03-04 21:44:00",0,27.38,0.063,0,0,0,0,0,0,0,62.35,0.057,-2.423
"2019-03-04 21:45:00",0,27.34,0.064,0,0,0,0,0,0,0,62.33,0,-1.965
"2019-03-04 21:46:00",0,27.26,0.064,0,0,0,0,0,0,0,62.33,0.011,-2.156
"2019-03-04 21:47:00",0,27.28,0.063,0,0,0,0,0,0,0,62.21,0,-2.111
"2019-03-04 21:48:00",0,27.28,0.063,0,0,0,0,0,0,0,62.17,0.011,-2.261
"2019-03-04 21:49:00",0,27.3,0.064,0,0,0,0,0,0,0,62.13,0.011,-2.315
"2019-03-04 21:50:00",0,27.31,0.064,0,0,0,0,0,0,0,62.19,0.011,-2.443
"2019-03-04 21:51:00",0,27.32,0.063,0,0,0,0,0,0,0,62.31,0,-2.245
"2019-03-04 21:52:00",0,27.37,0.064,0,0,0,0,0,0,0,62.35,0,-2.388
"2019-03-04 21:53:00",0,27.43,0.064,0,0,0,0,0,0,0,62.3,0,-2.4
"2019-03-04 21:54:00",0,27.46,0.064,0,0,0,0,0,0,0,62.32,0,-2.406
"2019-03-04 21:55:00",0,27.42,0.064,0,0,0,0,0,0,0,62.31,0,-2.296
"2019-03-04 21:56:00",0,27.47,0.065,0,0,0,0,0,0,0,62.26,0,-2.438
"2019-03-04 21:57:00",0,27.53,0.064,0,0,0,0,0,0,0,62.3,0,-2.286
"2019-03-04 21:58:00",0,27.55,0.064,0,0,0,0,0,0,0,62.24,0.011,-2.69
"2019-03-04 21:59:00",0,27.5,0.064,0,0,0,0,0,0,0,62.17,0,-2.117
"2019-03-04 22:00:00",0,27.54,0.064,0,0,0,0,0,0,0,62.27,0,-1.998
"2019-03-04 22:01:00",0,27.55,0.063,0,0,0,0,0,0,0,62.62,0.011,-2.392
"2019-03-04 22:02:00",0,27.53,0.064,0,0,0,0,0,0,0,62.67,0.011,-2.008
"2019-03-04 22:03:00",0,27.51,0.064,0,0,0,0,0,0,0,62.11,0,-2.206
"2019-03-04 22:04:00",0,27.52,0.064,0,0,0,0,0,0,0,61.86,0.011,-2.016
"2019-03-04 22:05:00",0,27.57,0.064,0,0,0,0,0,0,0,62.02,0,-2.175
"2019-03-04 22:06:00",0,27.62,0.064,0,0,0,0,0,0,0,62.11,0,-2.392
"2019-03-04 22:07:00",0,27.63,0.064,0,0,0,0,0,0,0,62.24,0,-2.22
"2019-03-04 22:08:00",0,27.69,0.064,0,0,0,0,0,0,0,62.17,0.023,-2.325
"2019-03-04 22:09:00",0,27.67,0.064,0,0,0,0,0,0,0,62.17,0,-2.259
"2019-03-04 22:10:00",0,27.65,0.064,0,0,0,0,0,0,0,62.22,0,-2.387
"2019-03-04 22:11:00",0,27.64,0.064,0,0,0,0,0,0,0,62.06,0,-2.051
"2019-03-04 22:12:00",0,27.66,0.064,0,0,0,0,0,0,0,62.17,0.034,-2.327
"2019-03-04 22:13:00",0,27.6,0.065,0,0,0,0,0,0,0,62.1,0,-2.421
"2019-03-04 22:14:00",0,27.61,0.064,0,0,0,0,0,0,0,62.04,0.034,-2.37
"2019-03-04 22:15:00",0,27.51,0.064,0,0,0,0,0,0,0,62.23,0.011,-1.89
"2019-03-04 22:16:00",0,27.5,0.064,0,0,0,0,0,0,0,62.04,0,-2.123
"2019-03-04 22:17:00",0,27.55,0.064,0,0,0,0,0,0,0,62.06,0.011,-2.456
"2019-03-04 22:18:00",0,27.56,0.064,0,0,0,0,0,0,0,61.99,0.023,-2.733
"2019-03-04 22:19:00",0,27.53,0.064,0,0,0,0,0,0,0,62.15,0.023,-2.448
"2019-03-04 22:20:00",0,27.52,0.064,0,0,0,0,0,0,0,62.1,0,-2.356
"2019-03-04 22:21:00",0,27.64,0.065,0,0,0,0,0,0,0,62.13,0,-2.426
"2019-03-04 22:22:00",0,27.55,0.065,0,0,0,0,0,0,0,62.09,0.011,-2.642
"2019-03-04 22:23:00",0,27.57,0.064,0,0,0,0,0,0,0,62.12,0.011,-2.276
"2019-03-04 22:24:00",0,27.56,0.064,0,0,0,0,0,0,0,62.09,0.023,-2.355
"2019-03-04 22:25:00",0,27.6,0.064,0,0,0,0,0,0,0,62.11,0,-2.085
"2019-03-04 22:26:00",0,27.56,0.064,0,0,0,0,0,0,0,62.05,0.011,-2.24
"2019-03-04 22:27:00",0,27.68,0.065,0,0,0,0,0,0,0,61.86,0,-2.319
"2019-03-04 22:28:00",0,27.69,0.065,0,0,0,0,0,0,0,61.93,0,-1.86
"2019-03-04 22:29:00",0,27.64,0.064,0,0,0,0,0,0,0,62.04,0,-2.333
"2019-03-04 22:30:00",0,27.69,0.064,0,0,0,0,0,0,0,61.97,0,-2.153
"2019-03-04 22:31:00",0,27.67,0.064,0,0,0,0,0,0,0,62.05,0.023,-2.672
"2019-03-04 22:32:00",0,27.69,0.065,0,0,0,0,0,0,0,61.99,0,-2.203
"2019-03-04 22:33:00",0,27.7,0.065,0,0,0,0,0,0,0,128.8,0.023,-2.327
"2019-03-04 22:34:00",0,27.69,0.064,0,0,0,0,0,0,0,151.5,0,-2.184
"2019-03-04 22:35:00",0,27.68,0.065,0,0,0,0,0,0,0,151,0,-2.255
"2019-03-04 22:36:00",0,27.69,0.065,0,0,0,0,0,0,0,151,0.034,-2.219
"2019-03-04 22:37:00",0,27.76,0.065,0,0,0,0,0,0,0,151.1,0.023,-1.967
"2019-03-04 22:38:00",0,27.79,0.064,0,0,0,0,0,0,0,151,0.023,-2.176
"2019-03-04 22:39:00",0,27.77,0.065,0,0,0,0,0,0,0,150.4,0.011,-2.462
"2019-03-04 22:40:00",0,27.81,0.064,0,0,0,0,0,0,0,150,0.023,-2.309
"2019-03-04 22:41:00",0,27.78,0.064,0,0,0,0,0,0,0,149.9,0.011,-1.942
"2019-03-04 22:42:00",0,27.81,0.065,0,0,0,0,0,0,0,149.7,0,-2.307
"2019-03-04 22:43:00",0,27.82,0.065,0,0,0,0,0,0,0,149.4,0.011,-2.141
"2019-03-04 22:44:00",0,27.86,0.064,0,0,0,0,0,0,0,149,0.011,-2.378
"2019-03-04 22:45:00",0,27.9,0.064,0,0,0,0,0,0,0,148.3,0.011,-2.2
"2019-03-04 22:46:00",0,27.91,0.065,0,0,0,0,0,0,0,147.9,0,-2.332
"2019-03-04 22:47:00",0,28,0.064,0,0,0,0,0,0,0,147.8,0.011,-1.994
"2019-03-04 22:48:00",0,27.91,0.065,0,0,0,0,0,0,0,147,0,-1.897
"2019-03-04 22:49:00",0,27.97,0.065,0,0,0,0,0,0,0,146.5,0,-2.37
"2019-03-04 22:50:00",0,27.98,0.065,0,0,0,0,0,0,0,146,0,-2.318
"2019-03-04 22:51:00",0,28.05,0.065,0,0,0,0,0,0,0,145.6,0,-2.372
"2019-03-04 22:52:00",0,28,0.064,0,0,0,0,0,0,0,145.1,0.011,-2.295
"2019-03-04 22:53:00",0,27.97,0.064,0,0,0,0,0,0,0,144.4,0,-2.679
"2019-03-04 22:54:00",0,28.01,0.065,0,0,0,0,0,0,0,143.5,0.034,-2.331
"2019-03-04 22:55:00",0,28.04,0.064,0,0,0,0,0,0,0,142.8,0.011,-2.34
"2019-03-04 22:56:00",0,28.03,0.065,0,0,0,0,0,0,0,142.5,0.057,-2.333
"2019-03-04 22:57:00",0,28.04,0.064,0,0,0,0,0,0,0,142.1,0,-1.932
"2019-03-04 22:58:00",0,28.08,0.065,0,0,0,0,0,0,0,141.8,0.068,-2.373
"2019-03-04 22:59:00",0,28.02,0.064,0,0,0,0,0,0,0,114,0.011,-2.328
"2019-03-04 23:00:00",0,28.11,0.065,0,0,0,0,0,0,0,62.47,0,-1.917
"2019-03-04 23:01:00",0,28.12,0.065,0,0,0,0,0,0,0,62.38,0.023,-2.353
"2019-03-04 23:02:00",0,28.09,0.064,0,0,0,0,0,0,0,62.17,0,-2.099
"2019-03-04 23:03:00",0,28.12,0.065,0,0,0,0,0,0,0,62.29,0,-2.294
"2019-03-04 23:04:00",0,28.11,0.065,0,0,0,0,0,0,0,62.34,0,-2.688
"2019-03-04 23:05:00",0,28.1,0.065,0,0,0,0,0,0,0,62.36,0,-2.549
"2019-03-04 23:06:00",0,28.11,0.065,0,0,0,0,0,0,0,62.29,0.011,-2.288
"2019-03-04 23:07:00",0,28.09,0.064,0,0,0,0,0,0,0,62.42,0.011,-2.337
"2019-03-04 23:08:00",0,28.06,0.065,0,0,0,0,0,0,0,62.32,0.011,-2.379
"2019-03-04 23:09:00",0,27.92,0.065,0,0,0,0,0,0,0,62.39,0.011,-2.092
"2019-03-04 23:10:00",0,27.99,0.064,0,0,0,0,0,0,0,62.42,0,-2.211
"2019-03-04 23:11:00",0,27.99,0.064,0,0,0,0,0,0,0,62.49,0.011,-2.268
"2019-03-04 23:12:00",0,28.05,0.065,0,0,0,0,0,0,0,62.35,0.057,-2.357
"2019-03-04 23:13:00",0,28.05,0.064,0,0,0,0,0,0,0,62.41,0.011,-2.342
"2019-03-04 23:14:00",0,28.03,0.065,0,0,0,0,0,0,0,62.35,0,-2.264
"2019-03-04 23:15:00",0,28.09,0.065,0,0,0,0,0,0,0,62.38,0,-2.503
"2019-03-04 23:16:00",0,28.05,0.065,0,0,0,0,0,0,0,62.56,0.011,-2.467
"2019-03-04 23:17:00",0,28.11,0.065,0,0,0,0,0,0,0,62.43,0,-1.965
"2019-03-04 23:18:00",0,28.04,0.065,0,0,0,0,0,0,0,62.34,0.011,-2.459
"2019-03-04 23:19:00",0,28.04,0.065,0,0,0,0,0,0,0,62.29,0.034,-2.288
"2019-03-04 23:20:00",0,27.99,0.065,0,0,0,0,0,0,0,62.19,0.011,-2.11
"2019-03-04 23:21:00",0,28.07,0.065,0,0,0,0,0,0,0,62.3,0,-2.148
"2019-03-04 23:22:00",0,28.02,0.065,0,0,0,0,0,0,0,62.41,0.011,-2.492
"2019-03-04 23:23:00",0,28.01,0.065,0,0,0,0,0,0,0,62.39,0.011,-2.348
"2019-03-04 23:24:00",0,28.08,0.065,0,0,0,0,0,0,0,62.39,0.011,-2.505
"2019-03-04 23:25:00",0,28.05,0.065,0,0,0,0,0,0,0,62.49,0,-2.123
"2019-03-04 23:26:00",0,28.11,0.065,0,0,0,0,0,0,0,62.39,0,-2.31
"2019-03-04 23:27:00",0,28.16,0.065,0,0,0,0,0,0,0,62.38,0,-2.074
"2019-03-04 23:28:00",0,28.14,0.065,0,0,0,0,0,0,0,62.3,0,-2.44
"2019-03-04 23:29:00",0,28.12,0.065,0,0,0,0,0,0,0,62.35,0,-1.998
"2019-03-04 23:30:00",0,28.22,0.065,0,0,0,0,0,0,0,62.39,0,-2.379
"2019-03-04 23:31:00",0,28.26,0.065,0,0,0,0,0,0,0,62.5,0,-2.249
"2019-03-04 23:32:00",0,28.19,0.065,0,0,0,0,0,0,0,62.35,0,-2.31
"2019-03-04 23:33:00",0,28.23,0.065,0,0,0,0,0,0,0,62.24,0,-2.452
"2019-03-04 23:34:00",0,28.24,0.065,0,0,0,0,0,0,0,62.21,0,-2.499
"2019-03-04 23:35:00",0,28.18,0.065,0,0,0,0,0,0,0,62.29,0,-2.538
"2019-03-04 23:36:00",0,28.21,0.065,0,0,0,0,0,0,0,62.33,0,-2.357
"2019-03-04 23:37:00",0,28.18,0.064,0,0,0,0,0,0,0,62.34,0.011,-2.385
"2019-03-04 23:38:00",0,28.19,0.065,0,0,0,0,0,0,0,62.42,0.023,-2.216
"2019-03-04 23:39:00",0,28.2,0.064,0,0,0,0,0,0,0,62.4,0.011,-2.221
"2019-03-04 23:40:00",0,28.22,0.064,0,0,0,0,0,0,0,62.31,0.034,-2.681
"2019-03-04 23:41:00",0,28.22,0.065,0,0,0,0,0,0,0,62.31,0.023,-2.45
"2019-03-04 23:42:00",0,28.28,0.065,0,0,0,0,0,0,0,62.42,0,-2.242
"2019-03-04 23:43:00",0,28.25,0.065,0,0,0,0,0,0,0,62.27,0,-2.274
"2019-03-04 23:44:00",0,28.27,0.065,0,0,0,0,0,0,0,62.28,0.011,-2.348
"2019-03-04 23:45:00",0,28.28,0.065,0,0,0,0,0,0,0,62.35,0.011,-2.3
"2019-03-04 23:46:00",0,28.28,0.065,0,0,0,0,0,0,0,62.29,0.023,-2.19
"2019-03-04 23:47:00",0,28.29,0.066,0,0,0,0,0,0,0,62.24,0,-2.499
"2019-03-04 23:48:00",0,28.35,0.065,0,0,0,0,0,0,0,62.28,0,-2.345
"2019-03-04 23:49:00",0,28.33,0.065,0,0,0,0,0,0,0,62.28,0,-2.346
"2019-03-04 23:50:00",0,28.32,0.065,0,0,0,0,0,0,0,62.3,0,-2.283
"2019-03-04 23:51:00",0,28.35,0.065,0,0,0,0,0,0,0,62.41,0,-2.161
"2019-03-04 23:52:00",0,28.35,0.065,0,0,0,0,0,0,0,62.47,0,-2.099
"2019-03-04 23:53:00",0,28.41,0.065,0,0,0,0,0,0,0,62.34,0,-2.196
"2019-03-04 23:54:00",0,28.36,0.065,0,0,0,0,0,0,0,62.52,0.011,-2.467
"2019-03-04 23:55:00",0,28.35,0.065,0,0,0,0,0,0,0,62.38,0,-2.192
"2019-03-04 23:56:00",0,28.29,0.065,0,0,0,0,0,0,0,62.35,0,-2.252
"2019-03-04 23:57:00",0,28.29,0.065,0,0,0,0,0,0,0,62.38,0.057,-2.316
"2019-03-04 23:58:00",0,28.3,0.065,0,0,0,0,0,0,0,62.4,0,-2.251
"2019-03-04 23:59:00",0,28.22,0.065,0,0,0,0,0,0,0,62.27,0,-2.372
