"TOA5","CR1000","CR1000","6428","CR1000.Std.10","CPU:MED_RAD.CR1","22591","Dados"
"TIMESTAMP","Radiacao_Avg","Temp_Cel_Avg","Temp_Amb_Avg","Tensao_S1_Avg","Corrente_S1_Avg","Potencia_S1_Avg","Tensao_S2_Avg","Corrente_S2_Avg","Potencia_S2_Avg","Potencia_FV_Avg","Demanda_Avg","FP_FV_Avg","Tensao_Rede_Avg"
"TS","W/m^2","C","C","V","A","W","V","A","W","W","W","%","V"
"","Avg","Avg","Avg","Avg","Avg","Avg","Avg","Avg","Avg","Avg","Avg","Avg","Avg"
"2019-03-05 00:00:00",0,28.24,0.065,0,0,0,0,0,0,0,62.3,0,-2.239
"2019-03-05 00:01:00",0,28.29,0.065,0,0,0,0,0,0,0,62.31,0,-2.337
"2019-03-05 00:02:00",0,28.19,0.065,0,0,0,0,0,0,0,62.19,0,-2.242
"2019-03-05 00:03:00",0,28.16,0.066,0,0,0,0,0,0,0,62.22,0,-2.429
"2019-03-05 00:04:00",0,28.19,0.066,0,0,0,0,0,0,0,62.21,0,-2.32
"2019-03-05 00:05:00",0,28.23,0.065,0,0,0,0,0,0,0,62.23,0,-2.398
"2019-03-05 00:06:00",0,28.17,0.065,0,0,0,0,0,0,0,62.23,0,-2.409
"2019-03-05 00:07:00",0,28.1,0.066,0,0,0,0,0,0,0,62.27,0,-2.341
"2019-03-05 00:08:00",0,28.12,0.066,0,0,0,0,0,0,0,62.33,0.011,-2.241
"2019-03-05 00:09:00",0,28.08,0.065,0,0,0,0,0,0,0,62.32,0,-2.269
"2019-03-05 00:10:00",0,28.08,0.065,0,0,0,0,0,0,0,62.31,0.023,-2.372
"2019-03-05 00:11:00",0,28.12,0.065,0,0,0,0,0,0,0,62.31,0,-2.277
"2019-03-05 00:12:00",0,28.19,0.065,0,0,0,0,0,0,0,62.3,0.011,-2.145
"2019-03-05 00:13:00",0,28.23,0.065,0,0,0,0,0,0,0,62.31,0,-2.479
"2019-03-05 00:14:00",0,28.2,0.066,0,0,0,0,0,0,0,62.2,0,-2.294
"2019-03-05 00:15:00",0,28.17,0.065,0,0,0,0,0,0,0,62.18,0,-2.175
"2019-03-05 00:16:00",0,28.12,0.065,0,0,0,0,0,0,0,62.18,0.011,-2.26
"2019-03-05 00:17:00",0,28.1,0.065,0,0,0,0,0,0,0,62.1,0,-2.384
"2019-03-05 00:18:00",0,28.15,0.065,0,0,0,0,0,0,0,93.6,0.011,-2.401
"2019-03-05 00:19:00",0,28.14,0.065,0,0,0,0,0,0,0,151.8,0.034,-2.286
"2019-03-05 00:20:00",0,28.12,0.066,0,0,0,0,0,0,0,151.3,0.034,-2.39
"2019-03-05 00:21:00",0,28.14,0.066,0,0,0,0,0,0,0,150.7,0.011,-2.265
"2019-03-05 00:22:00",0,28.13,0.066,0,0,0,0,0,0,0,150.6,0.011,-2.209
"2019-03-05 00:23:00",0,28.11,0.065,0,0,0,0,0,0,0,150.2,0.011,-2.207
"2019-03-05 00:24:00",0,28.09,0.066,0,0,0,0,0,0,0,150.3,0,-2.281
"2019-03-05 00:25:00",0,28.06,0.066,0,0,0,0,0,0,0,150.1,0.011,-2.274
"2019-03-05 00:26:00",0,28.04,0.066,0,0,0,0,0,0,0,150.1,0.011,-2.293
"2019-03-05 00:27:00",0,27.98,0.065,0,0,0,0,0,0,0,175.2,0.023,-2.412
"2019-03-05 00:28:00",0,27.91,0.066,0,0,0,0,0,0,0,233.4,0.023,-2.323
"2019-03-05 00:29:00",0,27.9,0.066,0,0,0,0,0,0,0,233.8,0.023,-2.501
"2019-03-05 00:30:00",0,27.88,0.065,0,0,0,0,0,0,0,235.3,0.011,-2.412
"2019-03-05 00:31:00",0,27.84,0.066,0,0,0,0,0,0,0,235,0.011,-2.212
"2019-03-05 00:32:00",0,27.8,0.065,0,0,0,0,0,0,0,234.2,0.023,-2.323
"2019-03-05 00:33:00",0,27.74,0.065,0,0,0,0,0,0,0,233.2,0.011,-2.303
"2019-03-05 00:34:00",0,27.73,0.065,0,0,0,0,0,0,0,232.5,0.023,-2.289
"2019-03-05 00:35:00",0,27.72,0.066,0,0,0,0,0,0,0,232.1,0,-2.298
"2019-03-05 00:36:00",0,27.68,0.066,0,0,0,0,0,0,0,231.5,0.011,-2.263
"2019-03-05 00:37:00",0,27.68,0.066,0,0,0,0,0,0,0,231.3,0.034,-2.313
"2019-03-05 00:38:00",0,27.66,0.066,0,0,0,0,0,0,0,230.6,0.011,-2.228
"2019-03-05 00:39:00",0,27.62,0.066,0,0,0,0,0,0,0,229.6,0.023,-2.299
"2019-03-05 00:40:00",0,27.62,0.066,0,0,0,0,0,0,0,229,0.023,-2.303
"2019-03-05 00:41:00",0,27.66,0.066,0,0,0,0,0,0,0,228.6,0,-2.391
"2019-03-05 00:42:00",0,27.53,0.066,0,0,0,0,0,0,0,227.9,0,-2.186
"2019-03-05 00:43:00",0,27.48,0.065,0,0,0,0,0,0,0,227.2,0.011,-2.301
"2019-03-05 00:44:00",0,27.39,0.066,0,0,0,0,0,0,0,201.2,0,-2.274
"2019-03-05 00:45:00",0,27.39,0.065,0,0,0,0,0,0,0,149.1,0.011,-2.246
"2019-03-05 00:46:00",0,27.4,0.066,0,0,0,0,0,0,0,149.1,0,-2.317
"2019-03-05 00:47:00",0,27.43,0.065,0,0,0,0,0,0,0,149,0,-2.206
"2019-03-05 00:48:00",0,27.46,0.066,0,0,0,0,0,0,0,149.1,0.023,-2.251
"2019-03-05 00:49:00",0,27.47,0.066,0,0,0,0,0,0,0,148.7,0,-2.324
"2019-03-05 00:50:00",0,27.51,0.065,0,0,0,0,0,0,0,148.5,0,-2.241
"2019-03-05 00:51:00",0,27.5,0.065,0,0,0,0,0,0,0,148.4,0.011,-2.253
"2019-03-05 00:52:00",0,27.5,0.066,0,0,0,0,0,0,0,148.3,0.011,-2.162
"2019-03-05 00:53:00",0,27.55,0.065,0,0,0,0,0,0,0,148.2,0.057,-2.421
"2019-03-05 00:54:00",0,27.56,0.065,0,0,0,0,0,0,0,148.3,0,-1.909
"2019-03-05 00:55:00",0,27.66,0.066,0,0,0,0,0,0,0,148.3,0,-2.308
"2019-03-05 00:56:00",0,27.65,0.065,0,0,0,0,0,0,0,148.5,0,-2.475
"2019-03-05 00:57:00",0,27.66,0.065,0,0,0,0,0,0,0,148.7,0,-2.148
"2019-03-05 00:58:00",0,27.64,0.065,0,0,0,0,0,0,0,148.9,0.034,-2.338
"2019-03-05 00:59:00",0,27.61,0.065,0,0,0,0,0,0,0,148.9,0,-2.308
"2019-03-05 01:00:00",0,27.58,0.066,0,0,0,0,0,0,0,148.8,0.011,-2.346
"2019-03-05 01:01:00",0,27.56,0.065,0,0,0,0,0,0,0,148.8,0.011,-2.244
"2019-03-05 01:02:00",0,27.49,0.066,0,0,0,0,0,0,0,148.9,0.011,-2.429
"2019-03-05 01:03:00",0,27.47,0.065,0,0,0,0,0,0,0,149.1,0,-2.577
"2019-03-05 01:04:00",0,27.46,0.066,0,0,0,0,0,0,0,149.2,0.011,-2.45
"2019-03-05 01:05:00",0,27.39,0.065,0,0,0,0,0,0,0,148.8,0,-2.031
"2019-03-05 01:06:00",0,27.31,0.066,0,0,0,0,0,0,0,149,0,-2.422
"2019-03-05 01:07:00",0,27.25,0.066,0,0,0,0,0,0,0,148.9,0,-2.244
"2019-03-05 01:08:00",0,27.29,0.066,0,0,0,0,0,0,0,149,0,-2.257
"2019-03-05 01:09:00",0,27.22,0.066,0,0,0,0,0,0,0,149,0,-2.39
"2019-03-05 01:10:00",0,27.13,0.065,0,0,0,0,0,0,0,62.16,0,-2.317
"2019-03-05 01:11:00",0,27.09,0.065,0,0,0,0,0,0,0,62.18,0.023,-2.174
"2019-03-05 01:12:00",0,26.96,0.066,0,0,0,0,0,0,0,62.15,0.011,-2.284
"2019-03-05 01:13:00",0,26.91,0.066,0,0,0,0,0,0,0,62.05,0,-2.118
"2019-03-05 01:14:00",0,26.92,0.066,0,0,0,0,0,0,0,61.99,0,-2.339
"2019-03-05 01:15:00",0,26.96,0.065,0,0,0,0,0,0,0,62.1,0,-2.199
"2019-03-05 01:16:00",0,26.91,0.066,0,0,0,0,0,0,0,62.15,0,-2.219
"2019-03-05 01:17:00",0,26.84,0.066,0,0,0,0,0,0,0,62.16,0.011,-2.462
"2019-03-05 01:18:00",0,26.84,0.065,0,0,0,0,0,0,0,62.08,0,-2.601
"2019-03-05 01:19:00",0,26.91,0.065,0,0,0,0,0,0,0,61.96,0,-2.341
"2019-03-05 01:20:00",0,26.99,0.065,0,0,0,0,0,0,0,62.07,0,-2.35
"2019-03-05 01:21:00",0,27.03,0.065,0,0,0,0,0,0,0,62.07,0,-2.045
"2019-03-05 01:22:00",0,27.06,0.065,0,0,0,0,0,0,0,62.1,0,-2.253
"2019-03-05 01:23:00",0,27.14,0.065,0,0,0,0,0,0,0,62.11,0,-2.487
"2019-03-05 01:24:00",0,27.26,0.065,0,0,0,0,0,0,0,62.02,0,-2.12
"2019-03-05 01:25:00",0,27.24,0.064,0,0,0,0,0,0,0,62.08,0,-2.058
"2019-03-05 01:26:00",0,27.28,0.065,0,0,0,0,0,0,0,62.09,0.023,-2.477
"2019-03-05 01:27:00",0,27.28,0.065,0,0,0,0,0,0,0,62.09,0,-2.282
"2019-03-05 01:28:00",0,27.19,0.065,0,0,0,0,0,0,0,62.06,0,-1.981
"2019-03-05 01:29:00",0,27.2,0.066,0,0,0,0,0,0,0,61.98,0,-2.328
"2019-03-05 01:30:00",0,27.29,0.065,0,0,0,0,0,0,0,62.11,0,-2.357
"2019-03-05 01:31:00",0,27.29,0.065,0,0,0,0,0,0,0,62.09,0.011,-2.453
"2019-03-05 01:32:00",0,27.29,0.065,0,0,0,0,0,0,0,62.02,0.011,-2.398
"2019-03-05 01:33:00",0,27.32,0.065,0,0,0,0,0,0,0,62.04,0,-2.254
"2019-03-05 01:34:00",0,27.32,0.065,0,0,0,0,0,0,0,62.08,0,-2.322
"2019-03-05 01:35:00",0,27.3,0.065,0,0,0,0,0,0,0,62.16,0,-2.345
"2019-03-05 01:36:00",0,27.35,0.065,0,0,0,0,0,0,0,62.01,0,-2.127
"2019-03-05 01:37:00",0,27.31,0.065,0,0,0,0,0,0,0,61.98,0,-2.406
"2019-03-05 01:38:00",0,27.33,0.065,0,0,0,0,0,0,0,62.09,0,-2.315
"2019-03-05 01:39:00",0,27.31,0.065,0,0,0,0,0,0,0,61.98,0,-2.384
"2019-03-05 01:40:00",0,27.32,0.065,0,0,0,0,0,0,0,62.08,0,-2.37
"2019-03-05 01:41:00",0,27.28,0.065,0,0,0,0,0,0,0,62.07,0,-1.954
"2019-03-05 01:42:00",0,27.39,0.065,0,0,0,0,0,0,0,62.01,0,-2.309
"2019-03-05 01:43:00",0,27.41,0.065,0,0,0,0,0,0,0,62.07,0.023,-2.326
"2019-03-05 01:44:00",0,27.43,0.065,0,0,0,0,0,0,0,61.94,0.023,-2.326
"2019-03-05 01:45:00",0,27.44,0.065,0,0,0,0,0,0,0,62.01,0.023,-2.17
"2019-03-05 01:46:00",0,27.43,0.065,0,0,0,0,0,0,0,62.06,0,-2.261
"2019-03-05 01:47:00",0,27.51,0.064,0,0,0,0,0,0,0,62.11,0,-2.401
"2019-03-05 01:48:00",0,27.44,0.065,0,0,0,0,0,0,0,62.11,0,-2.322
"2019-03-05 01:49:00",0,27.45,0.065,0,0,0,0,0,0,0,62.04,0,-2.371
"2019-03-05 01:50:00",0,27.48,0.065,0,0,0,0,0,0,0,62,0,-2.42
"2019-03-05 01:51:00",0,27.53,0.065,0,0,0,0,0,0,0,61.98,0,-2.014
"2019-03-05 01:52:00",0,27.46,0.065,0,0,0,0,0,0,0,62.01,0.011,-2.44
"2019-03-05 01:53:00",0,27.46,0.064,0,0,0,0,0,0,0,62.01,0,-2.157
"2019-03-05 01:54:00",0,27.51,0.064,0,0,0,0,0,0,0,62.05,0,-2.399
"2019-03-05 01:55:00",0,27.5,0.065,0,0,0,0,0,0,0,62.08,0,-2.344
"2019-03-05 01:56:00",0,27.57,0.065,0,0,0,0,0,0,0,62.05,0,-2.324
"2019-03-05 01:57:00",0,27.61,0.065,0,0,0,0,0,0,0,61.96,0,-2.117
"2019-03-05 01:58:00",0,27.68,0.065,0,0,0,0,0,0,0,62,0,-2.267
"2019-03-05 01:59:00",0,27.8,0.064,0,0,0,0,0,0,0,61.99,0,-2.061
"2019-03-05 02:00:00",0,27.82,0.065,0,0,0,0,0,0,0,61.98,0,-2.345
"2019-03-05 02:01:00",0,27.77,0.064,0,0,0,0,0,0,0,61.95,0.011,-2.343
"2019-03-05 02:02:00",0,27.77,0.064,0,0,0,0,0,0,0,62.04,0,-2.384
"2019-03-05 02:03:00",0,27.83,0.064,0,0,0,0,0,0,0,115.7,0,-2.303
"2019-03-05 02:04:00",0,27.77,0.064,0,0,0,0,0,0,0,151.1,0.011,-2.283
"2019-03-05 02:05:00",0,27.77,0.064,0,0,0,0,0,0,0,150.7,0.034,-2.29
"2019-03-05 02:06:00",0,27.85,0.064,0,0,0,0,0,0,0,150.7,0.011,-2.285
"2019-03-05 02:07:00",0,27.86,0.064,0,0,0,0,0,0,0,150.6,0,-2.316
"2019-03-05 02:08:00",0,27.91,0.064,0,0,0,0,0,0,0,150.5,0.011,-2.269
"2019-03-05 02:09:00",0,27.92,0.064,0,0,0,0,0,0,0,150.4,0,-2.32
"2019-03-05 02:10:00",0,27.91,0.064,0,0,0,0,0,0,0,150.4,0,-2.292
"2019-03-05 02:11:00",0,27.98,0.064,0,0,0,0,0,0,0,150.3,0.023,-2.233
"2019-03-05 02:12:00",0,27.97,0.064,0,0,0,0,0,0,0,149.8,0.011,-2.293
"2019-03-05 02:13:00",0,28.01,0.064,0,0,0,0,0,0,0,149.4,0.023,-2.342
"2019-03-05 02:14:00",0,28.06,0.064,0,0,0,0,0,0,0,149.1,0,-2.295
"2019-03-05 02:15:00",0,28.04,0.064,0,0,0,0,0,0,0,148.6,0,-2.283
"2019-03-05 02:16:00",0,28.03,0.064,0,0,0,0,0,0,0,148.1,0,-2.337
"2019-03-05 02:17:00",0,28.05,0.064,0,0,0,0,0,0,0,147.6,0,-2.299
"2019-03-05 02:18:00",0,28.06,0.064,0,0,0,0,0,0,0,147.2,0,-2.261
"2019-03-05 02:19:00",0,28,0.064,0,0,0,0,0,0,0,146.3,0,-2.273
"2019-03-05 02:20:00",0,28.04,0.064,0,0,0,0,0,0,0,146,0,-2.321
"2019-03-05 02:21:00",0,28.07,0.064,0,0,0,0,0,0,0,145.5,0.011,-2.302
"2019-03-05 02:22:00",0,28.05,0.064,0,0,0,0,0,0,0,145.1,0.023,-2.302
"2019-03-05 02:23:00",0,28.02,0.064,0,0,0,0,0,0,0,144.7,0,-2.294
"2019-03-05 02:24:00",0,28.06,0.064,0,0,0,0,0,0,0,143.7,0,-2.301
"2019-03-05 02:25:00",0,28.06,0.064,0,0,0,0,0,0,0,143,0,-2.286
"2019-03-05 02:26:00",0,28.05,0.064,0,0,0,0,0,0,0,142.7,0,-2.269
"2019-03-05 02:27:00",0,28.04,0.064,0,0,0,0,0,0,0,142.2,0,-2.33
"2019-03-05 02:28:00",0,27.96,0.064,0,0,0,0,0,0,0,141.6,0,-2.314
"2019-03-05 02:29:00",0,27.95,0.065,0,0,0,0,0,0,0,141.3,0,-2.413
"2019-03-05 02:30:00",0,27.97,0.064,0,0,0,0,0,0,0,70.16,0,-2.356
"2019-03-05 02:31:00",0,27.9,0.063,0,0,0,0,0,0,0,62.24,0,-2.323
"2019-03-05 02:32:00",0,27.9,0.064,0,0,0,0,0,0,0,62.2,0,-2.191
"2019-03-05 02:33:00",0,27.91,0.065,0,0,0,0,0,0,0,62.27,0.011,-2.665
"2019-03-05 02:34:00",0,27.87,0.064,0,0,0,0,0,0,0,62.27,0.011,-2.373
"2019-03-05 02:35:00",0,27.84,0.064,0,0,0,0,0,0,0,62.09,0,-2.298
"2019-03-05 02:36:00",0,27.84,0.064,0,0,0,0,0,0,0,62.06,0,-2.161
"2019-03-05 02:37:00",0,27.76,0.064,0,0,0,0,0,0,0,62.09,0,-2.368
"2019-03-05 02:38:00",0,27.76,0.064,0,0,0,0,0,0,0,62.15,0,-2.307
"2019-03-05 02:39:00",0,27.72,0.064,0,0,0,0,0,0,0,62.11,0,-2.306
"2019-03-05 02:40:00",0,27.67,0.064,0,0,0,0,0,0,0,62.15,0,-2.27
"2019-03-05 02:41:00",0,27.66,0.064,0,0,0,0,0,0,0,62.18,0,-2.232
"2019-03-05 02:42:00",0,27.63,0.064,0,0,0,0,0,0,0,62.39,0,-2.245
"2019-03-05 02:43:00",0,27.63,0.064,0,0,0,0,0,0,0,62.34,0,-2.182
"2019-03-05 02:44:00",0,27.6,0.064,0,0,0,0,0,0,0,62.22,0,-2.188
"2019-03-05 02:45:00",0,27.56,0.063,0,0,0,0,0,0,0,62.19,0,-2.764
"2019-03-05 02:46:00",0,27.49,0.064,0,0,0,0,0,0,0,62.12,0,-2.327
"2019-03-05 02:47:00",0,27.48,0.065,0,0,0,0,0,0,0,62.22,0,-2.665
"2019-03-05 02:48:00",0,27.54,0.064,0,0,0,0,0,0,0,62.18,0,-2.181
"2019-03-05 02:49:00",0,27.53,0.064,0,0,0,0,0,0,0,62.32,0.011,-2.374
"2019-03-05 02:50:00",0,27.49,0.063,0,0,0,0,0,0,0,62.26,0,-2.591
"2019-03-05 02:51:00",0,27.39,0.064,0,0,0,0,0,0,0,62.16,0,-2.377
"2019-03-05 02:52:00",0,27.4,0.064,0,0,0,0,0,0,0,62.05,0,-1.758
"2019-03-05 02:53:00",0,27.32,0.063,0,0,0,0,0,0,0,62.12,0,-2.596
"2019-03-05 02:54:00",0,27.36,0.064,0,0,0,0,0,0,0,62.17,0,-2.24
"2019-03-05 02:55:00",0,27.32,0.063,0,0,0,0,0,0,0,62.12,0,-2.246
"2019-03-05 02:56:00",0,27.31,0.064,0,0,0,0,0,0,0,62.21,0,-2.344
"2019-03-05 02:57:00",0,27.36,0.064,0,0,0,0,0,0,0,62.12,0,-2.346
"2019-03-05 02:58:00",0,27.32,0.063,0,0,0,0,0,0,0,62.1,0,-2.224
"2019-03-05 02:59:00",0,27.24,0.063,0,0,0,0,0,0,0,62.16,0,-2.543
"2019-03-05 03:00:00",0,27.2,0.063,0,0,0,0,0,0,0,62.08,0,-2.29
"2019-03-05 03:01:00",0,27.27,0.063,0,0,0,0,0,0,0,61.99,0,-2.114
"2019-03-05 03:02:00",0,27.17,0.064,0,0,0,0,0,0,0,61.96,0,-2.087
"2019-03-05 03:03:00",0,27.31,0.063,0,0,0,0,0,0,0,62.11,0.011,-2.342
"2019-03-05 03:04:00",0,27.26,0.063,0,0,0,0,0,0,0,61.99,0,-2.243
"2019-03-05 03:05:00",0,27.22,0.063,0,0,0,0,0,0,0,62.05,0,-2.313
"2019-03-05 03:06:00",0,27.26,0.063,0,0,0,0,0,0,0,62.06,0,-1.989
"2019-03-05 03:07:00",0,27.19,0.063,0,0,0,0,0,0,0,62.29,0,-2.039
"2019-03-05 03:08:00",0,27.28,0.063,0,0,0,0,0,0,0,62.28,0,-2.061
"2019-03-05 03:09:00",0,27.28,0.063,0,0,0,0,0,0,0,62.24,0.011,-2.152
"2019-03-05 03:10:00",0,27.34,0.064,0,0,0,0,0,0,0,62.33,0.034,-2.388
"2019-03-05 03:11:00",0,27.29,0.063,0,0,0,0,0,0,0,62.21,0,-2.234
"2019-03-05 03:12:00",0,27.3,0.063,0,0,0,0,0,0,0,62.15,0,-2.338
"2019-03-05 03:13:00",0,27.29,0.063,0,0,0,0,0,0,0,62.18,0.011,-2.341
"2019-03-05 03:14:00",0,27.36,0.063,0,0,0,0,0,0,0,62.12,0,-2.282
"2019-03-05 03:15:00",0,27.29,0.063,0,0,0,0,0,0,0,62.15,0,-2.619
"2019-03-05 03:16:00",0,27.27,0.063,0,0,0,0,0,0,0,62.07,0,-2.098
"2019-03-05 03:17:00",0,27.25,0.063,0,0,0,0,0,0,0,62.18,0,-2.203
"2019-03-05 03:18:00",0,27.21,0.063,0,0,0,0,0,0,0,62.19,0,-2.304
"2019-03-05 03:19:00",0,27.21,0.063,0,0,0,0,0,0,0,61.96,0,-2.249
"2019-03-05 03:20:00",0,27.16,0.062,0,0,0,0,0,0,0,62.05,0,-2.45
"2019-03-05 03:21:00",0,27.21,0.063,0,0,0,0,0,0,0,62.07,0,-2.656
"2019-03-05 03:22:00",0,27.13,0.063,0,0,0,0,0,0,0,62.12,0,-2.357
"2019-03-05 03:23:00",0,27.15,0.064,0,0,0,0,0,0,0,62.07,0,-2.359
"2019-03-05 03:24:00",0,27.13,0.063,0,0,0,0,0,0,0,62.08,0,-2.105
"2019-03-05 03:25:00",0,27.15,0.063,0,0,0,0,0,0,0,62,0,-2.188
"2019-03-05 03:26:00",0,27.12,0.063,0,0,0,0,0,0,0,62.01,0,-2.269
"2019-03-05 03:27:00",0,27.16,0.062,0,0,0,0,0,0,0,62.01,0,-2.389
"2019-03-05 03:28:00",0,27.05,0.063,0,0,0,0,0,0,0,62.08,0,-2.228
"2019-03-05 03:29:00",0,27.07,0.063,0,0,0,0,0,0,0,62,0,-2.246
"2019-03-05 03:30:00",0,27.01,0.062,0,0,0,0,0,0,0,62.07,0,-2.587
"2019-03-05 03:31:00",0,27.04,0.062,0,0,0,0,0,0,0,62.04,0,-2.733
"2019-03-05 03:32:00",0,27.02,0.063,0,0,0,0,0,0,0,62.17,0,-2.302
"2019-03-05 03:33:00",0,26.96,0.062,0,0,0,0,0,0,0,62.19,0,-2.352
"2019-03-05 03:34:00",0,26.91,0.062,0,0,0,0,0,0,0,62.12,0.011,-2.369
"2019-03-05 03:35:00",0,26.88,0.062,0,0,0,0,0,0,0,62.04,0,-1.742
"2019-03-05 03:36:00",0,26.79,0.062,0,0,0,0,0,0,0,62.16,0,-2.299
"2019-03-05 03:37:00",0,26.86,0.063,0,0,0,0,0,0,0,62.18,0,-2.145
"2019-03-05 03:38:00",0,26.85,0.062,0,0,0,0,0,0,0,62.09,0.011,-2.273
"2019-03-05 03:39:00",0,26.84,0.062,0,0,0,0,0,0,0,62.19,0,-2.097
"2019-03-05 03:40:00",0,26.84,0.063,0,0,0,0,0,0,0,62.08,0,-2.111
"2019-03-05 03:41:00",0,26.83,0.063,0,0,0,0,0,0,0,62.06,0,-2.598
"2019-03-05 03:42:00",0,26.91,0.063,0,0,0,0,0,0,0,62.1,0,-2.313
"2019-03-05 03:43:00",0,26.93,0.063,0,0,0,0,0,0,0,62.05,0,-2.522
"2019-03-05 03:44:00",0,26.86,0.062,0,0,0,0,0,0,0,62.07,0.011,-2.376
"2019-03-05 03:45:00",0,27,0.062,0,0,0,0,0,0,0,61.96,0,-2.063
"2019-03-05 03:46:00",0,27.05,0.062,0,0,0,0,0,0,0,62,0.034,-2.418
"2019-03-05 03:47:00",0,27.11,0.062,0,0,0,0,0,0,0,62.01,0.011,-2.275
"2019-03-05 03:48:00",0,27.11,0.062,0,0,0,0,0,0,0,61.98,0.011,-2.233
"2019-03-05 03:49:00",0,27.14,0.062,0,0,0,0,0,0,0,103.5,0,-2.403
"2019-03-05 03:50:00",0,27.16,0.062,0,0,0,0,0,0,0,150.9,0,-2.216
"2019-03-05 03:51:00",0,27.17,0.062,0,0,0,0,0,0,0,150.5,0,-2.114
"2019-03-05 03:52:00",0,27.25,0.062,0,0,0,0,0,0,0,150.3,0,-2.235
"2019-03-05 03:53:00",0,27.29,0.061,0,0,0,0,0,0,0,150.2,0.011,-2.38
"2019-03-05 03:54:00",0,27.27,0.062,0,0,0,0,0,0,0,150.3,0.011,-2.01
"2019-03-05 03:55:00",0,27.33,0.062,0,0,0,0,0,0,0,150.3,0,-2.613
"2019-03-05 03:56:00",0,27.31,0.062,0,0,0,0,0,0,0,150.2,0,-2.145
"2019-03-05 03:57:00",0,27.28,0.061,0,0,0,0,0,0,0,150,0.011,-2.409
"2019-03-05 03:58:00",0,27.3,0.062,0,0,0,0,0,0,0,149.7,0.011,-2.482
"2019-03-05 03:59:00",0,27.26,0.062,0,0,0,0,0,0,0,149.1,0,-2.605
"2019-03-05 04:00:00",0,27.27,0.061,0,0,0,0,0,0,0,148.7,0,-2.366
"2019-03-05 04:01:00",0,27.33,0.062,0,0,0,0,0,0,0,148.5,0,-2.296
"2019-03-05 04:02:00",0,27.34,0.062,0,0,0,0,0,0,0,147.9,0,-2.33
"2019-03-05 04:03:00",0,27.44,0.062,0,0,0,0,0,0,0,147.6,0,-2.624
"2019-03-05 04:04:00",0,27.46,0.061,0,0,0,0,0,0,0,146.8,0,-2.141
"2019-03-05 04:05:00",0,27.45,0.062,0,0,0,0,0,0,0,146.3,0.011,-2.395
"2019-03-05 04:06:00",0,27.52,0.061,0,0,0,0,0,0,0,145.8,0,-1.952
"2019-03-05 04:07:00",0,27.56,0.062,0,0,0,0,0,0,0,145.1,0,-2.227
"2019-03-05 04:08:00",0,27.58,0.062,0,0,0,0,0,0,0,144.7,0,-2.436
"2019-03-05 04:09:00",0,27.55,0.062,0,0,0,0,0,0,0,144.1,0.011,-2.194
"2019-03-05 04:10:00",0,27.51,0.061,0,0,0,0,0,0,0,143.5,0.011,-2.323
"2019-03-05 04:11:00",0,27.5,0.062,0,0,0,0,0,0,0,142.7,0,-2.164
"2019-03-05 04:12:00",0,27.53,0.062,0,0,0,0,0,0,0,142.1,0,-2.233
"2019-03-05 04:13:00",0,27.48,0.062,0,0,0,0,0,0,0,141.7,0,-2.291
"2019-03-05 04:14:00",0,27.48,0.061,0,0,0,0,0,0,0,141.2,0.011,-2.392
"2019-03-05 04:15:00",0,27.43,0.062,0,0,0,0,0,0,0,129.2,0,-1.944
"2019-03-05 04:16:00",0,27.47,0.062,0,0,0,0,0,0,0,62.15,0,-2.46
"2019-03-05 04:17:00",0,27.47,0.062,0,0,0,0,0,0,0,62.21,0,-2.181
"2019-03-05 04:18:00",0,27.43,0.062,0,0,0,0,0,0,0,62.23,0,-2.109
"2019-03-05 04:19:00",0,27.51,0.062,0,0,0,0,0,0,0,62.12,0,-2.352
"2019-03-05 04:20:00",0,27.55,0.061,0,0,0,0,0,0,0,62.26,0,-2.423
"2019-03-05 04:21:00",0,27.56,0.061,0,0,0,0,0,0,0,62.22,0,-2.184
"2019-03-05 04:22:00",0,27.59,0.062,0,0,0,0,0,0,0,62.13,0,-2.406
"2019-03-05 04:23:00",0,27.56,0.062,0,0,0,0,0,0,0,62.23,0,-2.074
"2019-03-05 04:24:00",0,27.53,0.062,0,0,0,0,0,0,0,62.19,0,-2.542
"2019-03-05 04:25:00",0,27.56,0.061,0,0,0,0,0,0,0,62.12,0,-2.459
"2019-03-05 04:26:00",0,27.6,0.062,0,0,0,0,0,0,0,62.02,0,-2.031
"2019-03-05 04:27:00",0,27.54,0.062,0,0,0,0,0,0,0,62.11,0,-2.363
"2019-03-05 04:28:00",0,27.55,0.062,0,0,0,0,0,0,0,62.19,0,-2.228
"2019-03-05 04:29:00",0,27.45,0.061,0,0,0,0,0,0,0,62.12,0.011,-2.413
"2019-03-05 04:30:00",0,27.46,0.062,0,0,0,0,0,0,0,62.07,0.011,-2.34
"2019-03-05 04:31:00",0,27.36,0.062,0,0,0,0,0,0,0,62.1,0,-2.241
"2019-03-05 04:32:00",0,27.44,0.061,0,0,0,0,0,0,0,62.05,0,-2.253
"2019-03-05 04:33:00",0,27.45,0.062,0,0,0,0,0,0,0,62.17,0,-2.25
"2019-03-05 04:34:00",0,27.42,0.062,0,0,0,0,0,0,0,62.23,0,-2.115
"2019-03-05 04:35:00",0,27.37,0.062,0,0,0,0,0,0,0,62.08,0,-2.392
"2019-03-05 04:36:00",0,27.43,0.062,0,0,0,0,0,0,0,62.12,0.023,-2.406
"2019-03-05 04:37:00",0,27.41,0.062,0,0,0,0,0,0,0,62.1,0,-2.171
"2019-03-05 04:38:00",0,27.43,0.062,0,0,0,0,0,0,0,62.11,0,-2.449
"2019-03-05 04:39:00",0,27.42,0.062,0,0,0,0,0,0,0,62.12,0,-2.464
"2019-03-05 04:40:00",0,27.48,0.062,0,0,0,0,0,0,0,62.04,0,-2.458
"2019-03-05 04:41:00",0,27.46,0.062,0,0,0,0,0,0,0,62.09,0,-2.177
"2019-03-05 04:42:00",0,27.48,0.062,0,0,0,0,0,0,0,61.98,0,-2.595
"2019-03-05 04:43:00",0,27.45,0.062,0,0,0,0,0,0,0,62.15,0,-2.089
"2019-03-05 04:44:00",0,27.49,0.062,0,0,0,0,0,0,0,62.12,0,-1.946
"2019-03-05 04:45:00",0,27.58,0.062,0,0,0,0,0,0,0,62.12,0,-2.424
"2019-03-05 04:46:00",0,27.62,0.062,0,0,0,0,0,0,0,62.13,0.023,-2.19
"2019-03-05 04:47:00",0,27.69,0.061,0,0,0,0,0,0,0,62.18,0,-2.353
"2019-03-05 04:48:00",0,27.72,0.063,0,0,0,0,0,0,0,62.19,0.011,-2.152
"2019-03-05 04:49:00",0,27.71,0.062,0,0,0,0,0,0,0,62.13,0,-2.216
"2019-03-05 04:50:00",0,27.82,0.062,0,0,0,0,0,0,0,62.19,0,-2
"2019-03-05 04:51:00",0,27.79,0.062,0,0,0,0,0,0,0,62.28,0,-2.281
"2019-03-05 04:52:00",0,27.75,0.062,0,0,0,0,0,0,0,62.19,0,-2.143
"2019-03-05 04:53:00",0,27.65,0.062,0,0,0,0,0,0,0,62.22,0,-2.312
"2019-03-05 04:54:00",0,27.65,0.062,0,0,0,0,0,0,0,62.3,0,-1.988
"2019-03-05 04:55:00",0,27.71,0.062,0,0,0,0,0,0,0,62.11,0,-2.396
"2019-03-05 04:56:00",0,27.59,0.062,0,0,0,0,0,0,0,62.06,0,-2.383
"2019-03-05 04:57:00",0,27.61,0.062,0,0,0,0,0,0,0,62.02,0,-2.269
"2019-03-05 04:58:00",0,27.64,0.062,0,0,0,0,0,0,0,62.02,0,-2.33
"2019-03-05 04:59:00",0,27.63,0.062,0,0,0,0,0,0,0,62.1,0,-2.271
"2019-03-05 05:00:00",0,27.63,0.062,0,0,0,0,0,0,0,62.08,0,-2.312
"2019-03-05 05:01:00",0,27.62,0.062,0,0,0,0,0,0,0,62.23,0,-2.319
"2019-03-05 05:02:00",0,27.56,0.062,0,0,0,0,0,0,0,62.08,0,-2.331
"2019-03-05 05:03:00",0,27.58,0.062,0,0,0,0,0,0,0,62.07,0,-2.236
"2019-03-05 05:04:00",0,27.54,0.062,0,0,0,0,0,0,0,62.04,0,-2.275
"2019-03-05 05:05:00",0,27.51,0.062,0,0,0,0,0,0,0,62.09,0,-2.321
"2019-03-05 05:06:00",0,27.53,0.062,0,0,0,0,0,0,0,62.15,0,-2.26
"2019-03-05 05:07:00",0,27.59,0.062,0,0,0,0,0,0,0,62.11,0,-2.32
"2019-03-05 05:08:00",0,27.57,0.063,0,0,0,0,0,0,0,62.08,0,-2.425
"2019-03-05 05:09:00",0,27.54,0.062,0,0,0,0,0,0,0,62.22,0,-2.242
"2019-03-05 05:10:00",0,27.51,0.062,0,0,0,0,0,0,0,62.2,0.011,-2.554
"2019-03-05 05:11:00",0,27.5,0.063,0,0,0,0,0,0,0,62.22,0,-2.658
"2019-03-05 05:12:00",0,27.51,0.063,0,0,0,0,0,0,0,62.26,0,-2.277
"2019-03-05 05:13:00",0,27.49,0.062,0,0,0,0,0,0,0,62.13,0,-2.286
"2019-03-05 05:14:00",0,27.46,0.063,0,0,0,0,0,0,0,62.15,0,-2.294
"2019-03-05 05:15:00",0,27.46,0.063,0,0,0,0,0,0,0,62.13,0,-2.29
"2019-03-05 05:16:00",0,27.5,0.062,0,0,0,0,0,0,0,62.13,0,-2.349
"2019-03-05 05:17:00",0,27.54,0.063,0,0,0,0,0,0,0,62.08,0,-2.347
"2019-03-05 05:18:00",0,27.65,0.063,0,0,0,0,0,0,0,62,0,-2.244
"2019-03-05 05:19:00",0,27.67,0.062,0,0,0,0,0,0,0,62.01,0,-2.422
"2019-03-05 05:20:00",0,27.7,0.063,0,0,0,0,0,0,0,102,0,-2.341
"2019-03-05 05:21:00",0,27.77,0.063,0,0,0,0,0,0,0,147.6,0,-2.517
"2019-03-05 05:22:00",0,27.81,0.063,0,0,0,0,0,0,0,149.2,0,-2.213
"2019-03-05 05:23:00",0,27.8,0.063,0,0,0,0,0,0,0,150.9,0,-2.056
"2019-03-05 05:24:00",0,27.82,0.063,0,0,0,0,0,0,0,151,0,-2.278
"2019-03-05 05:25:00",0,27.86,0.063,0,0,0,0,0,0,0,150.5,0,-2.277
"2019-03-05 05:26:00",0,27.87,0.062,0,0,0,0,0,0,0,149.9,0,-2.199
"2019-03-05 05:27:00",0,27.85,0.063,0,0,0,0,0,0,0,149.7,0,-2.272
"2019-03-05 05:28:00",0,27.83,0.063,0,0,0,0,0,0,0,149.3,0,-2.422
"2019-03-05 05:29:00",0,27.87,0.062,0,0,0,0,0,0,0,149.2,0,-2.194
"2019-03-05 05:30:00",0,27.81,0.063,0,0,0,0,0,0,0,149.5,0,-2.307
"2019-03-05 05:31:00",0,27.77,0.062,0,0,0,0,0,0,0,149.3,0,-2.398
"2019-03-05 05:32:00",0,27.75,0.062,0,0,0,0,0,0,0,149.5,0,-2.287
"2019-03-05 05:33:00",0,27.64,0.062,0,0,0,0,0,0,0,149.4,0,-1.897
"2019-03-05 05:34:00",0,27.66,0.063,0,0,0,0,0,0,0,149.3,0,-1.951
"2019-03-05 05:35:00",0,27.68,0.063,0,0,0,0,0,0,0,207.2,0,-2.603
"2019-03-05 05:36:00",0,27.73,0.062,0,0,0,0,0,0,0,235.9,0.011,-2.435
"2019-03-05 05:37:00",0,27.75,0.063,0,0,0,0,0,0,0,235.4,0,-2.458
"2019-03-05 05:38:00",0,27.68,0.062,0,0,0,0,0,0,0,234.8,0,-2.343
"2019-03-05 05:39:00",0,27.7,0.062,0,0,0,0,0,0,0,234.4,0,-2.27
"2019-03-05 05:40:00",0,27.72,0.062,0,0,0,0,0,0,0,234.3,0,-2.412
"2019-03-05 05:41:00",0,27.72,0.062,0,0,0,0,0,0,0,234.2,0,-2.307
"2019-03-05 05:42:00",0,27.76,0.063,0,0,0,0,0,0,0,233.7,0.011,-2.144
"2019-03-05 05:43:00",0,27.69,0.063,0,0,0,0,0,0,0,233.8,0,-2.47
"2019-03-05 05:44:00",0,27.8,0.063,0,0,0,0,0,0,0,233.6,0,-2.338
"2019-03-05 05:45:00",0,27.82,0.062,0,0,0,0,0,0,0,233.2,0,-2.757
"2019-03-05 05:46:00",0,27.74,0.063,0,0,0,0,0,0,0,232.8,0,-2.437
"2019-03-05 05:47:00",0,27.83,0.063,0,0,0,0,0,0,0,232.4,0,-2.164
"2019-03-05 05:48:00",0,27.83,0.063,0,0,0,0,0,0,0,232,0,-2.191
"2019-03-05 05:49:00",0,27.85,0.063,0,0,0,0,0,0,0,231.7,0,-2.471
"2019-03-05 05:50:00",0,27.84,0.063,0,0,0,0,0,0,0,231.2,0,-1.955
"2019-03-05 05:51:00",0,27.81,0.062,0,0,0,0,0,0,0,230.5,0,-2.539
"2019-03-05 05:52:00",0,27.79,0.063,0,0,0,0,0,0,0,230,0,-2.296
"2019-03-05 05:53:00",0,27.82,0.063,0,0,0,0,0,0,0,229.2,0.011,-2.25
"2019-03-05 05:54:00",0,27.82,0.063,0,0,0,0,0,0,0,228.8,0.011,-2.116
"2019-03-05 05:55:00",0,27.86,0.062,0,0,0,0,0,0,0,228.4,0,-2.595
"2019-03-05 05:56:00",0,27.91,0.063,0,0,0,0,0,0,0,227.5,0,-2.234
"2019-03-05 05:57:00",0,27.97,0.063,0,0,0,0,0,0,0,226.7,0,-2.185
"2019-03-05 05:58:00",0,27.97,0.063,0,0,0,0,0,0,0,226.1,0,-2.422
"2019-03-05 05:59:00",0,27.97,0.064,0,0,0,0,0,0,0,222,0,-2.404
"2019-03-05 06:00:00",0,28.03,0.064,0,0,0,0,0,0,0,219.6,0.011,-2.411
"2019-03-05 06:01:00",0,28.11,0.063,0,0,0,0,0,0,0,202,0,-2.311
"2019-03-05 06:02:00",0,28.11,0.063,0,0,0,0,0,0,0,76.78,0,-2.236
"2019-03-05 06:03:00",0,28.11,0.063,0,0,0,0,0,0,0,45.41,0,-2.242
"2019-03-05 06:04:00",0,28.11,0.063,0,0,0,0,0,0,0,48.53,0,-2.067
"2019-03-05 06:05:00",0,28.1,0.063,0,0,0,0,0,0,0,48.76,0,-2.289
"2019-03-05 06:06:00",0,28.08,0.063,0,0,0,0,0,0,0,48.74,0,-2.286
"2019-03-05 06:07:00",0,28.13,0.063,0,0,0,0,0,0,0,48.73,0,-2.329
"2019-03-05 06:08:00",0,28.16,0.063,0,0,0,0,0,0,0,48.71,0,-2.342
"2019-03-05 06:09:00",0,28.18,0.063,0,0,0,0,0,0,0,48.7,0,-2.133
"2019-03-05 06:10:00",0,28.19,0.063,0,0,0,0,0,0,0,48.77,0,-2.262
"2019-03-05 06:11:00",0,28.18,0.063,0,0,0,0,0,0,0,48.82,0,-2.273
"2019-03-05 06:12:00",0,28.16,0.063,0,0,0,0,0,0,0,48.77,0,-2.349
"2019-03-05 06:13:00",0,28.18,0.063,0,0,0,0,0,0,0,48.82,0,-2.129
"2019-03-05 06:14:00",0,28.15,0.063,0,0,0,0,0,0,0,48.84,0,-2.053
"2019-03-05 06:15:00",0,28.1,0.063,0,0,0,0,0,0,0,48.86,0.011,-2.362
"2019-03-05 06:16:00",0,28.12,0.063,0,0,0,0,0,0,0,48.7,0.011,-2.014
"2019-03-05 06:17:00",0,28.11,0.063,0,0,0,0,0,0,0,48.83,0,-2.187
"2019-03-05 06:18:00",0,28.06,0.063,0,0,0,0,0,0,0,48.82,0,-2.111
"2019-03-05 06:19:00",0,28.02,0.063,0,0,0,0,0,0,0,48.72,0,-2.459
"2019-03-05 06:20:00",0,28.02,0.063,0,0,0,0,0,0,0,48.69,0.011,-2.574
"2019-03-05 06:21:00",0,27.95,0.063,0,0,0,0,0,0,0,48.65,0,-2.712
"2019-03-05 06:22:00",0,28.03,0.063,0,0,0,0,0,0,0,48.7,0.023,-2.298
"2019-03-05 06:23:00",0,28.04,0.064,0,0,0,0,0,0,0,48.68,0.023,-2.432
"2019-03-05 06:24:00",0,28.04,0.063,0,0,0,0,0,0,0,48.71,0,-2.323
"2019-03-05 06:25:00",0,28.03,0.063,0,0,0,0,0,0,0,48.75,0,-2.397
"2019-03-05 06:26:00",0,28.03,0.063,0,0,0,0,0,0,0,48.75,0,-2.269
"2019-03-05 06:27:00",0,27.98,0.063,0,0,0,0,0,0,0,52.35,0.011,-2.266
"2019-03-05 06:28:00",0,27.93,0.064,0,0,0,0,0,0,0,54.22,0,-2.206
"2019-03-05 06:29:00",0,27.89,0.063,0,0,0,0,0,0,0,54.32,0,-2.112
"2019-03-05 06:30:00",0,27.88,0.063,0,0,0,0,0,0,0,54.28,0,-2.143
"2019-03-05 06:31:00",0,27.92,0.064,0,0,0,0,0,0,0,54.32,0,-2.341
"2019-03-05 06:32:00",0,27.94,0.064,0,0,0,0,0,0,0,54.23,0,-2.509
"2019-03-05 06:33:00",0,27.96,0.064,0,0,0,0,0,0,0,54.13,0,-1.985
"2019-03-05 06:34:00",0,28,0.064,0,0,0,0,0,0,0,53,0.023,-2.181
"2019-03-05 06:35:00",0,28.02,0.063,0,0,0,0,0,0,0,48.8,0,-2.141
"2019-03-05 06:36:00",0,28.08,0.064,0,0,0,0,0,0,0,48.84,0,-2.359
"2019-03-05 06:37:00",0,28.11,0.063,0,0,0,0,0,0,0,48.81,0,-2.441
"2019-03-05 06:38:00",0,28.05,0.063,0,0,0,0,0,0,0,48.79,0,-2.277
"2019-03-05 06:39:00",0,28.06,0.064,0,0,0,0,0,0,0,48.76,0,-2.23
"2019-03-05 06:40:00",0,28.03,0.064,0,0,0,0,0,0,0,48.79,0,-2.246
"2019-03-05 06:41:00",0,28.09,0.063,0,0,0,0,0,0,0,48.82,0.011,-2.285
"2019-03-05 06:42:00",0,28.08,0.064,0,0,0,0,0,0,0,48.73,0,-2.311
"2019-03-05 06:43:00",0,28.08,0.064,0,0,0,0,0,0,0,48.73,0,-2.362
"2019-03-05 06:44:00",0,28.06,0.064,0,0,0,0,0,0,0,48.82,0,-2.286
"2019-03-05 06:45:00",0,28.01,0.063,0,0,0,0,0,0,0,48.87,0.011,-2.375
"2019-03-05 06:46:00",0,28.03,0.064,0,0,0,0,0,0,0,48.74,0,-2.304
"2019-03-05 06:47:00",0,28.04,0.064,0,0,0,0,0,0,0,48.7,0,-2.242
"2019-03-05 06:48:00",0,28.06,0.064,0,0,0,0,0,0,0,75.18,0,-2.084
"2019-03-05 06:49:00",0,28.13,0.063,0,0,0,0,0,0,0,78.46,0,-2.051
"2019-03-05 06:50:00",0,28.19,0.064,0,0,0,0,0,0,0,78.5,0.011,-2.304
"2019-03-05 06:51:00",0,28.22,0.064,0,0,0,0,0,0,0,78.53,0,-2.27
"2019-03-05 06:52:00",0,28.23,0.064,0,0,0,0,0,0,0,49.6,0,-2.211
"2019-03-05 06:53:00",0,28.27,0.064,0,0,0,0,0,0,0,52.98,0,-2.307
"2019-03-05 06:54:00",0,28.36,0.064,0,0,0,0,0,0,0,52.88,0,-2.128
"2019-03-05 06:55:00",0,28.41,0.064,0,0,0,0,0,0,0,52.86,0,-2.245
"2019-03-05 06:56:00",0,28.44,0.064,0,0,0,0,0,0,0,52.87,0,-2.564
"2019-03-05 06:57:00",0,28.54,0.064,0,0,0,0,0,0,0,52.82,0,-2.45
"2019-03-05 06:58:00",0,28.6,0.063,0,0,0,0,0,0,0,52.8,0,-2.137
"2019-03-05 06:59:00",0,28.63,0.064,0,0,0,0,0,0,0,52.68,0,-1.907
"2019-03-05 07:00:00",0,28.7,0.064,0,0,0,0,0,0,0,52.73,0,-2.265
"2019-03-05 07:01:00",0,28.85,0.064,0,0,0,0,0,0,0,52.8,0,-2.277
"2019-03-05 07:02:00",0,29,0.064,0,0,0,0,0,0,0,61.45,0,-2.26
"2019-03-05 07:03:00",0,29.15,0.064,0,0,0,0,0,0,0,200.7,0,-2.346
"2019-03-05 07:04:00",0,29.25,0.063,0,0,0,0,0,0,0,74.28,0,-2.375
"2019-03-05 07:05:00",0,29.31,0.064,0,0,0,0,0,0,0,52.73,0,-2.223
"2019-03-05 07:06:00",0,29.39,0.064,0,0,0,0,0,0,0,52.66,0,-2.123
"2019-03-05 07:07:00",0,29.51,0.064,0,0,0,0,0,0,0,52.67,0,-2.162
"2019-03-05 07:08:00",0,29.44,0.064,0,0,0,0,0,0,0,52.6,0,-2.15
"2019-03-05 07:09:00",0,29.47,0.064,0,0,0,0,0,0,0,52.52,0,-2.304
"2019-03-05 07:10:00",0,29.44,0.063,0,0,0,0,0,0,0,52.59,0,-2.675
"2019-03-05 07:11:00",0,29.53,0.064,0,0,0,0,0,0,0,52.31,0,-2.539
"2019-03-05 07:12:00",0,29.61,0.064,0,0,0,0,0,0,0,52.41,0.011,-2.35
"2019-03-05 07:13:00",0,29.57,0.064,0,0,0,0,0,0,0,52.35,0,-2.294
"2019-03-05 07:14:00",0,29.66,0.064,0,0,0,0,0,0,0,50.74,0,-2.183
"2019-03-05 07:15:00",0,29.67,0.064,0,0,0,0,0,0,0,79.09,0.011,-2.26
"2019-03-05 07:16:00",0,29.72,0.064,0,0,0,0,0,0,0,85.4,0,-2.319
"2019-03-05 07:17:00",0,29.74,0.064,0,0,0,0,0,0,0,86.7,0,-2.359
"2019-03-05 07:18:00",0,29.83,0.064,0,0,0,0,0,0,0,173.7,0,-2.234
"2019-03-05 07:19:00",0,29.89,0.064,0,0,0,0,0,0,0,170.1,0,-2.426
"2019-03-05 07:20:00",0,29.89,0.064,0,0,0,0,0,0,0,169.7,0,-2.614
"2019-03-05 07:21:00",0,29.95,0.064,0,0,0,0,0,0,0,172.1,0,-2.202
"2019-03-05 07:22:00",0,30.07,0.064,0,0,0,0,0,0,0,172.3,0,-2.329
"2019-03-05 07:23:00",0,30.09,0.063,0,0,0,0,0,0,0,171.8,0,-2.639
"2019-03-05 07:24:00",0,30.17,0.064,0,0,0,0,0,0,0,171.8,0,-2.288
"2019-03-05 07:25:00",0,30.29,0.064,0,0,0,0,0,0,0,171.4,0,-2.3
"2019-03-05 07:26:00",0,30.47,0.064,0,0,0,0,0,0,0,173.4,0,-2.325
"2019-03-05 07:27:00",0,30.64,0.064,0,0,0,0,0,0,0,174.5,0.011,-2.17
"2019-03-05 07:28:00",0,30.53,0.064,0,0,0,0,0,0,0,171.6,0,-2.42
"2019-03-05 07:29:00",0,30.59,0.065,0,0,0,0,0,0,0,169,0,-2.303
"2019-03-05 07:30:00",0,30.7,0.064,0,0,0,0,0,0,0,168.9,0,-2.226
"2019-03-05 07:31:00",0,30.75,0.064,0,0,0,0,0,0,0,168.5,0,-2.151
"2019-03-05 07:32:00",0,30.93,0.064,0,0,0,0,0,0,0,169.8,0,-2.449
"2019-03-05 07:33:00",0,31.38,0.064,0,0,0,0,0,0,0,169.9,0,-2.304
"2019-03-05 07:34:00",0,31.77,0.064,0,0,0,0,0,0,0,168,0,-2.281
"2019-03-05 07:35:00",0,32.06,0.064,0,0,0,0,0,0,0,167.4,0,-2.356
"2019-03-05 07:36:00",0,32.08,0.064,0,0,0,0,0,0,0,167.5,0,-2.136
"2019-03-05 07:37:00",0,32.15,0.064,0,0,0,0,0,0,0,167.1,0,-2.492
"2019-03-05 07:38:00",0,32.02,0.063,0,0,0,0,0,0,0,168.2,0.011,-2.603
"2019-03-05 07:39:00",0,31.62,0.064,0,0,0,0,0,0,0,168.3,0,-2.342
"2019-03-05 07:40:00",0,31.73,0.064,0,0,0,0,0,0,0,165.4,0,-2.155
"2019-03-05 07:41:00",0,31.99,0.064,0,0,0,0,0,0,0,164.6,0,-2.278
"2019-03-05 07:42:00",0,32.26,0.064,0,0,0,0,0,0,0,165.7,0.011,-2.043
"2019-03-05 07:43:00",0,32.73,0.064,0,0,0,0,0,0,0,163.5,0,-2.147
"2019-03-05 07:44:00",0,33.42,0.064,0,0,0,0,0,0,0,122.8,0,-2.333
"2019-03-05 07:45:00",0,33.6,0.064,0,0,0,0,0,0,0,84.8,0,-2.459
"2019-03-05 07:46:00",0,33.42,0.064,0,0,0,0,0,0,0,88.2,0,-2.434
"2019-03-05 07:47:00",0,33.36,0.064,0,0,0,0,0,0,0,91.9,0,-2.57
"2019-03-05 07:48:00",0,33.43,0.064,0,0,0,0,0,0,0,89.2,0,-2.387
"2019-03-05 07:49:00",0,33.59,0.065,0,0,0,0,0,0,0,85.5,0,-2.373
"2019-03-05 07:50:00",0,33.79,0.064,0,0,0,0,0,0,0,86,0,-2.045
"2019-03-05 07:51:00",0,33.62,0.065,0,0,0,0,0,0,0,76.2,0,-2.231
"2019-03-05 07:52:00",0,33.23,0.064,0,0,0,0,0,0,0,40.39,0,-2.311
"2019-03-05 07:53:00",0,33.13,0.065,0,0,0,0,0,0,0,40.28,0,-2.177
"2019-03-05 07:54:00",0,33.26,0.064,0,0,0,0,0,0,0,40.25,0,-2.133
"2019-03-05 07:55:00",0,33.43,0.064,0,0,0,0,0,0,0,40.26,0,-2.102
"2019-03-05 07:56:00",0,33.19,0.064,0,0,0,0,0,0,0,40.12,0.011,-1.966
"2019-03-05 07:57:00",0,33.23,0.064,0,0,0,0,0,0,0,40.37,0,-2.352
"2019-03-05 07:58:00",0,33.28,0.065,0,0,0,0,0,0,0,40.3,0,-2.595
"2019-03-05 07:59:00",0,33.66,0.064,0,0,0,0,0,0,0,40.17,0,-2.272
"2019-03-05 08:00:00",0,33.76,0.064,0,0,0,0,0,0,0,40.23,0,-2.034
"2019-03-05 08:01:00",0,33.78,0.064,0,0,0,0,0,0,0,40.12,0,-2.226
"2019-03-05 08:02:00",0,33.72,0.064,0,0,0,0,0,0,0,40.12,0,-2.32
"2019-03-05 08:03:00",0,33.85,0.065,0,0,0,0,0,0,0,40.26,0.011,-2.011
"2019-03-05 08:04:00",0,33.7,0.064,0,0,0,0,0,0,0,40.29,0,-2.089
"2019-03-05 08:05:00",0,33.77,0.064,0,0,0,0,0,0,0,40.3,0,-2.373
"2019-03-05 08:06:00",0,33.74,0.064,0,0,0,0,0,0,0,40.21,0,-2.29
"2019-03-05 08:07:00",0,33.9,0.064,0,0,0,0,0,0,0,40.12,0,-2.601
"2019-03-05 08:08:00",0,34.38,0.064,0,0,0,0,0,0,0,40.32,0,-2.293
"2019-03-05 08:09:00",0,34.83,0.064,0,0,0,0,0,0,0,40.39,0,-2.263
"2019-03-05 08:10:00",0,34.9,0.064,0,0,0,0,0,0,0,40.42,0,-2.285
"2019-03-05 08:11:00",0,35.08,0.065,0,0,0,0,0,0,0,40.26,0,-2.06
"2019-03-05 08:12:00",0,34.93,0.064,0,0,0,0,0,0,0,40.14,0,-2.345
"2019-03-05 08:13:00",0,34.17,0.065,0,0,0,0,0,0,0,40.07,0,-2.412
"2019-03-05 08:14:00",0,34.1,0.065,0,0,0,0,0,0,0,40.18,0,-2.286
"2019-03-05 08:15:00",0,34.5,0.064,0,0,0,0,0,0,0,40.1,0,-2.311
"2019-03-05 08:16:00",0,34.46,0.065,0,0,0,0,0,0,0,39.88,0.011,-2.328
"2019-03-05 08:17:00",0,35.52,0.065,0,0,0,0,0,0,0,40.04,0,-2.361
"2019-03-05 08:18:00",0,35.93,0.064,0,0,0,0,0,0,0,40.03,0,-2.303
"2019-03-05 08:19:00",0,36.37,0.065,0,0,0,0,0,0,0,39.79,0,-2.275
"2019-03-05 08:20:00",0,37.04,0.064,0,0,0,0,0,0,0,39.86,0.011,-2.296
"2019-03-05 08:21:00",0,37.21,0.065,0,0,0,0,0,0,0,39.9,0.011,-2.292
"2019-03-05 08:22:00",0,37.46,0.065,0,0,0,0,0,0,0,39.81,0,-2.292
"2019-03-05 08:23:00",0,37.93,0.065,0,0,0,0,0,0,0,39.93,0,-2.304
"2019-03-05 08:24:00",0,38.41,0.065,0,0,0,0,0,0,0,39.84,0.011,-2.292
"2019-03-05 08:25:00",0,38.43,0.065,0,0,0,0,0,0,0,39.78,0,-2.296
"2019-03-05 08:26:00",0,38.23,0.065,0,0,0,0,0,0,0,39.68,0.011,-2.265
"2019-03-05 08:27:00",0,37.77,0.065,0,0,0,0,0,0,0,39.89,0.011,-2.265
"2019-03-05 08:28:00",0,37.68,0.065,0,0,0,0,0,0,0,40.01,0,-2.273
"2019-03-05 08:29:00",0,37.84,0.065,0,0,0,0,0,0,0,39.93,0,-2.286
"2019-03-05 08:30:00",0,38.26,0.065,0,0,0,0,0,0,0,39.92,0.011,-2.27
"2019-03-05 08:31:00",0,39.04,0.065,0,0,0,0,0,0,0,39.99,0,-2.304
"2019-03-05 08:32:00",0,38.76,0.065,0,0,0,0,0,0,0,40.03,0.011,-2.272
"2019-03-05 08:33:00",0,39.05,0.065,0,0,0,0,0,0,0,39.86,0,-2.25
"2019-03-05 08:34:00",0,38.7,0.065,0,0,0,0,0,0,0,39.96,0,-2.23
"2019-03-05 08:35:00",0,38.44,0.065,0,0,0,0,0,0,0,40.03,0.011,-2.231
"2019-03-05 08:36:00",0,38.26,0.065,0,0,0,0,0,0,0,39.92,0.023,-2.224
"2019-03-05 08:37:00",0,38.21,0.065,0,0,0,0,0,0,0,39.95,0.011,-1.958
"2019-03-05 08:38:00",0,38.54,0.064,0,0,0,0,0,0,0,40.14,0.011,-2.602
"2019-03-05 08:39:00",0,39.21,0.065,0,0,0,0,0,0,0,40.06,0.011,-2.043
"2019-03-05 08:40:00",0,39.27,0.065,0,0,0,0,0,0,0,40.07,0,-2.274
"2019-03-05 08:41:00",0,39.86,0.065,0,0,0,0,0,0,0,39.97,0.011,-2.273
"2019-03-05 08:42:00",0,39.46,0.064,0,0,0,0,0,0,0,39.88,0.011,-2.465
"2019-03-05 08:43:00",0,40.18,0.065,0,0,0,0,0,0,0,39.9,0,-1.787
"2019-03-05 08:44:00",0,39.71,0.064,0,0,0,0,0,0,0,39.92,0.023,-2.401
"2019-03-05 08:45:00",0,40.43,0.065,0,0,0,0,0,0,0,40.08,0.011,-2.071
"2019-03-05 08:46:00",0,40.86,0.065,0,0,0,0,0,0,0,39.87,0,-2.024
"2019-03-05 08:47:00",0,39.86,0.064,0,0,0,0,0,0,0,39.73,0.034,-2.454
"2019-03-05 08:48:00",0,39.4,0.065,0,0,0,0,0,0,0,39.94,0.011,-2.191
"2019-03-05 08:49:00",0,40.12,0.065,0,0,0,0,0,0,0,83.1,0.011,-1.972
"2019-03-05 08:50:00",0,40.38,0.065,0,0,0,0,0,0,0,126.7,0.011,-2.318
"2019-03-05 08:51:00",0,40.58,0.065,0,0,0,0,0,0,0,128.7,0,-2.111
"2019-03-05 08:52:00",0,40.84,0.065,0,0,0,0,0,0,0,129.4,0,-2.253
"2019-03-05 08:53:00",0,41.08,0.065,0,0,0,0,0,0,0,129.3,0,-2.316
"2019-03-05 08:54:00",0,41.04,0.065,0,0,0,0,0,0,0,129.2,0.011,-2.25
"2019-03-05 08:55:00",0,40.38,0.065,0,0,0,0,0,0,0,129.2,0,-2.489
"2019-03-05 08:56:00",0,41.2,0.065,0,0,0,0,0,0,0,129.3,0.011,-2.342
"2019-03-05 08:57:00",0,40.93,0.065,0,0,0,0,0,0,0,129.4,0.011,-2.179
"2019-03-05 08:58:00",0,41.17,0.066,0,0,0,0,0,0,0,129.4,0.023,-2.612
"2019-03-05 08:59:00",0,40.51,0.065,0,0,0,0,0,0,0,129.2,0.034,-2.29
"2019-03-05 09:00:00",0,41.15,0.065,0,0,0,0,0,0,0,128.8,0,-2.268
"2019-03-05 09:01:00",0,41.81,0.065,0,0,0,0,0,0,0,128.7,0.045,-2.334
"2019-03-05 09:02:00",0,40.9,0.065,0,0,0,0,0,0,0,128.7,0,-2.198
"2019-03-05 09:03:00",0,39.85,0.065,0,0,0,0,0,0,0,128.6,0,-2.294
"2019-03-05 09:04:00",0,39.84,0.065,0,0,0,0,0,0,0,128.7,0,-2.301
"2019-03-05 09:05:00",0,39.55,0.065,0,0,0,0,0,0,0,145.2,0.023,-2.274
"2019-03-05 09:06:00",0,39.25,0.065,0,0,0,0,0,0,0,216.1,0,-2.245
"2019-03-05 09:07:00",0,39.76,0.065,0,0,0,0,0,0,0,214,0.011,-2.283
"2019-03-05 09:08:00",0,39.89,0.065,0,0,0,0,0,0,0,213.6,0.023,-2.316
"2019-03-05 09:09:00",0,40.47,0.065,0,0,0,0,0,0,0,213.3,0,-2.267
"2019-03-05 09:10:00",0,40.98,0.066,0,0,0,0,0,0,0,213.7,0,-2.214
"2019-03-05 09:11:00",0,41.22,0.066,0,0,0,0,0,0,0,214.3,0.011,-2.34
"2019-03-05 09:12:00",0,41.69,0.066,0,0,0,0,0,0,0,213.8,0,-2.228
"2019-03-05 09:13:00",0,41.61,0.066,0,0,0,0,0,0,0,214.1,0,-2.177
"2019-03-05 09:14:00",0,42.01,0.066,0,0,0,0,0,0,0,213.7,0.023,-2.273
"2019-03-05 09:15:00",0,41.2,0.066,0,0,0,0,0,0,0,213.4,0,-2.15
"2019-03-05 09:16:00",0,41.45,0.066,0,0,0,0,0,0,0,212.9,0.011,-2.148
"2019-03-05 09:17:00",0,42.5,0.066,0,0,0,0,0,0,0,212.2,0.011,-2.364
"2019-03-05 09:18:00",0,43.6,0.066,0,0,0,0,0,0,0,211.6,0.011,-2.224
"2019-03-05 09:19:00",0,43.58,0.066,0,0,0,0,0,0,0,211.2,0.011,-2.021
"2019-03-05 09:20:00",0,42.86,0.066,0,0,0,0,0,0,0,211,0.023,-2.104
"2019-03-05 09:21:00",0,43.27,0.066,0,0,0,0,0,0,0,210.3,0,-2.182
"2019-03-05 09:22:00",0,41.46,0.066,0,0,0,0,0,0,0,209.6,0.011,-2.028
"2019-03-05 09:23:00",0,41.43,0.066,0,0,0,0,0,0,0,209,0.023,-2.155
"2019-03-05 09:24:00",0,41.66,0.066,0,0,0,0,0,0,0,208.5,0.011,-2.019
"2019-03-05 09:25:00",0,42.34,0.066,0,0,0,0,0,0,0,207.9,0.034,-2.337
"2019-03-05 09:26:00",0,42.16,0.067,0,0,0,0,0,0,0,207.4,0.023,-2.375
"2019-03-05 09:27:00",0,42.18,0.066,0,0,0,0,0,0,0,206.5,0.011,-2.048
"2019-03-05 09:28:00",0,42.79,0.067,0,0,0,0,0,0,0,206,0,-2.288
"2019-03-05 09:29:00",0,43.24,0.066,0,0,0,0,0,0,0,205.8,0.023,-2.276
"2019-03-05 09:30:00",0,43.43,0.066,0,0,0,0,0,0,0,205.7,0,-2.049
"2019-03-05 09:31:00",0,43.48,0.066,0,0,0,0,0,0,0,142.4,0.011,-2.196
"2019-03-05 09:32:00",0,44.09,0.066,0,0,0,0,0,0,0,128.6,0,-2.22
"2019-03-05 09:33:00",0,45.45,0.066,0,0,0,0,0,0,0,128.6,0.011,-2.103
"2019-03-05 09:34:00",0,46.13,0.066,0,0,0,0,0,0,0,128.6,0,-2.377
"2019-03-05 09:35:00",0,45.61,0.066,0,0,0,0,0,0,0,128.8,0.011,-2.231
"2019-03-05 09:36:00",0,44.14,0.066,0,0,0,0,0,0,0,129.2,0.023,-2.265
"2019-03-05 09:37:00",0,45.57,0.066,0,0,0,0,0,0,0,129.6,0.023,-2.171
"2019-03-05 09:38:00",0,46.68,0.066,0,0,0,0,0,0,0,129.6,0,-2.361
"2019-03-05 09:39:00",0,47.2,0.066,0,0,0,0,0,0,0,71.78,0,-2.115
"2019-03-05 09:40:00",0,47.79,0.066,0,0,0,0,0,0,0,40.39,0.011,-2.237
"2019-03-05 09:41:00",0,48.26,0.066,0,0,0,0,0,0,0,40.34,0.023,-2.076
"2019-03-05 09:42:00",0,48.87,0.066,0,0,0,0,0,0,0,40.25,0,-2.317
"2019-03-05 09:43:00",0,48.55,0.066,0,0,0,0,0,0,0,40.2,0,-2.088
"2019-03-05 09:44:00",0,46.81,0.066,0,0,0,0,0,0,0,40.36,0.011,-2.214
"2019-03-05 09:45:00",0,46.05,0.066,0,0,0,0,0,0,0,40.22,0.023,-2.345
"2019-03-05 09:46:00",0,45.65,0.066,0,0,0,0,0,0,0,40.3,0.023,-2.164
"2019-03-05 09:47:00",0,44.74,0.066,0,0,0,0,0,0,0,40.29,0,-2.068
"2019-03-05 09:48:00",0,45.68,0.066,0,0,0,0,0,0,0,40.3,0,-1.988
"2019-03-05 09:49:00",0,46.26,0.066,0,0,0,0,0,0,0,40.28,0,-2.04
"2019-03-05 09:50:00",0,46.29,0.066,0,0,0,0,0,0,0,40.27,0.023,-2.273
"2019-03-05 09:51:00",0,46.05,0.066,0,0,0,0,0,0,0,40.27,0,-1.981
"2019-03-05 09:52:00",0,47.33,0.066,0,0,0,0,0,0,0,40.26,0.023,-2.302
"2019-03-05 09:53:00",0,46.73,0.066,0,0,0,0,0,0,0,40.17,0.011,-2.317
"2019-03-05 09:54:00",0,46.53,0.066,0,0,0,0,0,0,0,40.3,0,-2.102
"2019-03-05 09:55:00",0,47.22,0.066,0,0,0,0,0,0,0,40.43,0.011,-2.51
"2019-03-05 09:56:00",0,47.97,0.066,0,0,0,0,0,0,0,40.22,0.011,-2.458
"2019-03-05 09:57:00",0,48.12,0.066,0,0,0,0,0,0,0,40.27,0,-2.013
"2019-03-05 09:58:00",0,47.56,0.067,0,0,0,0,0,0,0,40.15,0,-2.199
"2019-03-05 09:59:00",0,47.24,0.066,0,0,0,0,0,0,0,40.17,0,-2.618
"2019-03-05 10:00:00",0,47.41,0.067,0,0,0,0,0,0,0,40.06,0.023,-2.259
"2019-03-05 10:01:00",0,48.07,0.067,0,0,0,0,0,0,0,40.1,0.011,-2.115
"2019-03-05 10:02:00",0,47.17,0.067,0,0,0,0,0,0,0,40.21,0,-2.049
"2019-03-05 10:03:00",0,46.28,0.066,0,0,0,0,0,0,0,40.12,0.034,-1.982
"2019-03-05 10:04:00",0,47.49,0.066,0,0,0,0,0,0,0,40.44,0,-2.513
"2019-03-05 10:05:00",0,46.29,0.066,0,0,0,0,0,0,0,40.41,0.045,-2.179
"2019-03-05 10:06:00",0,47.76,0.066,0,0,0,0,0,0,0,40.6,0,-2.556
"2019-03-05 10:07:00",0,48.97,0.066,0,0,0,0,0,0,0,40.54,0,-2.144
"2019-03-05 10:08:00",0,48.3,0.066,0,0,0,0,0,0,0,40.5,0.023,-2.457
"2019-03-05 10:09:00",0,47.41,0.066,0,0,0,0,0,0,0,40.51,0.034,-2.422
"2019-03-05 10:10:00",0,47.84,0.066,0,0,0,0,0,0,0,40.47,0.011,-2.327
"2019-03-05 10:11:00",0,47.64,0.067,0,0,0,0,0,0,0,40.23,0.023,-2.081
"2019-03-05 10:12:00",0,48.07,0.066,0,0,0,0,0,0,0,40.47,0,-2.339
"2019-03-05 10:13:00",0,47.12,0.066,0,0,0,0,0,0,0,40.41,0,-2.646
"2019-03-05 10:14:00",0,47.82,0.066,0,0,0,0,0,0,0,40.52,0,-2.423
"2019-03-05 10:15:00",0,47.97,0.066,0,0,0,0,0,0,0,40.29,0,-2.193
"2019-03-05 10:16:00",0,46.7,0.066,0,0,0,0,0,0,0,40.42,0,-1.896
"2019-03-05 10:17:00",0,46.46,0.067,0,0,0,0,0,0,0,40.22,0,-2.261
"2019-03-05 10:18:00",0,45.58,0.066,0,0,0,0,0,0,0,40.47,0,-2.329
"2019-03-05 10:19:00",0,46.07,0.067,0,0,0,0,0,0,0,40.41,0,-2.227
"2019-03-05 10:20:00",0,45.9,0.067,0,0,0,0,0,0,0,40.53,0,-2.323
"2019-03-05 10:21:00",0,46.32,0.066,0,0,0,0,0,0,0,40.53,0,-2.263
"2019-03-05 10:22:00",0,45.1,0.066,0,0,0,0,0,0,0,40.52,0,-2.423
"2019-03-05 10:23:00",0,44.25,0.066,0,0,0,0,0,0,0,40.49,0,-2.166
"2019-03-05 10:24:00",0,44.5,0.066,0,0,0,0,0,0,0,40.56,0.023,-2.535
"2019-03-05 10:25:00",0,43.83,0.067,0,0,0,0,0,0,0,40.75,0.023,-2.107
"2019-03-05 10:26:00",0,43.27,0.067,0,0,0,0,0,0,0,40.81,0.023,-2.21
"2019-03-05 10:27:00",0,44.22,0.067,0,0,0,0,0,0,0,40.64,0,-2.199
"2019-03-05 10:28:00",0,45.37,0.067,0,0,0,0,0,0,0,40.39,0.011,-2.462
"2019-03-05 10:29:00",0,45.01,0.067,0,0,0,0,0,0,0,40.34,0.011,-2.211
"2019-03-05 10:30:00",0,44.89,0.066,0,0,0,0,0,0,0,40.64,0.091,-2.32
"2019-03-05 10:31:00",0,45.19,0.067,0,0,0,0,0,0,0,40.64,0.011,-2.595
"2019-03-05 10:32:00",0,44.77,0.067,0,0,0,0,0,0,0,40.44,0,-2.179
"2019-03-05 10:33:00",0,45.52,0.067,0,0,0,0,0,0,0,40.49,0.011,-2.148
"2019-03-05 10:34:00",0,45.79,0.066,0,0,0,0,0,0,0,40.42,0,-2.323
"2019-03-05 10:35:00",0,45.12,0.067,0,0,0,0,0,0,0,40.63,0,-2.074
"2019-03-05 10:36:00",0,45.49,0.067,0,0,0,0,0,0,0,40.42,0.011,-2.066
"2019-03-05 10:37:00",0,45.51,0.066,0,0,0,0,0,0,0,40.52,0.023,-2.302
"2019-03-05 10:38:00",0,46.33,0.066,0,0,0,0,0,0,0,40.37,0,-2.019
"2019-03-05 10:39:00",0,46.1,0.066,0,0,0,0,0,0,0,40.47,0.011,-2.337
"2019-03-05 10:40:00",0,46.52,0.066,0,0,0,0,0,0,0,40.52,0.045,-2.204
"2019-03-05 10:41:00",0,47.02,0.067,0,0,0,0,0,0,0,40.28,0.011,-2.313
"2019-03-05 10:42:00",0,46.83,0.067,0,0,0,0,0,0,0,40.22,0.011,-2.124
"2019-03-05 10:43:00",0,47.88,0.066,0,0,0,0,0,0,0,40.29,0.034,-2.196
"2019-03-05 10:44:00",0,47.68,0.066,0,0,0,0,0,0,0,40.36,0.034,-2.358
"2019-03-05 10:45:00",0,48.49,0.066,0,0,0,0,0,0,0,40.29,0.011,-1.961
"2019-03-05 10:46:00",0,48.39,0.066,0,0,0,0,0,0,0,40.4,0.045,-2.408
"2019-03-05 10:47:00",0,48.4,0.066,0,0,0,0,0,0,0,40.25,0.023,-2.195
"2019-03-05 10:48:00",0,47.87,0.066,0,0,0,0,0,0,0,40.41,0.034,-2.355
"2019-03-05 10:49:00",0,47.61,0.066,0,0,0,0,0,0,0,134.7,0.011,-2.286
"2019-03-05 10:50:00",0,45.45,0.067,0,0,0,0,0,0,0,130.2,0.011,-2.208
"2019-03-05 10:51:00",0,45.04,0.066,0,0,0,0,0,0,0,129.3,0,-2.842
"2019-03-05 10:52:00",0,45.68,0.067,0,0,0,0,0,0,0,128.9,0.011,-2.306
"2019-03-05 10:53:00",0,45.71,0.066,0,0,0,0,0,0,0,128.9,0.011,-2.198
"2019-03-05 10:54:00",0,45.65,0.066,0,0,0,0,0,0,0,128.7,0,-2.283
"2019-03-05 10:55:00",0,45.9,0.065,0,0,0,0,0,0,0,128.7,0.011,-2.891
"2019-03-05 10:56:00",0,46.21,0.066,0,0,0,0,0,0,0,129,0.011,-2.344
"2019-03-05 10:57:00",0,46.06,0.067,0,0,0,0,0,0,0,128.9,0.011,-2.411
"2019-03-05 10:58:00",0,46.23,0.066,0,0,0,0,0,0,0,128.4,0.023,-2.147
"2019-03-05 10:59:00",0,45.53,0.066,0,0,0,0,0,0,0,128.2,0,-2.009
"2019-03-05 11:00:00",0,44.63,0.066,0,0,0,0,0,0,0,128.5,0.011,-1.952
"2019-03-05 11:01:00",0,43.87,0.066,0,0,0,0,0,0,0,155.7,0.045,-2.163
"2019-03-05 11:02:00",0,43.7,0.066,0,0,0,0,0,0,0,157.4,0.034,-2.168
"2019-03-05 11:03:00",0,43.52,0.066,0,0,0,0,0,0,0,156.9,0,-1.942
"2019-03-05 11:04:00",0,43.98,0.066,0,0,0,0,0,0,0,156.2,0.011,-1.935
"2019-03-05 11:05:00",0,44.14,0.066,0,0,0,0,0,0,0,156,0.011,-2.184
"2019-03-05 11:06:00",0,44.51,0.066,0,0,0,0,0,0,0,155.3,0,-2.249
"2019-03-05 11:07:00",0,45.54,0.066,0,0,0,0,0,0,0,155,0.011,-2.131
"2019-03-05 11:08:00",0,45.47,0.066,0,0,0,0,0,0,0,154.1,0.034,-2.311
"2019-03-05 11:09:00",0,45.24,0.066,0,0,0,0,0,0,0,153.4,0,-2.094
"2019-03-05 11:10:00",0,44.8,0.066,0,0,0,0,0,0,0,153,0.023,-2.313
"2019-03-05 11:11:00",0,45.74,0.066,0,0,0,0,0,0,0,152.5,0,-2.427
"2019-03-05 11:12:00",0,46.24,0.066,0,0,0,0,0,0,0,152.3,0.023,-2.212
"2019-03-05 11:13:00",0,46.45,0.066,0,0,0,0,0,0,0,152,0,-2.265
"2019-03-05 11:14:00",0,46.47,0.066,0,0,0,0,0,0,0,151.6,0.011,-2.303
"2019-03-05 11:15:00",0,45.87,0.065,0,0,0,0,0,0,0,150.9,0,-2.35
"2019-03-05 11:16:00",0,45.32,0.065,0,0,0,0,0,0,0,150.1,0.011,-2.318
"2019-03-05 11:17:00",0,46.63,0.066,0,0,0,0,0,0,0,149.1,0.011,-1.992
"2019-03-05 11:18:00",0,47.05,0.065,0,0,0,0,0,0,0,137,0.011,-2.095
"2019-03-05 11:19:00",0,46.48,0.065,0,0,0,0,0,0,0,69.78,0,-2.208
"2019-03-05 11:20:00",0,47.49,0.065,0,0,0,0,0,0,0,69.81,0.011,-2.291
"2019-03-05 11:21:00",0,46.97,0.065,0,0,0,0,0,0,0,69.38,0.034,-2.246
"2019-03-05 11:22:00",0,47.31,0.065,0,0,0,0,0,0,0,69.62,0.011,-2.249
"2019-03-05 11:23:00",0,47.96,0.065,0,0,0,0,0,0,0,69.76,0,-2.024
"2019-03-05 11:24:00",0,47.57,0.066,0,0,0,0,0,0,0,70.01,0,-2.112
"2019-03-05 11:25:00",0,47.93,0.065,0,0,0,0,0,0,0,69.7,0,-2.066
"2019-03-05 11:26:00",0,47.92,0.066,0,0,0,0,0,0,0,69.64,0,-2.249
"2019-03-05 11:27:00",0,47.28,0.065,0,0,0,0,0,0,0,69.76,0.045,-2.061
"2019-03-05 11:28:00",0,46.74,0.065,0,0,0,0,0,0,0,69.57,0,-2.231
"2019-03-05 11:29:00",0,45.82,0.065,0,0,0,0,0,0,0,69.62,0,-2.255
"2019-03-05 11:30:00",0,46.16,0.065,0,0,0,0,0,0,0,69.43,0,-2.341
"2019-03-05 11:31:00",0,45.25,0.065,0,0,0,0,0,0,0,69.7,0,-2.054
"2019-03-05 11:32:00",0,44.11,0.064,0,0,0,0,0,0,0,69.67,0,-2.249
"2019-03-05 11:33:00",0,44.42,0.065,0,0,0,0,0,0,0,69.53,0.023,-2.265
"2019-03-05 11:34:00",0,45,0.064,0,0,0,0,0,0,0,69.38,0,-2.141
"2019-03-05 11:35:00",0,44.44,0.065,0,0,0,0,0,0,0,69.04,0.011,-2.329
"2019-03-05 11:36:00",0,44.4,0.065,0,0,0,0,0,0,0,69.42,0.023,-2.26
"2019-03-05 11:37:00",0,44.44,0.065,0,0,0,0,0,0,0,69.33,0.011,-2.221
"2019-03-05 11:38:00",0,45.06,0.065,0,0,0,0,0,0,0,69.75,0,-2.194
"2019-03-05 11:39:00",0,44.91,0.065,0,0,0,0,0,0,0,69.68,0,-2.185
"2019-03-05 11:40:00",0,43.75,0.065,0,0,0,0,0,0,0,69.86,0.023,-2.236
"2019-03-05 11:41:00",0,44,0.065,0,0,0,0,0,0,0,68.77,0.034,-2.221
"2019-03-05 11:42:00",0,44.66,0.065,0,0,0,0,0,0,0,69.72,0.034,-2.279
"2019-03-05 11:43:00",0,44.54,0.065,0,0,0,0,0,0,0,69.74,0.011,-2.201
"2019-03-05 11:44:00",0,44.94,0.065,0,0,0,0,0,0,0,69.5,0.011,-2.224
"2019-03-05 11:45:00",0,45.11,0.064,0,0,0,0,0,0,0,69.93,0,-2.192
"2019-03-05 11:46:00",0,44.99,0.064,0,0,0,0,0,0,0,69.68,0.011,-2.261
"2019-03-05 11:47:00",0,45.56,0.064,0,0,0,0,0,0,0,69.81,0.011,-2.227
"2019-03-05 11:48:00",0,45.92,0.064,0,0,0,0,0,0,0,69.96,0.034,-2.202
"2019-03-05 11:49:00",0,45.17,0.064,0,0,0,0,0,0,0,69.9,0,-2.22
"2019-03-05 11:50:00",0,45.6,0.064,0,0,0,0,0,0,0,69.86,0.011,-2.202
"2019-03-05 11:51:00",0,44.72,0.064,0,0,0,0,0,0,0,69.19,0.011,-2.199
"2019-03-05 11:52:00",0,45.22,0.064,0,0,0,0,0,0,0,69.82,0,-2.231
"2019-03-05 11:53:00",0,45.46,0.065,0,0,0,0,0,0,0,69.48,0.011,-2.186
"2019-03-05 11:54:00",0,45.46,0.064,0,0,0,0,0,0,0,69.68,0,-1.944
"2019-03-05 11:55:00",0,44.83,0.064,0,0,0,0,0,0,0,70,0.068,-2.224
"2019-03-05 11:56:00",0,44.06,0.064,0,0,0,0,0,0,0,69.66,0.034,-2.208
"2019-03-05 11:57:00",0,44.25,0.064,0,0,0,0,0,0,0,69.93,0.011,-1.944
"2019-03-05 11:58:00",0,43.48,0.064,0,0,0,0,0,0,0,70.07,0.034,-2.206
"2019-03-05 11:59:00",0,43.45,0.064,0,0,0,0,0,0,0,69.89,0.011,-2.219
"2019-03-05 12:00:00",0,44.61,0.064,0,0,0,0,0,0,0,69.89,0.023,-2.353
"2019-03-05 12:01:00",0,45.78,0.064,0,0,0,0,0,0,0,70.12,0,-2.052
"2019-03-05 12:02:00",0,46.77,0.064,0,0,0,0,0,0,0,69.96,0,-1.931
"2019-03-05 12:03:00",0,47.4,0.064,0,0,0,0,0,0,0,123.4,0.034,-2.413
"2019-03-05 12:04:00",0,47.34,0.065,0,0,0,0,0,0,0,156.7,0.023,-2.318
"2019-03-05 12:05:00",0,47.44,0.064,0,0,0,0,0,0,0,158.6,0,-2.178
"2019-03-05 12:06:00",0,48.81,0.065,0,0,0,0,0,0,0,158.8,0.034,-2.349
"2019-03-05 12:07:00",0,49.51,0.065,0,0,0,0,0,0,0,158.6,0.023,-2.5
"2019-03-05 12:08:00",0,50.54,0.064,0,0,0,0,0,0,0,158.9,0.011,-2.323
"2019-03-05 12:09:00",0,51.32,0.064,0,0,0,0,0,0,0,158.9,0.034,-2.263
"2019-03-05 12:10:00",0,52.06,0.064,0,0,0,0,0,0,0,158.5,0,-2.365
"2019-03-05 12:11:00",0,51.4,0.064,0,0,0,0,0,0,0,158.4,0.011,-2.284
"2019-03-05 12:12:00",0,52.16,0.064,0,0,0,0,0,0,0,158.5,0.011,-2.036
"2019-03-05 12:13:00",0,51.14,0.064,0,0,0,0,0,0,0,158.2,0.034,-2.45
"2019-03-05 12:14:00",0,52.1,0.064,0,0,0,0,0,0,0,158.2,0.011,-2.262
"2019-03-05 12:15:00",0,51.22,0.064,0,0,0,0,0,0,0,158.3,0.023,-2.116
"2019-03-05 12:16:00",0,51.05,0.064,0,0,0,0,0,0,0,157.8,0.034,-2.304
"2019-03-05 12:17:00",0,47.96,0.064,0,0,0,0,0,0,0,156.9,0.023,-2.237
"2019-03-05 12:18:00",0,48.76,0.064,0,0,0,0,0,0,0,157.5,0.011,-2.163
"2019-03-05 12:19:00",0,48.74,0.063,0,0,0,0,0,0,0,157.6,0,-2.385
"2019-03-05 12:20:00",0,47.47,0.064,0,0,0,0,0,0,0,157.6,0,-2.104
"2019-03-05 12:21:00",0,47.83,0.064,0,0,0,0,0,0,0,157.8,0.011,-2.212
"2019-03-05 12:22:00",0,48.4,0.064,0,0,0,0,0,0,0,157.8,0,-2.073
"2019-03-05 12:23:00",0,48.97,0.063,0,0,0,0,0,0,0,157.8,0.011,-2.396
"2019-03-05 12:24:00",0,48.73,0.064,0,0,0,0,0,0,0,157.9,0.011,-2.211
"2019-03-05 12:25:00",0,48.51,0.064,0,0,0,0,0,0,0,157.8,0.034,-2.051
"2019-03-05 12:26:00",0,49.05,0.064,0,0,0,0,0,0,0,157.9,0.034,-2.189
"2019-03-05 12:27:00",0,50.07,0.064,0,0,0,0,0,0,0,158.1,0.034,-2.085
"2019-03-05 12:28:00",0,49.99,0.063,0,0,0,0,0,0,0,157.8,0.011,-2.074
"2019-03-05 12:29:00",0,50.35,0.064,0,0,0,0,0,0,0,157.7,0.034,-2.217
"2019-03-05 12:30:00",0,50.99,0.063,0,0,0,0,0,0,0,157.7,0.023,-2.248
"2019-03-05 12:31:00",0,51.39,0.063,0,0,0,0,0,0,0,164.4,0.011,-1.994
"2019-03-05 12:32:00",0,51.91,0.064,0,0,0,0,0,0,0,246.9,0,-2.316
"2019-03-05 12:33:00",0,51.56,0.063,0,0,0,0,0,0,0,245.3,0,-1.935
"2019-03-05 12:34:00",0,50.84,0.063,0,0,0,0,0,0,0,244.6,0,-1.992
"2019-03-05 12:35:00",0,50.41,0.063,0,0,0,0,0,0,0,244.2,0,-2.117
"2019-03-05 12:36:00",0,50.03,0.063,0,0,0,0,0,0,0,244.4,0,-2.106
"2019-03-05 12:37:00",0,49.58,0.062,0,0,0,0,0,0,0,244.4,0.011,-2.338
"2019-03-05 12:38:00",0,50.15,0.063,0,0,0,0,0,0,0,243.7,0.034,-2.359
"2019-03-05 12:39:00",0,49.19,0.063,0,0,0,0,0,0,0,243.7,0.011,-2.317
"2019-03-05 12:40:00",0,49.44,0.063,0,0,0,0,0,0,0,243.7,0.023,-2.148
"2019-03-05 12:41:00",0,48.45,0.063,0,0,0,0,0,0,0,243.6,0,-1.913
"2019-03-05 12:42:00",0,48.1,0.063,0,0,0,0,0,0,0,243.4,0,-1.974
"2019-03-05 12:43:00",0,48.7,0.063,0,0,0,0,0,0,0,243.2,0,-2.165
"2019-03-05 12:44:00",0,50.33,0.062,0,0,0,0,0,0,0,242.6,0.023,-2.382
"2019-03-05 12:45:00",0,50.36,0.062,0,0,0,0,0,0,0,242.4,0,-1.982
"2019-03-05 12:46:00",0,49.65,0.062,0,0,0,0,0,0,0,241.9,0.011,-1.965
"2019-03-05 12:47:00",0,50.24,0.062,0,0,0,0,0,0,0,241.6,0,-2.288
"2019-03-05 12:48:00",0,51.8,0.062,0,0,0,0,0,0,0,240.3,0.011,-2.112
"2019-03-05 12:49:00",0,51.85,0.062,0,0,0,0,0,0,0,239.1,0,-2.482
"2019-03-05 12:50:00",0,52.57,0.062,0,0,0,0,0,0,0,153.7,0.023,-2.312
"2019-03-05 12:51:00",0,51.66,0.061,0,0,0,0,0,0,0,153.6,0,-2.165
"2019-03-05 12:52:00",0,50.85,0.062,0,0,0,0,0,0,0,152.6,0.023,-2.365
"2019-03-05 12:53:00",0,49.63,0.062,0,0,0,0,0,0,0,152.1,0,-2.111
"2019-03-05 12:54:00",0,48,0.063,0,0,0,0,0,0,0,151.5,0,-1.98
"2019-03-05 12:55:00",0,47.6,0.062,0,0,0,0,0,0,0,151,0.011,-2.138
"2019-03-05 12:56:00",0,48.6,0.062,0,0,0,0,0,0,0,150.7,0.011,-2.19
"2019-03-05 12:57:00",0,47.48,0.062,0,0,0,0,0,0,0,150.2,0,-2.355
"2019-03-05 12:58:00",0,48.29,0.061,0,0,0,0,0,0,0,149.5,0,-3.023
"2019-03-05 12:59:00",0,47.87,0.062,0,0,0,0,0,0,0,149.2,0,-2.062
"2019-03-05 13:00:00",0,47.46,0.062,0,0,0,0,0,0,0,124,0,-2.235
"2019-03-05 13:01:00",0,46.5,0.063,0,0,0,0,0,0,0,67.78,0.011,-2.513
"2019-03-05 13:02:00",0,47.31,0.062,0,0,0,0,0,0,0,41.42,0,-2.237
"2019-03-05 13:03:00",0,47.43,0.062,0,0,0,0,0,0,0,40.47,0,-2.258
"2019-03-05 13:04:00",0,46.94,0.062,0,0,0,0,0,0,0,40.49,0.011,-2.25
"2019-03-05 13:05:00",0,47.37,0.062,0,0,0,0,0,0,0,40.29,0.011,-2.156
"2019-03-05 13:06:00",0,47.44,0.062,0,0,0,0,0,0,0,40.45,0.011,-2.893
"2019-03-05 13:07:00",0,47.8,0.062,0,0,0,0,0,0,0,40.51,0.011,-2.25
"2019-03-05 13:08:00",0,47.71,0.062,0,0,0,0,0,0,0,40.58,0,-2.255
"2019-03-05 13:09:00",0,48.46,0.062,0,0,0,0,0,0,0,40.44,0,-2.287
"2019-03-05 13:10:00",0,48.38,0.062,0,0,0,0,0,0,0,40.38,0.011,-2.11
"2019-03-05 13:11:00",0,48.07,0.062,0,0,0,0,0,0,0,40.3,0,-2.375
"2019-03-05 13:12:00",0,47.31,0.062,0,0,0,0,0,0,0,40.26,0.011,-2.221
"2019-03-05 13:13:00",0,46.7,0.061,0,0,0,0,0,0,0,40.4,0,-2.275
"2019-03-05 13:14:00",0,46.66,0.061,0,0,0,0,0,0,0,40.27,0.011,-1.877
"2019-03-05 13:15:00",0,45.21,0.062,0,0,0,0,0,0,0,40.45,0.011,-1.916
"2019-03-05 13:16:00",0,45.55,0.061,0,0,0,0,0,0,0,40.43,0.011,-2.352
"2019-03-05 13:17:00",0,46.51,0.061,0,0,0,0,0,0,0,40.5,0,-2.121
"2019-03-05 13:18:00",0,47.93,0.061,0,0,0,0,0,0,0,40.4,0.023,-2.045
"2019-03-05 13:19:00",0,49.45,0.061,0,0,0,0,0,0,0,40.25,0.091,-2.309
"2019-03-05 13:20:00",0,50.18,0.06,0,0,0,0,0,0,0,40.25,0.011,-2.4
"2019-03-05 13:21:00",0,51.06,0.061,0,0,0,0,0,0,0,40.34,0,-2.039
"2019-03-05 13:22:00",0,51.57,0.06,0,0,0,0,0,0,0,40.32,0,-2.149
"2019-03-05 13:23:00",0,51.05,0.061,0,0,0,0,0,0,0,40.28,0,-2.229
"2019-03-05 13:24:00",0,51.39,0.06,0,0,0,0,0,0,0,40.25,0.011,-2.207
"2019-03-05 13:25:00",0,51.33,0.061,0,0,0,0,0,0,0,40.41,0.011,-2.242
"2019-03-05 13:26:00",0,50.79,0.061,0,0,0,0,0,0,0,40.34,0.011,-2.275
"2019-03-05 13:27:00",0,49.13,0.06,0,0,0,0,0,0,0,40.45,0,-2.108
"2019-03-05 13:28:00",0,46.19,0.06,0,0,0,0,0,0,0,40.31,0,-2.235
"2019-03-05 13:29:00",0,45.79,0.06,0,0,0,0,0,0,0,40.29,0.023,-2.256
"2019-03-05 13:30:00",0,46.13,0.061,0,0,0,0,0,0,0,40.38,0,-2.637
"2019-03-05 13:31:00",0,45.34,0.06,0,0,0,0,0,0,0,40.45,0.011,-2.465
"2019-03-05 13:32:00",0,44.97,0.061,0,0,0,0,0,0,0,40.49,0,-1.943
"2019-03-05 13:33:00",0,46.24,0.06,0,0,0,0,0,0,0,40.28,0.023,-2.273
"2019-03-05 13:34:00",0,46.74,0.06,0,0,0,0,0,0,0,40.45,0.023,-2.332
"2019-03-05 13:35:00",0,46.59,0.06,0,0,0,0,0,0,0,40.23,0,-2.149
"2019-03-05 13:36:00",0,45.61,0.06,0,0,0,0,0,0,0,40.18,0.057,-2.495
"2019-03-05 13:37:00",0,45.46,0.059,0,0,0,0,0,0,0,40.18,0,-2.254
"2019-03-05 13:38:00",0,44.31,0.06,0,0,0,0,0,0,0,40.26,0,-2.099
"2019-03-05 13:39:00",0,44.85,0.06,0,0,0,0,0,0,0,40.17,0.023,-2.318
"2019-03-05 13:40:00",0,46.41,0.06,0,0,0,0,0,0,0,40.33,0,-2.165
"2019-03-05 13:41:00",0,45.82,0.06,0,0,0,0,0,0,0,40.34,0,-2.207
"2019-03-05 13:42:00",0,44.75,0.059,0,0,0,0,0,0,0,40.29,0.011,-2.093
"2019-03-05 13:43:00",0,44.23,0.06,0,0,0,0,0,0,0,40.29,0,-2.089
"2019-03-05 13:44:00",0,43.37,0.06,0,0,0,0,0,0,0,40.21,0,-2.599
"2019-03-05 13:45:00",0,44.46,0.06,0,0,0,0,0,0,0,40.33,0.011,-2.473
"2019-03-05 13:46:00",0,44.22,0.059,0,0,0,0,0,0,0,40.2,0.023,-2.058
"2019-03-05 13:47:00",0,44.93,0.059,0,0,0,0,0,0,0,40.22,0.011,-1.988
"2019-03-05 13:48:00",0,44.39,0.059,0,0,0,0,0,0,0,40.2,0.034,-2.398
"2019-03-05 13:49:00",0,43.87,0.059,0,0,0,0,0,0,0,40.37,0,-2.719
"2019-03-05 13:50:00",0,44.61,0.059,0,0,0,0,0,0,0,40.22,0,-2.003
"2019-03-05 13:51:00",0,45.63,0.059,0,0,0,0,0,0,0,40.26,0,-2.27
"2019-03-05 13:52:00",0,47.46,0.059,0,0,0,0,0,0,0,40.27,0.023,-2.337
"2019-03-05 13:53:00",0,48.5,0.059,0,0,0,0,0,0,0,40.4,0,-1.932
"2019-03-05 13:54:00",0,50.01,0.059,0,0,0,0,0,0,0,40.29,0,-2.46
"2019-03-05 13:55:00",0,51.33,0.058,0,0,0,0,0,0,0,40.31,0.023,-2.44
"2019-03-05 13:56:00",0,52.24,0.058,0,0,0,0,0,0,0,40.29,0.011,-1.964
"2019-03-05 13:57:00",0,52.33,0.058,0,0,0,0,0,0,0,40.36,0,-2.006
"2019-03-05 13:58:00",0,52.21,0.058,0,0,0,0,0,0,0,40.33,0.011,-2.431
"2019-03-05 13:59:00",0,53.34,0.057,0,0,0,0,0,0,0,43.59,0.034,-2.441
"2019-03-05 14:00:00",0,53.45,0.058,0,0,0,0,0,0,0,44.68,0.023,-2.253
"2019-03-05 14:01:00",0,53.74,0.058,0,0,0,0,0,0,0,44.69,0,-2.706
"2019-03-05 14:02:00",0,53.51,0.058,0,0,0,0,0,0,0,44.89,0.011,-2.187
"2019-03-05 14:03:00",0,53,0.057,0,0,0,0,0,0,0,45.18,0.011,-2.185
"2019-03-05 14:04:00",0,52.17,0.057,0,0,0,0,0,0,0,45.3,0.034,-2.1
"2019-03-05 14:05:00",0,52.98,0.057,0,0,0,0,0,0,0,45.34,0.011,-2.405
"2019-03-05 14:06:00",0,54.06,0.057,0,0,0,0,0,0,0,45.36,0,-2.182
"2019-03-05 14:07:00",0,54.46,0.057,0,0,0,0,0,0,0,45.5,0,-2.25
"2019-03-05 14:08:00",0,54.62,0.057,0,0,0,0,0,0,0,45.45,0.011,-2.287
"2019-03-05 14:09:00",0,54.42,0.057,0,0,0,0,0,0,0,45.31,0,-2.219
"2019-03-05 14:10:00",0,54.04,0.057,0,0,0,0,0,0,0,45.34,0,-2.277
"2019-03-05 14:11:00",0,53.39,0.057,0,0,0,0,0,0,0,45.35,0.023,-2.257
"2019-03-05 14:12:00",0,53.58,0.057,0,0,0,0,0,0,0,45.31,0,-2.232
"2019-03-05 14:13:00",0,53.35,0.057,0,0,0,0,0,0,0,45.29,0.011,-2.22
"2019-03-05 14:14:00",0,53.99,0.057,0,0,0,0,0,0,0,45.33,0,-2.382
"2019-03-05 14:15:00",0,53.85,0.056,0,0,0,0,0,0,0,127.4,0,-2.195
"2019-03-05 14:16:00",0,53,0.056,0,0,0,0,0,0,0,135.9,0.011,-2.225
"2019-03-05 14:17:00",0,53.64,0.056,0,0,0,0,0,0,0,135,0.011,-2.246
"2019-03-05 14:18:00",0,54.72,0.056,0,0,0,0,0,0,0,134.4,0,-2.302
"2019-03-05 14:19:00",0,55.43,0.056,0,0,0,0,0,0,0,134.6,0.011,-2.3
"2019-03-05 14:20:00",0,55.69,0.056,0,0,0,0,0,0,0,134.8,0.011,-2.189
"2019-03-05 14:21:00",0,55.27,0.056,0,0,0,0,0,0,0,134.5,0.011,-2.246
"2019-03-05 14:22:00",0,53,0.056,0,0,0,0,0,0,0,134.5,0.011,-2.227
"2019-03-05 14:23:00",0,52.98,0.055,0,0,0,0,0,0,0,133.8,0.011,-2.361
"2019-03-05 14:24:00",0,50.44,0.055,0,0,0,0,0,0,0,144.5,0.023,-2.29
"2019-03-05 14:25:00",0,49.86,0.055,0,0,0,0,0,0,0,157.7,0.011,-2.259
"2019-03-05 14:26:00",0,49.1,0.055,0,0,0,0,0,0,0,157.3,0,-2.264
"2019-03-05 14:27:00",0,47.15,0.055,0,0,0,0,0,0,0,157,0.011,-2.241
"2019-03-05 14:28:00",0,44.9,0.055,0,0,0,0,0,0,0,156.5,0,-2.227
"2019-03-05 14:29:00",0,45.22,0.055,0,0,0,0,0,0,0,156.2,0,-2.271
"2019-03-05 14:30:00",0,45.04,0.055,0,0,0,0,0,0,0,155.6,0.023,-2.253
"2019-03-05 14:31:00",0,43.45,0.055,0,0,0,0,0,0,0,155,0,-2.246
"2019-03-05 14:32:00",0,41.89,0.055,0,0,0,0,0,0,0,154.5,0,-2.199
"2019-03-05 14:33:00",0,41.47,0.054,0,0,0,0,0,0,0,154,0.023,-2.346
"2019-03-05 14:34:00",0,41.46,0.054,0,0,0,0,0,0,0,153.7,0.011,-2.062
"2019-03-05 14:35:00",0,40.71,0.054,0,0,0,0,0,0,0,153.4,0,-2.245
"2019-03-05 14:36:00",0,40.4,0.054,0,0,0,0,0,0,0,152.6,0,-2.179
"2019-03-05 14:37:00",0,39.54,0.054,0,0,0,0,0,0,0,151.9,0.011,-2.291
"2019-03-05 14:38:00",0,38.45,0.054,0,0,0,0,0,0,0,151.4,0,-2.208
"2019-03-05 14:39:00",0,39.33,0.054,0,0,0,0,0,0,0,150.9,0.011,-2.292
"2019-03-05 14:40:00",0,40.9,0.053,0,0,0,0,0,0,0,150.5,0,-2.202
"2019-03-05 14:41:00",0,42.67,0.053,0,0,0,0,0,0,0,150.1,0,-2.232
"2019-03-05 14:42:00",0,43.01,0.053,0,0,0,0,0,0,0,149.7,0,-2.481
"2019-03-05 14:43:00",0,44.54,0.053,0,0,0,0,0,0,0,149.2,0,-2.253
"2019-03-05 14:44:00",0,45.38,0.053,0,0,0,0,0,0,0,98.8,0.011,-2.268
"2019-03-05 14:45:00",0,45.97,0.053,0,0,0,0,0,0,0,69.98,0,-2.36
"2019-03-05 14:46:00",0,47.56,0.052,0,0,0,0,0,0,0,70.03,0,-2.321
"2019-03-05 14:47:00",0,48.75,0.052,0,0,0,0,0,0,0,69.31,0,-2.089
"2019-03-05 14:48:00",0,49.7,0.052,0,0,0,0,0,0,0,69.57,0,-2.33
"2019-03-05 14:49:00",0,50.08,0.053,0,0,0,0,0,0,0,69.84,0,-2.304
"2019-03-05 14:50:00",0,49.47,0.053,0,0,0,0,0,0,0,69.83,0,-2.518
"2019-03-05 14:51:00",0,51.21,0.052,0,0,0,0,0,0,0,70.08,0,-2.845
"2019-03-05 14:52:00",0,51.91,0.052,0,0,0,0,0,0,0,70.15,0,-2.558
"2019-03-05 14:53:00",0,50.96,0.052,0,0,0,0,0,0,0,70.04,0.011,-2.046
"2019-03-05 14:54:00",0,49.69,0.052,0,0,0,0,0,0,0,70.09,0.011,-2.26
"2019-03-05 14:55:00",0,48.61,0.052,0,0,0,0,0,0,0,69.95,0.011,-2.261
"2019-03-05 14:56:00",0,47.7,0.052,0,0,0,0,0,0,0,69.81,0,-2.185
"2019-03-05 14:57:00",0,48.57,0.052,0,0,0,0,0,0,0,70.04,0.011,-2.266
"2019-03-05 14:58:00",0,48.91,0.051,0,0,0,0,0,0,0,70.1,0,-2.006
"2019-03-05 14:59:00",0,49.14,0.051,0,0,0,0,0,0,0,70.03,0,-1.998
"2019-03-05 15:00:00",0,49.81,0.051,0,0,0,0,0,0,0,70.07,0,-2.228
"2019-03-05 15:01:00",0,48.88,0.051,0,0,0,0,0,0,0,68.65,0,-2.201
"2019-03-05 15:02:00",0,48.76,0.051,0,0,0,0,0,0,0,69.64,0,-2.257
"2019-03-05 15:03:00",0,49.35,0.051,0,0,0,0,0,0,0,69.5,0,-2.323
"2019-03-05 15:04:00",0,49.66,0.051,0,0,0,0,0,0,0,69.67,0,-2.437
"2019-03-05 15:05:00",0,49.77,0.051,0,0,0,0,0,0,0,69.82,0.023,-2.594
"2019-03-05 15:06:00",0,49.73,0.051,0,0,0,0,0,0,0,69.64,0,-2.163
"2019-03-05 15:07:00",0,50.04,0.051,0,0,0,0,0,0,0,69.45,0.011,-2.412
"2019-03-05 15:08:00",0,50.24,0.051,0,0,0,0,0,0,0,69.81,0,-2.237
"2019-03-05 15:09:00",0,49.45,0.05,0,0,0,0,0,0,0,69.81,0,-2.169
"2019-03-05 15:10:00",0,49.39,0.051,0,0,0,0,0,0,0,69.7,0,-2.118
"2019-03-05 15:11:00",0,49.94,0.051,0,0,0,0,0,0,0,69.52,0,-2.02
"2019-03-05 15:12:00",0,50.08,0.051,0,0,0,0,0,0,0,69.81,0,-2.108
"2019-03-05 15:13:00",0,48.42,0.051,0,0,0,0,0,0,0,69.85,0,-2.726
"2019-03-05 15:14:00",0,47.82,0.051,0,0,0,0,0,0,0,69.84,0,-2.043
"2019-03-05 15:15:00",0,47.59,0.05,0,0,0,0,0,0,0,69.78,0,-2.349
"2019-03-05 15:16:00",0,47.25,0.051,0,0,0,0,0,0,0,69.85,0,-2.072
"2019-03-05 15:17:00",0,46.16,0.051,0,0,0,0,0,0,0,69.84,0.011,-2.124
"2019-03-05 15:18:00",0,45.72,0.05,0,0,0,0,0,0,0,70.07,0.034,-2.402
"2019-03-05 15:19:00",0,45.73,0.05,0,0,0,0,0,0,0,69.96,0.011,-2.031
"2019-03-05 15:20:00",0,46,0.05,0,0,0,0,0,0,0,69.92,0.011,-2.228
"2019-03-05 15:21:00",0,46.57,0.05,0,0,0,0,0,0,0,69.87,0.011,-2.239
"2019-03-05 15:22:00",0,46.83,0.05,0,0,0,0,0,0,0,69.86,0.023,-2.357
"2019-03-05 15:23:00",0,46.87,0.05,0,0,0,0,0,0,0,70.07,0,-2.098
"2019-03-05 15:24:00",0,46.41,0.05,0,0,0,0,0,0,0,70.03,0.011,-2.284
"2019-03-05 15:25:00",0,44.53,0.05,0,0,0,0,0,0,0,69.76,0,-2.187
"2019-03-05 15:26:00",0,44.37,0.05,0,0,0,0,0,0,0,69.68,0,-2.119
"2019-03-05 15:27:00",0,45.72,0.05,0,0,0,0,0,0,0,70,0,-2.25
"2019-03-05 15:28:00",0,45.73,0.049,0,0,0,0,0,0,0,69.93,0,-2.3
"2019-03-05 15:29:00",0,45.89,0.049,0,0,0,0,0,0,0,69.38,0.011,-2.171
"2019-03-05 15:30:00",0,46.37,0.049,0,0,0,0,0,0,0,69.76,0,-2.247
"2019-03-05 15:31:00",0,46.61,0.05,0,0,0,0,0,0,0,69.72,0,-2.136
"2019-03-05 15:32:00",0,46.59,0.05,0,0,0,0,0,0,0,69.34,0.011,-2.21
"2019-03-05 15:33:00",0,47.03,0.049,0,0,0,0,0,0,0,69.87,0,-2.199
"2019-03-05 15:34:00",0,45.05,0.049,0,0,0,0,0,0,0,69.96,0,-2.367
"2019-03-05 15:35:00",0,44.93,0.049,0,0,0,0,0,0,0,69.99,0,-2.327
"2019-03-05 15:36:00",0,45.08,0.05,0,0,0,0,0,0,0,69.88,0,-2.119
"2019-03-05 15:37:00",0,45.63,0.049,0,0,0,0,0,0,0,136,0,-2.246
"2019-03-05 15:38:00",0,46.07,0.05,0,0,0,0,0,0,0,155.2,0,-1.855
"2019-03-05 15:39:00",0,46.41,0.049,0,0,0,0,0,0,0,157.2,0,-2.189
"2019-03-05 15:40:00",0,46.49,0.049,0,0,0,0,0,0,0,157.9,0,-2.454
"2019-03-05 15:41:00",0,46.4,0.049,0,0,0,0,0,0,0,158.1,0.034,-2.589
"2019-03-05 15:42:00",0,45.62,0.049,0,0,0,0,0,0,0,157.7,0,-2.348
"2019-03-05 15:43:00",0,45.43,0.049,0,0,0,0,0,0,0,157.6,0.08,-2.373
"2019-03-05 15:44:00",0,46.15,0.048,0,0,0,0,0,0,0,157.3,0.011,-2.267
"2019-03-05 15:45:00",0,47.55,0.049,0,0,0,0,0,0,0,141.3,0,-2.169
"2019-03-05 15:46:00",0,47.88,0.049,0,0,0,0,0,0,0,133.2,0.011,-2.244
"2019-03-05 15:47:00",0,46.73,0.048,0,0,0,0,0,0,0,129.8,0,-2.114
"2019-03-05 15:48:00",0,46.89,0.049,0,0,0,0,0,0,0,127.8,0.023,-2.188
"2019-03-05 15:49:00",0,46.39,0.048,0,0,0,0,0,0,0,127.8,0.057,-2.361
"2019-03-05 15:50:00",0,45.79,0.049,0,0,0,0,0,0,0,127.8,0.011,-2.21
"2019-03-05 15:51:00",0,44.65,0.049,0,0,0,0,0,0,0,127.9,0,-2.443
"2019-03-05 15:52:00",0,45.79,0.049,0,0,0,0,0,0,0,127.9,0,-1.981
"2019-03-05 15:53:00",0,46.21,0.049,0,0,0,0,0,0,0,128,0,-1.821
"2019-03-05 15:54:00",0,45.67,0.048,0,0,0,0,0,0,0,128.1,0.011,-2.525
"2019-03-05 15:55:00",0,43.85,0.048,0,0,0,0,0,0,0,128.1,0.023,-2.33
"2019-03-05 15:56:00",0,43.35,0.049,0,0,0,0,0,0,0,128,0,-2.295
"2019-03-05 15:57:00",0,43.16,0.048,0,0,0,0,0,0,0,128.1,0,-2.124
"2019-03-05 15:58:00",0,42.88,0.048,0,0,0,0,0,0,0,128,0,-2.141
"2019-03-05 15:59:00",0,42.88,0.049,0,0,0,0,0,0,0,137.2,0,-2.179
"2019-03-05 16:00:00",0,41.58,0.048,0,0,0,0,0,0,0,217,0,-2.222
"2019-03-05 16:01:00",0,40.55,0.048,0,0,0,0,0,0,0,216.3,0,-1.943
"2019-03-05 16:02:00",0,39.69,0.048,0,0,0,0,0,0,0,215,0,-2.285
"2019-03-05 16:03:00",0,38.71,0.048,0,0,0,0,0,0,0,214.6,0.011,-2.291
"2019-03-05 16:04:00",0,37.64,0.048,0,0,0,0,0,0,0,214.4,0,-2.203
"2019-03-05 16:05:00",0,37.5,0.048,0,0,0,0,0,0,0,214.3,0,-2.394
"2019-03-05 16:06:00",0,37.19,0.047,0,0,0,0,0,0,0,214.1,0.023,-2.467
"2019-03-05 16:07:00",0,37.29,0.048,0,0,0,0,0,0,0,213.7,0,-2.136
"2019-03-05 16:08:00",0,37.16,0.047,0,0,0,0,0,0,0,213.4,0.023,-2.15
"2019-03-05 16:09:00",0,37.26,0.047,0,0,0,0,0,0,0,212.9,0,-2.285
"2019-03-05 16:10:00",0,37.32,0.046,0,0,0,0,0,0,0,212.9,0.011,-2.039
"2019-03-05 16:11:00",0,36.91,0.047,0,0,0,0,0,0,0,212.3,0.034,-2.333
"2019-03-05 16:12:00",0,36.82,0.048,0,0,0,0,0,0,0,211.7,0.023,-2.232
"2019-03-05 16:13:00",0,36.66,0.047,0,0,0,0,0,0,0,211.2,0,-2.263
"2019-03-05 16:14:00",0,36.51,0.046,0,0,0,0,0,0,0,211.1,0.023,-2.26
"2019-03-05 16:15:00",0,36.23,0.046,0,0,0,0,0,0,0,210.7,0.023,-2.309
"2019-03-05 16:16:00",0,36.95,0.046,0,0,0,0,0,0,0,210.5,0,-2.435
"2019-03-05 16:17:00",0,36.91,0.046,0,0,0,0,0,0,0,209.9,0.034,-2.231
"2019-03-05 16:18:00",0,38.12,0.046,0,0,0,0,0,0,0,209.7,0.011,-2.245
"2019-03-05 16:19:00",0,38.77,0.045,0,0,0,0,0,0,0,209.1,0.011,-2.629
"2019-03-05 16:20:00",0,38.94,0.046,0,0,0,0,0,0,0,158.9,0.034,-2.298
"2019-03-05 16:21:00",0,39.35,0.046,0,0,0,0,0,0,0,122.8,0.011,-2.078
"2019-03-05 16:22:00",0,39.52,0.046,0,0,0,0,0,0,0,122.6,0,-2.223
"2019-03-05 16:23:00",0,39.72,0.046,0,0,0,0,0,0,0,122,0.011,-2.178
"2019-03-05 16:24:00",0,40.12,0.046,0,0,0,0,0,0,0,121.2,0,-2.17
"2019-03-05 16:25:00",0,40.37,0.046,0,0,0,0,0,0,0,120.6,0,-2.517
"2019-03-05 16:26:00",0,41.27,0.046,0,0,0,0,0,0,0,120.2,0,-2.563
"2019-03-05 16:27:00",0,41.96,0.046,0,0,0,0,0,0,0,120,0,-1.965
"2019-03-05 16:28:00",0,41.4,0.046,0,0,0,0,0,0,0,85.3,0,-2.177
"2019-03-05 16:29:00",0,40.94,0.046,0,0,0,0,0,0,0,40.32,0,-2.194
"2019-03-05 16:30:00",0,41.24,0.045,0,0,0,0,0,0,0,40.26,0,-2.141
"2019-03-05 16:31:00",0,40.99,0.046,0,0,0,0,0,0,0,40.39,0,-2.348
"2019-03-05 16:32:00",0,40.48,0.046,0,0,0,0,0,0,0,40.3,0,-2.236
"2019-03-05 16:33:00",0,39.89,0.045,0,0,0,0,0,0,0,40.25,0,-1.981
"2019-03-05 16:34:00",0,39.59,0.045,0,0,0,0,0,0,0,40.47,0,-2.158
"2019-03-05 16:35:00",0,39.24,0.045,0,0,0,0,0,0,0,40.38,0.011,-2.397
"2019-03-05 16:36:00",0,38.88,0.045,0,0,0,0,0,0,0,40.22,0.011,-2.506
"2019-03-05 16:37:00",0,38.61,0.045,0,0,0,0,0,0,0,40.32,0,-2.001
"2019-03-05 16:38:00",0,38.51,0.045,0,0,0,0,0,0,0,40.34,0,-2.015
"2019-03-05 16:39:00",0,37.54,0.044,0,0,0,0,0,0,0,40.43,0.011,-2.457
"2019-03-05 16:40:00",0,37.04,0.044,0,0,0,0,0,0,0,40.36,0,-2.072
"2019-03-05 16:41:00",0,37.1,0.044,0,0,0,0,0,0,0,40.41,0.023,-2.27
"2019-03-05 16:42:00",0,37.34,0.044,0,0,0,0,0,0,0,68.69,0,-2.394
"2019-03-05 16:43:00",0,38.17,0.045,0,0,0,0,0,0,0,69.45,0.023,-2.194
"2019-03-05 16:44:00",0,38.51,0.044,0,0,0,0,0,0,0,69.83,0.011,-2.221
"2019-03-05 16:45:00",0,37.79,0.044,0,0,0,0,0,0,0,69.99,0.023,-2.472
"2019-03-05 16:46:00",0,37.75,0.044,0,0,0,0,0,0,0,70.15,0.023,-2.104
"2019-03-05 16:47:00",0,37.52,0.044,0,0,0,0,0,0,0,70.36,0.023,-2.25
"2019-03-05 16:48:00",0,37.21,0.044,0,0,0,0,0,0,0,70.36,0.011,-2.196
"2019-03-05 16:49:00",0,37.11,0.044,0,0,0,0,0,0,0,70.25,0,-1.868
"2019-03-05 16:50:00",0,36.79,0.044,0,0,0,0,0,0,0,70.1,0.011,-2.208
"2019-03-05 16:51:00",0,36.21,0.043,0,0,0,0,0,0,0,70.1,0.034,-2.409
"2019-03-05 16:52:00",0,36.21,0.043,0,0,0,0,0,0,0,70.17,0.011,-2.451
"2019-03-05 16:53:00",0,36.31,0.044,0,0,0,0,0,0,0,70.49,0.011,-1.949
"2019-03-05 16:54:00",0,35.83,0.044,0,0,0,0,0,0,0,70.17,0,-2.527
"2019-03-05 16:55:00",0,35.35,0.043,0,0,0,0,0,0,0,69.75,0.011,-2.359
"2019-03-05 16:56:00",0,35.41,0.043,0,0,0,0,0,0,0,69.88,0,-2.256
"2019-03-05 16:57:00",0,35.34,0.043,0,0,0,0,0,0,0,69.78,0,-2.408
"2019-03-05 16:58:00",0,34.99,0.043,0,0,0,0,0,0,0,69.83,0,-2.218
"2019-03-05 16:59:00",0,34.8,0.042,0,0,0,0,0,0,0,69.72,0.011,-2.097
"2019-03-05 17:00:00",0,34.68,0.043,0,0,0,0,0,0,0,69.79,0,-2.203
"2019-03-05 17:01:00",0,34.47,0.042,0,0,0,0,0,0,0,69.76,0.023,-2.252
"2019-03-05 17:02:00",0,34.02,0.042,0,0,0,0,0,0,0,69.56,0,-2.279
"2019-03-05 17:03:00",0,33.9,0.042,0,0,0,0,0,0,0,69.63,0.011,-2.309
"2019-03-05 17:04:00",0,33.98,0.042,0,0,0,0,0,0,0,69.6,0.011,-2.294
"2019-03-05 17:05:00",0,34.12,0.041,0,0,0,0,0,0,0,69.64,0.011,-2.057
"2019-03-05 17:06:00",0,34.11,0.042,0,0,0,0,0,0,0,69.59,0.011,-2.278
"2019-03-05 17:07:00",0,34.05,0.041,0,0,0,0,0,0,0,69.62,0,-2.117
"2019-03-05 17:08:00",0,33.98,0.041,0,0,0,0,0,0,0,69.54,0.023,-2.06
"2019-03-05 17:09:00",0,33.85,0.041,0,0,0,0,0,0,0,69.67,0,-2.056
"2019-03-05 17:10:00",0,33.7,0.041,0,0,0,0,0,0,0,69.77,0.011,-2.277
"2019-03-05 17:11:00",0,33.49,0.041,0,0,0,0,0,0,0,69.61,0,-2.104
"2019-03-05 17:12:00",0,33.54,0.041,0,0,0,0,0,0,0,69.63,0.011,-2.23
"2019-03-05 17:13:00",0,33.58,0.041,0,0,0,0,0,0,0,69.54,0,-2.172
"2019-03-05 17:14:00",0,33.65,0.041,0,0,0,0,0,0,0,69.11,0,-2.21
"2019-03-05 17:15:00",0,33.57,0.041,0,0,0,0,0,0,0,69.71,0,-2.26
"2019-03-05 17:16:00",0,33.48,0.041,0,0,0,0,0,0,0,69.72,0.023,-2.289
"2019-03-05 17:17:00",0,33.4,0.04,0,0,0,0,0,0,0,69.85,0,-2.147
"2019-03-05 17:18:00",0,33.22,0.041,0,0,0,0,0,0,0,69.71,0.023,-2.282
"2019-03-05 17:19:00",0,33.23,0.04,0,0,0,0,0,0,0,69.5,0.034,-2.166
"2019-03-05 17:20:00",0,33.29,0.04,0,0,0,0,0,0,0,69.66,0.011,-2.221
"2019-03-05 17:21:00",0,33.34,0.04,0,0,0,0,0,0,0,69.7,0,-2.861
"2019-03-05 17:22:00",0,33.39,0.04,0,0,0,0,0,0,0,69.7,0.023,-2.077
"2019-03-05 17:23:00",0,33.17,0.04,0,0,0,0,0,0,0,69.74,0,-2.216
"2019-03-05 17:24:00",0,33.07,0.04,0,0,0,0,0,0,0,69.77,0.023,-2.185
"2019-03-05 17:25:00",0,33.02,0.04,0,0,0,0,0,0,0,69.59,0,-1.498
"2019-03-05 17:26:00",0,32.93,0.04,0,0,0,0,0,0,0,69.56,0.011,-2.291
"2019-03-05 17:27:00",0,32.91,0.04,0,0,0,0,0,0,0,69.68,0.011,-2.359
"2019-03-05 17:28:00",0,32.87,0.039,0,0,0,0,0,0,0,69.67,0,-2.29
"2019-03-05 17:29:00",0,33.04,0.039,0,0,0,0,0,0,0,69.55,0,-2.367
"2019-03-05 17:30:00",0,32.95,0.039,0,0,0,0,0,0,0,69.65,0,-2.262
"2019-03-05 17:31:00",0,32.88,0.039,0,0,0,0,0,0,0,69.77,0.034,-2.244
"2019-03-05 17:32:00",0,32.84,0.039,0,0,0,0,0,0,0,69.52,0.023,-2.08
"2019-03-05 17:33:00",0,32.74,0.039,0,0,0,0,0,0,0,69.83,0.034,-2.348
"2019-03-05 17:34:00",0,32.72,0.039,0,0,0,0,0,0,0,69.64,0.011,-2.313
"2019-03-05 17:35:00",0,32.82,0.039,0,0,0,0,0,0,0,69.81,0.011,-2.11
"2019-03-05 17:36:00",0,32.66,0.039,0,0,0,0,0,0,0,69.78,0.034,-2.213
"2019-03-05 17:37:00",0,32.51,0.039,0,0,0,0,0,0,0,69.71,0.011,-2.076
"2019-03-05 17:38:00",0,32.42,0.039,0,0,0,0,0,0,0,69.83,0.011,-2.152
"2019-03-05 17:39:00",0,32.47,0.039,0,0,0,0,0,0,0,69.78,0.023,-2.52
"2019-03-05 17:40:00",0,32.44,0.039,0,0,0,0,0,0,0,69.73,0.034,-2.198
"2019-03-05 17:41:00",0,32.4,0.039,0,0,0,0,0,0,0,69.95,0.011,-2.191
"2019-03-05 17:42:00",0,32.13,0.039,0,0,0,0,0,0,0,69.92,0.034,-2.497
"2019-03-05 17:43:00",0,32.09,0.039,0,0,0,0,0,0,0,69.41,0,-2.308
"2019-03-05 17:44:00",0,31.99,0.039,0,0,0,0,0,0,0,68.52,0,-1.965
"2019-03-05 17:45:00",0,31.91,0.039,0,0,0,0,0,0,0,120.4,0,-2.3
"2019-03-05 17:46:00",0,31.82,0.039,0,0,0,0,0,0,0,159.3,0.011,-2.165
"2019-03-05 17:47:00",0,31.62,0.038,0,0,0,0,0,0,0,156.7,0.034,-2.361
"2019-03-05 17:48:00",0,31.55,0.038,0,0,0,0,0,0,0,156.1,0.023,-2.214
"2019-03-05 17:49:00",0,31.55,0.038,0,0,0,0,0,0,0,155.8,0,-2.261
"2019-03-05 17:50:00",0,31.42,0.038,0,0,0,0,0,0,0,154.6,0.011,-1.905
"2019-03-05 17:51:00",0,31.44,0.039,0,0,0,0,0,0,0,154,0,-2.435
"2019-03-05 17:52:00",0,31.35,0.039,0,0,0,0,0,0,0,153.9,0,-2.242
"2019-03-05 17:53:00",0,31.26,0.039,0,0,0,0,0,0,0,153.7,0,-2.32
"2019-03-05 17:54:00",0,31.21,0.038,0,0,0,0,0,0,0,153.4,0.034,-2.215
"2019-03-05 17:55:00",0,31.15,0.038,0,0,0,0,0,0,0,153.1,0.057,-2.325
"2019-03-05 17:56:00",0,31.09,0.039,0,0,0,0,0,0,0,152.1,0,-2.278
"2019-03-05 17:57:00",0,31.15,0.038,0,0,0,0,0,0,0,151.6,0.011,-2.085
"2019-03-05 17:58:00",0,31.01,0.038,0,0,0,0,0,0,0,151,0.011,-2.244
"2019-03-05 17:59:00",0,30.95,0.038,0,0,0,0,0,0,0,150.5,0.023,-2.215
"2019-03-05 18:00:00",0,30.88,0.038,0,0,0,0,0,0,0,150,0.011,-2.259
"2019-03-05 18:01:00",0,30.83,0.038,0,0,0,0,0,0,0,149.2,0.034,-2.255
"2019-03-05 18:02:00",0,30.78,0.038,0,0,0,0,0,0,0,149.2,0.011,-2.232
"2019-03-05 18:03:00",0,30.74,0.038,0,0,0,0,0,0,0,149,0.011,-2.241
"2019-03-05 18:04:00",0,30.75,0.037,0,0,0,0,0,0,0,148.5,0.011,-2.093
"2019-03-05 18:05:00",0,30.62,0.037,0,0,0,0,0,0,0,229.6,0.011,-2.382
"2019-03-05 18:06:00",0,30.64,0.038,0,0,0,0,0,0,0,274.2,0.011,-2.568
"2019-03-05 18:07:00",0,30.54,0.038,0,0,0,0,0,0,0,273.9,0,-2.376
"2019-03-05 18:08:00",0,30.5,0.038,0,0,0,0,0,0,0,273.5,0.011,-2.424
"2019-03-05 18:09:00",0,30.46,0.037,0,0,0,0,0,0,0,273.5,0.023,-2.252
"2019-03-05 18:10:00",0,30.38,0.037,0,0,0,0,0,0,0,273.3,0.023,-2.283
"2019-03-05 18:11:00",0,30.34,0.037,0,0,0,0,0,0,0,272.7,0.034,-2.337
"2019-03-05 18:12:00",0,30.28,0.037,0,0,0,0,0,0,0,272,0,-2.174
"2019-03-05 18:13:00",0,30.23,0.038,0,0,0,0,0,0,0,198.2,0,-2.024
"2019-03-05 18:14:00",0,30.15,0.037,0,0,0,0,0,0,0,194.2,0.034,-2.231
"2019-03-05 18:15:00",0,30.09,0.037,0,0,0,0,0,0,0,194.1,0,-1.786
"2019-03-05 18:16:00",0,30.1,0.037,0,0,0,0,0,0,0,194.1,0.011,-2.204
"2019-03-05 18:17:00",0,30.06,0.037,0,0,0,0,0,0,0,194,0.023,-2.257
"2019-03-05 18:18:00",0,30.01,0.037,0,0,0,0,0,0,0,194,0,-1.799
"2019-03-05 18:19:00",0,29.98,0.036,0,0,0,0,0,0,0,193.6,0,-2.243
"2019-03-05 18:20:00",0,29.98,0.037,0,0,0,0,0,0,0,193.7,0,-1.972
"2019-03-05 18:21:00",0,29.9,0.037,0,0,0,0,0,0,0,193.6,0,-2.295
"2019-03-05 18:22:00",0,29.8,0.037,0,0,0,0,0,0,0,193.7,0,-2.111
"2019-03-05 18:23:00",0,29.78,0.037,0,0,0,0,0,0,0,193.6,0.011,-2.193
"2019-03-05 18:24:00",0,29.64,0.037,0,0,0,0,0,0,0,193.9,0,-1.868
"2019-03-05 18:25:00",0,29.65,0.037,0,0,0,0,0,0,0,193.5,0.011,-2.054
"2019-03-05 18:26:00",0,29.56,0.037,0,0,0,0,0,0,0,193.6,0.011,-2.037
"2019-03-05 18:27:00",0,29.55,0.037,0,0,0,0,0,0,0,193.5,0.023,-2.189
"2019-03-05 18:28:00",0,29.53,0.037,0,0,0,0,0,0,0,194.1,0.034,-2.236
"2019-03-05 18:29:00",0,29.45,0.037,0,0,0,0,0,0,0,194.2,0,-2.319
"2019-03-05 18:30:00",0,29.41,0.037,0,0,0,0,0,0,0,194.1,0.023,-2.093
"2019-03-05 18:31:00",0,29.32,0.036,0,0,0,0,0,0,0,194.3,0,-2.035
"2019-03-05 18:32:00",0,29.27,0.036,0,0,0,0,0,0,0,194.3,0.011,-2.254
"2019-03-05 18:33:00",0,29.19,0.036,0,0,0,0,0,0,0,194.3,0,-2.199
"2019-03-05 18:34:00",0,29.15,0.037,0,0,0,0,0,0,0,194.2,0.023,-2.229
"2019-03-05 18:35:00",0,29.08,0.036,0,0,0,0,0,0,0,194.2,0.034,-2.224
"2019-03-05 18:36:00",0,29.03,0.037,0,0,0,0,0,0,0,193.9,0.023,-2.231
"2019-03-05 18:37:00",0,29.01,0.036,0,0,0,0,0,0,0,193.9,0.011,-2.21
"2019-03-05 18:38:00",0,29.02,0.036,0,0,0,0,0,0,0,193.7,0,-2.225
"2019-03-05 18:39:00",0,29,0.035,0,0,0,0,0,0,0,193.2,0,-2.21
"2019-03-05 18:40:00",0,29.04,0.035,0,0,0,0,0,0,0,192.3,0,-2.235
"2019-03-05 18:41:00",0,28.94,0.035,0,0,0,0,0,0,0,198,0.011,-2.217
"2019-03-05 18:42:00",0,28.88,0.035,0,0,0,0,0,0,0,192.8,0.011,-2.236
"2019-03-05 18:43:00",0,28.89,0.035,0,0,0,0,0,0,0,110.5,0,-2.218
"2019-03-05 18:44:00",0,28.81,0.035,0,0,0,0,0,0,0,110.1,0.011,-2.225
"2019-03-05 18:45:00",0,28.72,0.035,0,0,0,0,0,0,0,109.2,0.011,-2.093
"2019-03-05 18:46:00",0,28.71,0.035,0,0,0,0,0,0,0,109.3,0.011,-2.243
"2019-03-05 18:47:00",0,28.71,0.034,0,0,0,0,0,0,0,109.2,0,-2.263
"2019-03-05 18:48:00",0,28.67,0.034,0,0,0,0,0,0,0,109.3,0,-2.211
"2019-03-05 18:49:00",0,28.63,0.035,0,0,0,0,0,0,0,109,0.011,-2.253
"2019-03-05 18:50:00",0,28.6,0.034,0,0,0,0,0,0,0,109.2,0.011,-2.436
"2019-03-05 18:51:00",0,28.54,0.034,0,0,0,0,0,0,0,107.8,0.011,-2.24
"2019-03-05 18:52:00",0,28.51,0.034,0,0,0,0,0,0,0,102.7,0,-2.103
"2019-03-05 18:53:00",0,28.52,0.035,0,0,0,0,0,0,0,102.2,0.011,-2.265
"2019-03-05 18:54:00",0,28.61,0.035,0,0,0,0,0,0,0,101.8,0.023,-2.538
"2019-03-05 18:55:00",0,28.61,0.035,0,0,0,0,0,0,0,101.9,0,-2.002
"2019-03-05 18:56:00",0,28.64,0.035,0,0,0,0,0,0,0,101.9,0,-1.895
"2019-03-05 18:57:00",0,28.59,0.035,0,0,0,0,0,0,0,101.9,0,-2.21
"2019-03-05 18:58:00",0,28.61,0.034,0,0,0,0,0,0,0,102,0,-2.194
"2019-03-05 18:59:00",0,28.59,0.034,0,0,0,0,0,0,0,101.9,0.011,-2.25
"2019-03-05 19:00:00",0,28.55,0.035,0,0,0,0,0,0,0,101.8,0,-2.199
"2019-03-05 19:01:00",0,28.52,0.035,0,0,0,0,0,0,0,88.1,0,-2.175
"2019-03-05 19:02:00",0,28.52,0.034,0,0,0,0,0,0,0,85.1,0.011,-2.367
"2019-03-05 19:03:00",0,28.53,0.035,0,0,0,0,0,0,0,72.74,0,-2.232
"2019-03-05 19:04:00",0,28.55,0.034,0,0,0,0,0,0,0,62.16,0,-2.405
"2019-03-05 19:05:00",0,28.57,0.034,0,0,0,0,0,0,0,62.07,0,-2.163
"2019-03-05 19:06:00",0,28.6,0.035,0,0,0,0,0,0,0,62.16,0.011,-2.231
"2019-03-05 19:07:00",0,28.59,0.034,0,0,0,0,0,0,0,62.2,0.045,-2.361
"2019-03-05 19:08:00",0,28.55,0.035,0,0,0,0,0,0,0,62.22,0.023,-2.533
"2019-03-05 19:09:00",0,28.47,0.034,0,0,0,0,0,0,0,62.28,0,-2.228
"2019-03-05 19:10:00",0,28.55,0.034,0,0,0,0,0,0,0,61.88,0.011,-2.384
"2019-03-05 19:11:00",0,28.42,0.035,0,0,0,0,0,0,0,61.99,0,-2.291
"2019-03-05 19:12:00",0,28.4,0.034,0,0,0,0,0,0,0,62.04,0.011,-2.004
"2019-03-05 19:13:00",0,28.31,0.034,0,0,0,0,0,0,0,61.95,0,-2.198
"2019-03-05 19:14:00",0,28.27,0.033,0,0,0,0,0,0,0,62,0,-2.244
"2019-03-05 19:15:00",0,28.33,0.034,0,0,0,0,0,0,0,61.91,0,-2.22
"2019-03-05 19:16:00",0,28.38,0.034,0,0,0,0,0,0,0,61.89,0,-2.076
"2019-03-05 19:17:00",0,28.41,0.034,0,0,0,0,0,0,0,62.02,0.011,-2.113
"2019-03-05 19:18:00",0,28.42,0.034,0,0,0,0,0,0,0,61.93,0.034,-2.244
"2019-03-05 19:19:00",0,28.41,0.034,0,0,0,0,0,0,0,61.87,0.011,-2.203
"2019-03-05 19:20:00",0,28.39,0.034,0,0,0,0,0,0,0,61.91,0,-2.324
"2019-03-05 19:21:00",0,28.33,0.033,0,0,0,0,0,0,0,61.85,0,-2.348
"2019-03-05 19:22:00",0,28.28,0.033,0,0,0,0,0,0,0,61.91,0,-2.249
"2019-03-05 19:23:00",0,28.2,0.034,0,0,0,0,0,0,0,61.94,0,-2.363
"2019-03-05 19:24:00",0,28.28,0.034,0,0,0,0,0,0,0,61.96,0,-2.299
"2019-03-05 19:25:00",0,28.29,0.033,0,0,0,0,0,0,0,61.9,0,-2.172
"2019-03-05 19:26:00",0,28.17,0.033,0,0,0,0,0,0,0,61.79,0,-2.179
"2019-03-05 19:27:00",0,28.11,0.033,0,0,0,0,0,0,0,61.83,0.011,-2.183
"2019-03-05 19:28:00",0,28.05,0.033,0,0,0,0,0,0,0,61.85,0.011,-2.174
"2019-03-05 19:29:00",0,28.05,0.033,0,0,0,0,0,0,0,61.87,0.011,-2.422
"2019-03-05 19:30:00",0,28.15,0.033,0,0,0,0,0,0,0,128.5,0.011,-2.28
"2019-03-05 19:31:00",0,28.18,0.033,0,0,0,0,0,0,0,151.7,0.034,-2.33
"2019-03-05 19:32:00",0,28.15,0.033,0,0,0,0,0,0,0,151,0,-2.347
"2019-03-05 19:33:00",0,28.16,0.032,0,0,0,0,0,0,0,150.4,0,-2.668
"2019-03-05 19:34:00",0,28.18,0.033,0,0,0,0,0,0,0,150.3,0.023,-2.295
"2019-03-05 19:35:00",0,28.13,0.032,0,0,0,0,0,0,0,150,0,-2.312
"2019-03-05 19:36:00",0,28.17,0.032,0,0,0,0,0,0,0,149.9,0,-2.232
"2019-03-05 19:37:00",0,28.26,0.032,0,0,0,0,0,0,0,149.9,0,-2.131
"2019-03-05 19:38:00",0,28.33,0.032,0,0,0,0,0,0,0,149.8,0,-2.113
"2019-03-05 19:39:00",0,28.27,0.032,0,0,0,0,0,0,0,149.6,0.011,-2.116
"2019-03-05 19:40:00",0,28.14,0.032,0,0,0,0,0,0,0,149.2,0.011,-2.303
"2019-03-05 19:41:00",0,28.18,0.033,0,0,0,0,0,0,0,148.9,0,-2.26
"2019-03-05 19:42:00",0,28.24,0.032,0,0,0,0,0,0,0,148.7,0.011,-2.362
"2019-03-05 19:43:00",0,28.26,0.032,0,0,0,0,0,0,0,148.1,0,-2.289
"2019-03-05 19:44:00",0,28.27,0.032,0,0,0,0,0,0,0,147.5,0.011,-2.253
"2019-03-05 19:45:00",0,28.25,0.032,0,0,0,0,0,0,0,146.9,0,-2.204
"2019-03-05 19:46:00",0,28.33,0.031,0,0,0,0,0,0,0,146.3,0.011,-2.203
"2019-03-05 19:47:00",0,28.31,0.031,0,0,0,0,0,0,0,145.8,0,-2.43
"2019-03-05 19:48:00",0,28.28,0.032,0,0,0,0,0,0,0,145.2,0,-2.251
"2019-03-05 19:49:00",0,28.26,0.032,0,0,0,0,0,0,0,144.9,0,-2.643
"2019-03-05 19:50:00",0,28.21,0.032,0,0,0,0,0,0,0,144.3,0,-2.544
"2019-03-05 19:51:00",0,28.19,0.033,0,0,0,0,0,0,0,144,0.011,-2.39
"2019-03-05 19:52:00",0,28.16,0.032,0,0,0,0,0,0,0,143.1,0.011,-2.39
"2019-03-05 19:53:00",0,28.09,0.032,0,0,0,0,0,0,0,142.5,0.011,-2.333
"2019-03-05 19:54:00",0,28.01,0.031,0,0,0,0,0,0,0,142.2,0,-2.076
"2019-03-05 19:55:00",0,27.92,0.032,0,0,0,0,0,0,0,141.8,0.011,-1.976
"2019-03-05 19:56:00",0,27.88,0.033,0,0,0,0,0,0,0,141.4,0.011,-2.309
"2019-03-05 19:57:00",0,27.77,0.033,0,0,0,0,0,0,0,137.4,0.011,-2.286
"2019-03-05 19:58:00",0,27.7,0.033,0,0,0,0,0,0,0,61.9,0.011,-2.162
"2019-03-05 19:59:00",0,27.66,0.033,0,0,0,0,0,0,0,65.33,0.023,-2.135
"2019-03-05 20:00:00",0,27.67,0.033,0,0,0,0,0,0,0,66.21,0.011,-2.164
"2019-03-05 20:01:00",0,27.66,0.034,0,0,0,0,0,0,0,66.31,0,-2.374
"2019-03-05 20:02:00",0,27.6,0.033,0,0,0,0,0,0,0,66.47,0,-2.316
"2019-03-05 20:03:00",0,27.57,0.033,0,0,0,0,0,0,0,67.15,0.011,-2.417
"2019-03-05 20:04:00",0,27.55,0.033,0,0,0,0,0,0,0,66.96,0,-2.161
"2019-03-05 20:05:00",0,27.52,0.033,0,0,0,0,0,0,0,67.01,0.034,-2.324
"2019-03-05 20:06:00",0,27.55,0.034,0,0,0,0,0,0,0,67.08,0,-2.173
"2019-03-05 20:07:00",0,27.61,0.034,0,0,0,0,0,0,0,67.22,0,-2.24
"2019-03-05 20:08:00",0,27.67,0.034,0,0,0,0,0,0,0,67.29,0,-1.655
"2019-03-05 20:09:00",0,27.62,0.035,0,0,0,0,0,0,0,67.44,0.011,-2.012
"2019-03-05 20:10:00",0,27.63,0.033,0,0,0,0,0,0,0,67.27,0.011,-2.212
"2019-03-05 20:11:00",0,27.58,0.034,0,0,0,0,0,0,0,67.21,0,-2.309
"2019-03-05 20:12:00",0,27.84,0.034,0,0,0,0,0,0,0,67.08,0,-2.39
"2019-03-05 20:13:00",0,27.97,0.034,0,0,0,0,0,0,0,67.22,0,-2.496
"2019-03-05 20:14:00",0,28.01,0.033,0,0,0,0,0,0,0,67.22,0,-1.881
"2019-03-05 20:15:00",0,28.19,0.033,0,0,0,0,0,0,0,67.24,0,-2.42
"2019-03-05 20:16:00",0,28.14,0.034,0,0,0,0,0,0,0,67.25,0.068,-2.103
"2019-03-05 20:17:00",0,28.2,0.033,0,0,0,0,0,0,0,67.25,0,-2.099
"2019-03-05 20:18:00",0,28.23,0.034,0,0,0,0,0,0,0,67.23,0,-2.266
"2019-03-05 20:19:00",0,28.3,0.033,0,0,0,0,0,0,0,67.25,0.034,-2.24
"2019-03-05 20:20:00",0,28.32,0.033,0,0,0,0,0,0,0,67.32,0.011,-2.363
"2019-03-05 20:21:00",0,28.32,0.033,0,0,0,0,0,0,0,67.32,0,-2.211
"2019-03-05 20:22:00",0,28.24,0.033,0,0,0,0,0,0,0,67.29,0,-2.285
"2019-03-05 20:23:00",0,28.24,0.033,0,0,0,0,0,0,0,67.12,0,-2.309
"2019-03-05 20:24:00",0,28.25,0.032,0,0,0,0,0,0,0,67.18,0,-2.317
"2019-03-05 20:25:00",0,28.18,0.032,0,0,0,0,0,0,0,67.07,0,-2.233
"2019-03-05 20:26:00",0,28.14,0.033,0,0,0,0,0,0,0,67.14,0.011,-2.478
"2019-03-05 20:27:00",0,28.07,0.032,0,0,0,0,0,0,0,62.83,0,-2.159
"2019-03-05 20:28:00",0,28.09,0.033,0,0,0,0,0,0,0,61.96,0,-2.562
"2019-03-05 20:29:00",0,28.06,0.033,0,0,0,0,0,0,0,61.87,0,-2.204
"2019-03-05 20:30:00",0,28.14,0.032,0,0,0,0,0,0,0,61.93,0,-2.019
"2019-03-05 20:31:00",0,28.08,0.032,0,0,0,0,0,0,0,61.94,0,-2.097
"2019-03-05 20:32:00",0,28.03,0.033,0,0,0,0,0,0,0,61.88,0,-2.33
"2019-03-05 20:33:00",0,28.12,0.033,0,0,0,0,0,0,0,61.96,0,-2.035
"2019-03-05 20:34:00",0,28.12,0.033,0,0,0,0,0,0,0,61.98,0,-2.259
"2019-03-05 20:35:00",0,28.08,0.033,0,0,0,0,0,0,0,62.12,0.023,-2.19
"2019-03-05 20:36:00",0,28.06,0.033,0,0,0,0,0,0,0,61.96,0,-2.335
"2019-03-05 20:37:00",0,28.17,0.032,0,0,0,0,0,0,0,62.16,0,-2.516
"2019-03-05 20:38:00",0,28.01,0.033,0,0,0,0,0,0,0,61.94,0.011,-2.292
"2019-03-05 20:39:00",0,28.01,0.033,0,0,0,0,0,0,0,61.96,0,-2.112
"2019-03-05 20:40:00",0,27.98,0.033,0,0,0,0,0,0,0,61.9,0,-2.306
"2019-03-05 20:41:00",0,27.93,0.033,0,0,0,0,0,0,0,61.93,0.011,-2.358
"2019-03-05 20:42:00",0,27.9,0.034,0,0,0,0,0,0,0,61.99,0,-1.733
"2019-03-05 20:43:00",0,27.91,0.034,0,0,0,0,0,0,0,61.88,0,-1.999
"2019-03-05 20:44:00",0,27.82,0.033,0,0,0,0,0,0,0,62.13,0.011,-2.204
"2019-03-05 20:45:00",0,27.81,0.034,0,0,0,0,0,0,0,62.16,0.023,-2.214
"2019-03-05 20:46:00",0,27.8,0.033,0,0,0,0,0,0,0,62.09,0,-2.114
"2019-03-05 20:47:00",0,27.72,0.033,0,0,0,0,0,0,0,62.17,0.011,-2.658
"2019-03-05 20:48:00",0,27.68,0.033,0,0,0,0,0,0,0,62.18,0.011,-2.259
"2019-03-05 20:49:00",0,27.69,0.034,0,0,0,0,0,0,0,62.28,0,-2.418
"2019-03-05 20:50:00",0,27.85,0.033,0,0,0,0,0,0,0,62.38,0,-2.258
"2019-03-05 20:51:00",0,27.78,0.033,0,0,0,0,0,0,0,62.22,0,-2.422
"2019-03-05 20:52:00",0,27.84,0.033,0,0,0,0,0,0,0,62.26,0,-1.932
"2019-03-05 20:53:00",0,27.87,0.033,0,0,0,0,0,0,0,61.99,0,-2.321
"2019-03-05 20:54:00",0,27.95,0.034,0,0,0,0,0,0,0,61.99,0.023,-2.165
"2019-03-05 20:55:00",0,27.89,0.034,0,0,0,0,0,0,0,61.99,0.011,-2.088
"2019-03-05 20:56:00",0,27.87,0.034,0,0,0,0,0,0,0,61.85,0,-2.536
"2019-03-05 20:57:00",0,27.92,0.034,0,0,0,0,0,0,0,61.87,0,-2.443
"2019-03-05 20:58:00",0,27.85,0.034,0,0,0,0,0,0,0,61.83,0,-2.373
"2019-03-05 20:59:00",0,27.93,0.034,0,0,0,0,0,0,0,61.83,0.011,-1.953
"2019-03-05 21:00:00",0,27.91,0.034,0,0,0,0,0,0,0,61.94,0.023,-2.169
"2019-03-05 21:01:00",0,27.82,0.034,0,0,0,0,0,0,0,62.02,0,-2.341
"2019-03-05 21:02:00",0,27.83,0.034,0,0,0,0,0,0,0,61.95,0,-2.206
"2019-03-05 21:03:00",0,27.88,0.034,0,0,0,0,0,0,0,61.95,0,-2.324
"2019-03-05 21:04:00",0,27.8,0.034,0,0,0,0,0,0,0,62.01,0,-2.183
"2019-03-05 21:05:00",0,27.77,0.033,0,0,0,0,0,0,0,62.06,0.011,-2.211
"2019-03-05 21:06:00",0,27.74,0.033,0,0,0,0,0,0,0,61.99,0.011,-2.211
"2019-03-05 21:07:00",0,27.73,0.033,0,0,0,0,0,0,0,62.06,0,-2.357
"2019-03-05 21:08:00",0,27.77,0.033,0,0,0,0,0,0,0,62.06,0,-2.46
"2019-03-05 21:09:00",0,27.77,0.033,0,0,0,0,0,0,0,61.82,0,-2.186
"2019-03-05 21:10:00",0,27.83,0.034,0,0,0,0,0,0,0,61.95,0,-2.17
"2019-03-05 21:11:00",0,27.86,0.034,0,0,0,0,0,0,0,62.08,0.011,-2.475
"2019-03-05 21:12:00",0,27.86,0.033,0,0,0,0,0,0,0,62.04,0,-2.199
"2019-03-05 21:13:00",0,27.87,0.033,0,0,0,0,0,0,0,62.04,0,-2.21
"2019-03-05 21:14:00",0,28.01,0.033,0,0,0,0,0,0,0,61.93,0.023,-2.421
"2019-03-05 21:15:00",0,27.98,0.033,0,0,0,0,0,0,0,62.12,0,-2.291
"2019-03-05 21:16:00",0,28.03,0.033,0,0,0,0,0,0,0,141.5,0.011,-2.188
"2019-03-05 21:17:00",0,27.96,0.033,0,0,0,0,0,0,0,151.6,0.011,-2.373
"2019-03-05 21:18:00",0,27.89,0.033,0,0,0,0,0,0,0,151.3,0,-2.267
"2019-03-05 21:19:00",0,27.92,0.033,0,0,0,0,0,0,0,150.8,0.011,-2.221
"2019-03-05 21:20:00",0,27.97,0.033,0,0,0,0,0,0,0,150.7,0,-2.269
"2019-03-05 21:21:00",0,27.83,0.032,0,0,0,0,0,0,0,150.6,0.011,-2.306
"2019-03-05 21:22:00",0,27.8,0.032,0,0,0,0,0,0,0,150.8,0,-2.15
"2019-03-05 21:23:00",0,27.78,0.031,0,0,0,0,0,0,0,150.5,0,-2.236
"2019-03-05 21:24:00",0,27.89,0.032,0,0,0,0,0,0,0,150.1,0,-2.165
"2019-03-05 21:25:00",0,27.8,0.031,0,0,0,0,0,0,0,149.9,0,-2.637
"2019-03-05 21:26:00",0,27.75,0.031,0,0,0,0,0,0,0,149.7,0.011,-1.982
"2019-03-05 21:27:00",0,27.69,0.032,0,0,0,0,0,0,0,149.4,0,-2.281
"2019-03-05 21:28:00",0,27.64,0.032,0,0,0,0,0,0,0,149.1,0,-2.332
"2019-03-05 21:29:00",0,27.68,0.032,0,0,0,0,0,0,0,148.5,0.011,-2.599
"2019-03-05 21:30:00",0,27.7,0.032,0,0,0,0,0,0,0,148,0.011,-2.352
"2019-03-05 21:31:00",0,27.67,0.032,0,0,0,0,0,0,0,147.3,0.023,-2.373
"2019-03-05 21:32:00",0,27.6,0.032,0,0,0,0,0,0,0,146.7,0,-2.518
"2019-03-05 21:33:00",0,27.61,0.032,0,0,0,0,0,0,0,146.3,0,-1.973
"2019-03-05 21:34:00",0,27.59,0.031,0,0,0,0,0,0,0,145.8,0.011,-2.103
"2019-03-05 21:35:00",0,27.57,0.032,0,0,0,0,0,0,0,145.3,0,-2.579
"2019-03-05 21:36:00",0,27.58,0.032,0,0,0,0,0,0,0,144.8,0,-2.137
"2019-03-05 21:37:00",0,27.66,0.032,0,0,0,0,0,0,0,143.7,0,-2.543
"2019-03-05 21:38:00",0,27.71,0.032,0,0,0,0,0,0,0,142.9,0,-2.601
"2019-03-05 21:39:00",0,27.68,0.033,0,0,0,0,0,0,0,142.5,0,-2.342
"2019-03-05 21:40:00",0,27.75,0.032,0,0,0,0,0,0,0,142.1,0,-2.324
"2019-03-05 21:41:00",0,27.75,0.032,0,0,0,0,0,0,0,141.6,0,-2.183
"2019-03-05 21:42:00",0,27.65,0.032,0,0,0,0,0,0,0,141.4,0,-2.365
"2019-03-05 21:43:00",0,27.62,0.032,0,0,0,0,0,0,0,130.5,0,-2.358
"2019-03-05 21:44:00",0,27.56,0.032,0,0,0,0,0,0,0,61.95,0,-2.277
"2019-03-05 21:45:00",0,27.56,0.032,0,0,0,0,0,0,0,62.07,0.011,-2.397
"2019-03-05 21:46:00",0,27.56,0.032,0,0,0,0,0,0,0,61.98,0,-2.233
"2019-03-05 21:47:00",0,27.63,0.032,0,0,0,0,0,0,0,61.82,0,-2.036
"2019-03-05 21:48:00",0,27.63,0.032,0,0,0,0,0,0,0,62.04,0.011,-2.291
"2019-03-05 21:49:00",0,27.73,0.032,0,0,0,0,0,0,0,61.94,0.011,-2.398
"2019-03-05 21:50:00",0,27.76,0.032,0,0,0,0,0,0,0,61.94,0,-2.27
"2019-03-05 21:51:00",0,27.68,0.031,0,0,0,0,0,0,0,61.94,0,-2.107
"2019-03-05 21:52:00",0,27.64,0.032,0,0,0,0,0,0,0,62.05,0.011,-2.542
"2019-03-05 21:53:00",0,27.69,0.032,0,0,0,0,0,0,0,61.96,0,-2.285
"2019-03-05 21:54:00",0,27.76,0.032,0,0,0,0,0,0,0,61.98,0,-2.404
"2019-03-05 21:55:00",0,27.73,0.032,0,0,0,0,0,0,0,61.85,0.011,-2.16
"2019-03-05 21:56:00",0,27.66,0.033,0,0,0,0,0,0,0,61.83,0,-2.207
"2019-03-05 21:57:00",0,27.54,0.032,0,0,0,0,0,0,0,61.84,0.023,-2.363
"2019-03-05 21:58:00",0,27.66,0.033,0,0,0,0,0,0,0,61.88,0,-2.15
"2019-03-05 21:59:00",0,27.68,0.033,0,0,0,0,0,0,0,61.89,0.011,-2.2
"2019-03-05 22:00:00",0,27.62,0.033,0,0,0,0,0,0,0,61.85,0.011,-2.117
"2019-03-05 22:01:00",0,27.6,0.032,0,0,0,0,0,0,0,61.77,0.011,-2.257
"2019-03-05 22:02:00",0,27.68,0.032,0,0,0,0,0,0,0,61.84,0,-2.339
"2019-03-05 22:03:00",0,27.83,0.033,0,0,0,0,0,0,0,62.01,0,-2.229
"2019-03-05 22:04:00",0,27.81,0.033,0,0,0,0,0,0,0,62.13,0,-2.224
"2019-03-05 22:05:00",0,27.82,0.032,0,0,0,0,0,0,0,62.1,0,-2.25
"2019-03-05 22:06:00",0,27.68,0.032,0,0,0,0,0,0,0,62.13,0.011,-2.318
"2019-03-05 22:07:00",0,27.68,0.033,0,0,0,0,0,0,0,62.1,0,-2.154
"2019-03-05 22:08:00",0,27.76,0.032,0,0,0,0,0,0,0,62.18,0,-2.382
"2019-03-05 22:09:00",0,27.76,0.032,0,0,0,0,0,0,0,62.35,0,-1.954
"2019-03-05 22:10:00",0,27.79,0.033,0,0,0,0,0,0,0,62.23,0,-2.22
"2019-03-05 22:11:00",0,27.74,0.032,0,0,0,0,0,0,0,62.02,0.011,-2.316
"2019-03-05 22:12:00",0,27.72,0.032,0,0,0,0,0,0,0,62.21,0,-2.374
"2019-03-05 22:13:00",0,27.78,0.032,0,0,0,0,0,0,0,62.09,0.023,-2.242
"2019-03-05 22:14:00",0,27.69,0.032,0,0,0,0,0,0,0,62.45,0.011,-2.465
"2019-03-05 22:15:00",0,27.8,0.032,0,0,0,0,0,0,0,62.1,0,-2.374
"2019-03-05 22:16:00",0,27.84,0.032,0,0,0,0,0,0,0,62.2,0,-2.423
"2019-03-05 22:17:00",0,27.87,0.032,0,0,0,0,0,0,0,61.78,0.011,-2.068
"2019-03-05 22:18:00",0,27.86,0.032,0,0,0,0,0,0,0,62.12,0,-2.37
"2019-03-05 22:19:00",0,27.76,0.032,0,0,0,0,0,0,0,62.13,0.011,-2.575
"2019-03-05 22:20:00",0,27.67,0.032,0,0,0,0,0,0,0,61.85,0,-2.123
"2019-03-05 22:21:00",0,27.74,0.033,0,0,0,0,0,0,0,62.02,0.023,-2.366
"2019-03-05 22:22:00",0,27.75,0.033,0,0,0,0,0,0,0,62,0,-2.08
"2019-03-05 22:23:00",0,27.76,0.033,0,0,0,0,0,0,0,62.26,0.023,-2.323
"2019-03-05 22:24:00",0,27.79,0.033,0,0,0,0,0,0,0,61.87,0,-1.988
"2019-03-05 22:25:00",0,27.72,0.033,0,0,0,0,0,0,0,61.75,0,-2.397
"2019-03-05 22:26:00",0,27.77,0.032,0,0,0,0,0,0,0,61.98,0.045,-2.252
"2019-03-05 22:27:00",0,27.78,0.031,0,0,0,0,0,0,0,62.07,0,-2.304
"2019-03-05 22:28:00",0,27.71,0.032,0,0,0,0,0,0,0,62,0.011,-2.34
"2019-03-05 22:29:00",0,27.72,0.033,0,0,0,0,0,0,0,61.83,0,-2.387
"2019-03-05 22:30:00",0,27.68,0.032,0,0,0,0,0,0,0,61.86,0,-2.175
"2019-03-05 22:31:00",0,27.7,0.032,0,0,0,0,0,0,0,61.96,0,-2.518
"2019-03-05 22:32:00",0,27.83,0.033,0,0,0,0,0,0,0,61.95,0,-2.255
"2019-03-05 22:33:00",0,27.74,0.032,0,0,0,0,0,0,0,61.84,0,-2.473
"2019-03-05 22:34:00",0,27.86,0.032,0,0,0,0,0,0,0,62.09,0.011,-2.021
"2019-03-05 22:35:00",0,27.94,0.032,0,0,0,0,0,0,0,62.02,0.011,-2.056
"2019-03-05 22:36:00",0,28,0.032,0,0,0,0,0,0,0,134.6,0,-1.941
"2019-03-05 22:37:00",0,27.99,0.033,0,0,0,0,0,0,0,146.1,0.011,-2.543
"2019-03-05 22:38:00",0,27.9,0.033,0,0,0,0,0,0,0,148.1,0,-2.391
"2019-03-05 22:39:00",0,27.92,0.033,0,0,0,0,0,0,0,148.8,0,-2.367
"2019-03-05 22:40:00",0,27.94,0.032,0,0,0,0,0,0,0,148.8,0,-2.285
"2019-03-05 22:41:00",0,27.86,0.032,0,0,0,0,0,0,0,148.8,0,-2.286
"2019-03-05 22:42:00",0,27.87,0.033,0,0,0,0,0,0,0,148.4,0,-2.161
"2019-03-05 22:43:00",0,27.87,0.032,0,0,0,0,0,0,0,148.3,0,-2.338
"2019-03-05 22:44:00",0,27.87,0.032,0,0,0,0,0,0,0,148.7,0,-2.269
"2019-03-05 22:45:00",0,27.95,0.032,0,0,0,0,0,0,0,148.7,0,-2.35
"2019-03-05 22:46:00",0,28.03,0.033,0,0,0,0,0,0,0,148.6,0.011,-2.453
"2019-03-05 22:47:00",0,28.06,0.033,0,0,0,0,0,0,0,148.3,0,-2.18
"2019-03-05 22:48:00",0,27.93,0.033,0,0,0,0,0,0,0,148.3,0.011,-2.416
"2019-03-05 22:49:00",0,27.83,0.032,0,0,0,0,0,0,0,148.4,0,-2.098
"2019-03-05 22:50:00",0,27.82,0.032,0,0,0,0,0,0,0,148.4,0.011,-2.554
"2019-03-05 22:51:00",0,27.82,0.032,0,0,0,0,0,0,0,148.2,0,-2.265
"2019-03-05 22:52:00",0,27.9,0.032,0,0,0,0,0,0,0,148.3,0.011,-2.081
"2019-03-05 22:53:00",0,27.84,0.032,0,0,0,0,0,0,0,147.8,0,-2.19
"2019-03-05 22:54:00",0,27.91,0.032,0,0,0,0,0,0,0,147.6,0.023,-2.515
"2019-03-05 22:55:00",0,27.94,0.033,0,0,0,0,0,0,0,148,0.011,-2.216
"2019-03-05 22:56:00",0,27.91,0.033,0,0,0,0,0,0,0,148.1,0.057,-2.184
"2019-03-05 22:57:00",0,27.84,0.032,0,0,0,0,0,0,0,147.9,0.023,-2.227
"2019-03-05 22:58:00",0,27.85,0.032,0,0,0,0,0,0,0,148.1,0,-2.233
"2019-03-05 22:59:00",0,27.97,0.032,0,0,0,0,0,0,0,147.9,0.011,-2.465
"2019-03-05 23:00:00",0,27.87,0.032,0,0,0,0,0,0,0,148.2,0,-2.22
"2019-03-05 23:01:00",0,27.86,0.032,0,0,0,0,0,0,0,148,0.011,-2.481
"2019-03-05 23:02:00",0,27.92,0.032,0,0,0,0,0,0,0,152.1,0,-2.659
"2019-03-05 23:03:00",0,27.8,0.032,0,0,0,0,0,0,0,236.4,0,-2.048
"2019-03-05 23:04:00",0,27.78,0.032,0,0,0,0,0,0,0,235.3,0,-2.081
"2019-03-05 23:05:00",0,27.8,0.032,0,0,0,0,0,0,0,234.9,0,-2.436
"2019-03-05 23:06:00",0,27.75,0.033,0,0,0,0,0,0,0,234.8,0,-2.292
"2019-03-05 23:07:00",0,27.67,0.033,0,0,0,0,0,0,0,234.4,0,-2.165
"2019-03-05 23:08:00",0,27.7,0.032,0,0,0,0,0,0,0,234.6,0.011,-2.383
"2019-03-05 23:09:00",0,27.76,0.032,0,0,0,0,0,0,0,233.8,0,-2.241
"2019-03-05 23:10:00",0,27.76,0.033,0,0,0,0,0,0,0,233.8,0.011,-2.344
"2019-03-05 23:11:00",0,27.84,0.033,0,0,0,0,0,0,0,234.1,0,-2.506
"2019-03-05 23:12:00",0,27.85,0.033,0,0,0,0,0,0,0,233.5,0,-2.214
"2019-03-05 23:13:00",0,27.85,0.033,0,0,0,0,0,0,0,233.4,0,-2.33
"2019-03-05 23:14:00",0,27.88,0.033,0,0,0,0,0,0,0,233.2,0,-2.244
"2019-03-05 23:15:00",0,27.82,0.033,0,0,0,0,0,0,0,232.6,0,-2.123
"2019-03-05 23:16:00",0,27.82,0.033,0,0,0,0,0,0,0,232.1,0,-2.249
"2019-03-05 23:17:00",0,27.82,0.033,0,0,0,0,0,0,0,231.8,0,-2.258
"2019-03-05 23:18:00",0,27.98,0.033,0,0,0,0,0,0,0,183.8,0.011,-2.131
"2019-03-05 23:19:00",0,27.98,0.033,0,0,0,0,0,0,0,146.9,0.011,-2.284
"2019-03-05 23:20:00",0,27.83,0.032,0,0,0,0,0,0,0,146.5,0,-1.892
"2019-03-05 23:21:00",0,27.83,0.033,0,0,0,0,0,0,0,146.1,0,-2.264
"2019-03-05 23:22:00",0,27.82,0.033,0,0,0,0,0,0,0,145.1,0,-2.27
"2019-03-05 23:23:00",0,27.88,0.034,0,0,0,0,0,0,0,144.4,0.011,-2.39
"2019-03-05 23:24:00",0,27.81,0.033,0,0,0,0,0,0,0,144.1,0,-2.149
"2019-03-05 23:25:00",0,27.87,0.033,0,0,0,0,0,0,0,143.9,0,-2.323
"2019-03-05 23:26:00",0,27.85,0.034,0,0,0,0,0,0,0,143.3,0.023,-2.428
"2019-03-05 23:27:00",0,27.78,0.033,0,0,0,0,0,0,0,142.8,0,-2.048
"2019-03-05 23:28:00",0,27.76,0.033,0,0,0,0,0,0,0,141.6,0.011,-2.471
"2019-03-05 23:29:00",0,27.81,0.033,0,0,0,0,0,0,0,141.2,0,-2.319
"2019-03-05 23:30:00",0,27.91,0.033,0,0,0,0,0,0,0,113.3,0.011,-2.137
"2019-03-05 23:31:00",0,27.9,0.034,0,0,0,0,0,0,0,62.19,0.011,-2.244
"2019-03-05 23:32:00",0,27.91,0.033,0,0,0,0,0,0,0,62.21,0.023,-2.583
"2019-03-05 23:33:00",0,27.88,0.033,0,0,0,0,0,0,0,62.09,0,-2.302
"2019-03-05 23:34:00",0,27.85,0.034,0,0,0,0,0,0,0,62.06,0,-2.287
"2019-03-05 23:35:00",0,27.9,0.034,0,0,0,0,0,0,0,62.15,0,-2.295
"2019-03-05 23:36:00",0,27.9,0.034,0,0,0,0,0,0,0,62.18,0,-2.206
"2019-03-05 23:37:00",0,27.93,0.034,0,0,0,0,0,0,0,62.13,0,-2.091
"2019-03-05 23:38:00",0,28.01,0.033,0,0,0,0,0,0,0,62.16,0,-2.572
"2019-03-05 23:39:00",0,27.98,0.034,0,0,0,0,0,0,0,62.15,0,-2.261
"2019-03-05 23:40:00",0,28.03,0.034,0,0,0,0,0,0,0,62.08,0,-2.128
"2019-03-05 23:41:00",0,28.05,0.034,0,0,0,0,0,0,0,62.02,0.023,-2.3
"2019-03-05 23:42:00",0,28.19,0.034,0,0,0,0,0,0,0,62.12,0,-1.98
"2019-03-05 23:43:00",0,28.22,0.034,0,0,0,0,0,0,0,62.37,0,-2.2
"2019-03-05 23:44:00",0,28.26,0.035,0,0,0,0,0,0,0,62.16,0.011,-2.391
"2019-03-05 23:45:00",0,28.25,0.034,0,0,0,0,0,0,0,62.12,0,-2.203
"2019-03-05 23:46:00",0,28.28,0.034,0,0,0,0,0,0,0,62.15,0,-2.15
"2019-03-05 23:47:00",0,28.34,0.034,0,0,0,0,0,0,0,62.23,0,-2.115
"2019-03-05 23:48:00",0,28.3,0.034,0,0,0,0,0,0,0,62.01,0,-2.136
"2019-03-05 23:49:00",0,28.3,0.034,0,0,0,0,0,0,0,62.07,0,-2.374
"2019-03-05 23:50:00",0,28.35,0.035,0,0,0,0,0,0,0,61.93,0,-2.609
"2019-03-05 23:51:00",0,28.34,0.035,0,0,0,0,0,0,0,62.07,0,-1.863
"2019-03-05 23:52:00",0,28.36,0.035,0,0,0,0,0,0,0,61.97,0,-2.313
"2019-03-05 23:53:00",0,28.35,0.035,0,0,0,0,0,0,0,61.95,0,-2.518
"2019-03-05 23:54:00",0,28.33,0.034,0,0,0,0,0,0,0,61.96,0,-2.35
"2019-03-05 23:55:00",0,28.27,0.035,0,0,0,0,0,0,0,62.01,0,-2.071
"2019-03-05 23:56:00",0,28.36,0.035,0,0,0,0,0,0,0,62.07,0,-2.147
"2019-03-05 23:57:00",0,28.29,0.035,0,0,0,0,0,0,0,62.05,0,-1.861
"2019-03-05 23:58:00",0,28.34,0.035,0,0,0,0,0,0,0,62.04,0,-2.256
"2019-03-05 23:59:00",0,28.28,0.035,0,0,0,0,0,0,0,62.09,0.011,-2.236
