"TOA5","6428","CR1000","6428","CR1000.Std.10","CPU:MED_RAD.CR1","52309","Dados"
"TIMESTAMP","Radiacao_Avg","Temp_Cel_Avg","Temp_Amb_Avg","Tensao_S1_Avg","Corrente_S1_Avg","Potencia_S1_Avg","Tensao_S2_Avg","Corrente_S2_Avg","Potencia_S2_Avg","Potencia_FV_Avg","Demanda_Avg","Excedente_Avg","Compra_Avg","Tensao_Rede_Avg"
"TS","W/m^2","C","C","V","A","W","V","A","W","W","W","W","W","V"
"","Avg","Avg","Avg","Avg","Avg","Avg","Avg","Avg","Avg","Avg","Avg","Avg","Avg","Avg"
"2021-03-03 12:30:00",1107,49.66,31.89,272.8,8.59,2344,235.8,8.57,2022,4103,201,3902,0,230.9
"2021-03-03 12:31:00",1106,49.94,31.89,271.2,8.59,2331,233.1,8.57,1997,4087,203.4,3884,0,231.9
"2021-03-03 12:32:00",1106,49.28,31.88,270.7,8.63,2337,233.9,8.57,2005,4104,238.9,3865,0,232.4
"2021-03-03 12:33:00",1103,49.28,31.88,273.8,8.62,2359,235.9,8.6,2029,4099,294.2,3805,0,232.4
"2021-03-03 12:34:00",1099,50.34,31.88,271.5,8.61,2337,234.2,8.55,2001,4087,294.2,3793,0,232.7
"2021-03-03 12:35:00",1092,51.32,31.88,271.4,8.62,2341,231.9,8.56,1984,4068,294.1,3774,0,232.6
"2021-03-03 12:36:00",1088,50.3,31.89,271.8,8.57,2329,232.5,8.5,1977,4057,294.3,3763,0,232.5
"2021-03-03 12:37:00",1085,50.59,31.87,272.2,8.54,2324,234.5,8.49,1990,4057,294.4,3762,0,232.3
"2021-03-03 12:38:00",1081,50.74,31.69,274,8.56,2347,233.7,8.53,1995,4037,245.6,3792,0,232.1
"2021-03-03 12:39:00",1077,49.66,31.49,272.3,8.47,2305,235.5,8.43,1984,4031,184.9,3846,0,232.4
"2021-03-03 12:40:00",1073,48.58,31.43,273,8.47,2311,234.6,8.41,1973,4044,184.5,3859,0,232.7
"2021-03-03 12:41:00",1069,48.86,31.46,274.4,8.5,2333,235.6,8.44,1989,4029,185.9,3843,0,231.6
"2021-03-03 12:42:00",1064,48.5,31.37,273.7,8.42,2305,236.8,8.36,1979,4022,152.5,3870,0,230.5
"2021-03-03 12:43:00",1062,49.26,31.53,274.8,8.41,2312,237.1,8.36,1982,4020,90.9,3929,0,231.8
"2021-03-03 12:44:00",1062,46.65,31.6,276.2,8.46,2336,237.4,8.42,1999,4044,90.2,3954,0,231.4
"2021-03-03 12:45:00",1055,47.9,31.64,273.9,8.37,2292,236.8,8.3,1965,4017,91.7,3925,0,233.5
"2021-03-03 12:46:00",1051,47.78,31.81,276.4,8.38,2315,238.1,8.35,1988,4001,89.8,3911,0,232.4
"2021-03-03 12:47:00",1048,46.97,31.89,275,8.36,2299,236,8.32,1963,3999,90.3,3909,0,232.7
"2021-03-03 12:48:00",1045,47.08,31.53,275.3,8.32,2291,237.1,8.29,1965,3996,89.9,3906,0,230.6
"2021-03-03 12:49:00",1040,48.8,31.84,274,8.32,2281,235.6,8.24,1941,3977,89.9,3887,0,231.6
"2021-03-03 12:50:00",1038,48.32,31.88,275.6,8.29,2285,236.8,8.27,1958,3971,197.7,3773,0,232.6
"2021-03-03 12:51:00",1035,48.73,31.88,275.4,8.31,2290,237.3,8.27,1962,3970,289.4,3680,0,230.8
"2021-03-03 12:52:00",1033,47.85,31.52,274.3,8.27,2268,236.8,8.22,1947,3965,322.8,3642,0,231.8
"2021-03-03 12:53:00",1028,47.39,31.15,275.5,8.31,2288,236.2,8.23,1943,3957,320.2,3637,0,232.1
"2021-03-03 12:54:00",1024,47.04,31.39,275.1,8.27,2274,235.8,8.18,1930,3942,321.6,3621,0,230.3
"2021-03-03 12:55:00",1019,48.71,31.62,274.7,8.2,2252,236.3,8.15,1926,3923,317.8,3606,0,230.1
"2021-03-03 12:56:00",1014,48.62,31.88,274.9,8.22,2259,235.3,8.16,1920,3898,314.6,3584,0,230
"2021-03-03 12:57:00",1011,48.03,31.88,276.6,8.23,2277,237.3,8.17,1938,3900,322.1,3578,0,231.2
"2021-03-03 12:58:00",1008,47.84,31.84,277.9,8.23,2286,237.8,8.19,1947,3897,318.4,3579,0,230.6
"2021-03-03 12:59:00",1005,48.18,31.83,274.7,8.11,2227,237.8,8.07,1920,3895,317.6,3578,0,230.3
"2021-03-03 13:00:00",1001,48.28,31.74,274.8,8.1,2227,237.8,8.06,1916,3885,317.5,3568,0,230.9
"2021-03-03 13:01:00",999,47.44,30.99,275,8.09,2224,237.8,8.06,1916,3894,315.9,3578,0,231.3
"2021-03-03 13:02:00",997,47.24,30.82,276.8,8.07,2235,239.5,8.07,1933,3886,302,3584,0,230.9
"2021-03-03 13:03:00",993,47.46,30.82,276.9,8.04,2227,239.1,8.05,1925,3887,312.7,3575,0,231.9
"2021-03-03 13:04:00",989,48.17,30.84,277.4,8.08,2240,239,8.05,1924,3881,315.8,3565,0,231.5
"2021-03-03 13:05:00",987,48.57,31.08,277,8.16,2260,237,8.09,1917,3877,369.6,3507,0,230.5
"2021-03-03 13:06:00",983,48.51,31.31,276.1,8.11,2240,236.8,8.04,1904,3868,286.8,3581,0,229.7
"2021-03-03 13:07:00",979,49.27,31.85,276.6,8.06,2230,237.2,8.01,1900,3849,292.3,3557,0,228.3
"2021-03-03 13:08:00",977,47.8,31.88,277,8.05,2229,237.9,8.01,1906,3852,296.3,3555,0,228.2
"2021-03-03 13:09:00",973,48.24,31.87,275.9,8.03,2214,237.3,8,1899,3860,297.5,3563,0,228.2
"2021-03-03 13:10:00",967,47.87,31.25,276.3,8,2211,237.4,7.969,1892,3837,296.6,3541,0,229.4
"2021-03-03 13:11:00",961,48.47,31.54,275.9,7.964,2197,237.5,7.922,1882,3813,289.3,3523,0,230.6
"2021-03-03 13:12:00",956,47.98,31.87,275.4,7.949,2189,237.4,7.891,1873,3811,290.1,3521,0,228.9
"2021-03-03 13:13:00",953,48.53,31.64,277.2,7.944,2202,238.4,7.911,1885,3796,298.2,3498,0,229.4
"2021-03-03 13:14:00",948,49.53,31.86,276.5,7.921,2190,237.6,7.891,1875,3789,264,3525,0,230.7
"2021-03-03 13:15:00",943,49.14,31.88,274,7.856,2153,236,7.791,1838,3777,203.9,3573,0,231.5
"2021-03-03 13:16:00",940,48.82,31.88,276.6,7.88,2180,237.3,7.826,1857,3769,221.7,3548,0,230.4
"2021-03-03 13:17:00",936,47.64,31.88,273.9,7.829,2144,236.1,7.739,1827,3754,289.3,3465,0,230.8
"2021-03-03 13:18:00",933,47.72,31.86,277.1,7.81,2164,238.8,7.794,1861,3752,279.7,3472,0,229.7
"2021-03-03 13:19:00",930,48.41,31.29,277.2,7.832,2171,237.3,7.804,1851,3750,276.5,3473,0,229.6
"2021-03-03 13:20:00",927,47.21,31.34,277.6,7.792,2163,238.8,7.773,1856,3756,280.9,3475,0,230.1
"2021-03-03 13:21:00",924,46.15,31.78,277.5,7.805,2166,236.7,7.767,1838,3758,278.6,3479,0,230.4
"2021-03-03 13:22:00",921,46.29,31.79,278.4,7.722,2150,240.3,7.721,1856,3762,275.7,3486,0,230.4
"2021-03-03 13:23:00",919,47.47,31.17,277.5,7.802,2164,238.1,7.741,1843,3752,266.2,3486,0,229.8
"2021-03-03 13:24:00",913,47.55,30.82,277.3,7.689,2132,240,7.629,1831,3728,266.8,3461,0,229.1
"2021-03-03 13:25:00",910,45.95,30.82,279.9,7.75,2169,238.9,7.704,1841,3729,264.3,3465,0,227.7
"2021-03-03 13:26:00",907,45.9,30.82,279.1,7.622,2127,241.7,7.639,1846,3731,266.4,3464,0,228.6
"2021-03-03 13:27:00",901,46.26,30.82,278.3,7.617,2120,240.2,7.607,1827,3728,269.8,3458,0,229.4
"2021-03-03 13:28:00",896,47.09,30.82,279.3,7.639,2133,240,7.618,1828,3706,274.7,3431,0,229.9
"2021-03-03 13:29:00",893,47.06,30.82,278.2,7.636,2124,238.9,7.591,1814,3682,236.4,3446,0,229.1
"2021-03-03 13:30:00",890,47.73,30.82,280.6,7.529,2112,240.2,7.57,1819,3684,162.5,3521,0,229.6
"2021-03-03 13:31:00",886,47.12,30.82,278.3,7.658,2131,236.7,7.575,1793,3677,169.1,3508,0,228.6
"2021-03-03 13:32:00",884,47.64,30.82,279.7,7.647,2139,238.6,7.602,1814,3674,167.7,3507,0,228.4
"2021-03-03 13:33:00",879,48.31,30.82,279.5,7.595,2123,240.6,7.563,1820,3662,165.8,3496,0,229.2
"2021-03-03 13:34:00",873,47.27,30.82,278.4,7.545,2101,238.8,7.508,1793,3629,169.2,3460,0,229.7
"2021-03-03 13:35:00",870,47.31,30.82,279.2,7.547,2107,238.7,7.517,1794,3629,170,3459,0,229.6
"2021-03-03 13:36:00",869,46.98,30.82,280.7,7.498,2105,240.4,7.504,1804,3630,156.7,3474,0,229.4
"2021-03-03 13:37:00",865,46.62,30.82,279,7.523,2099,238.6,7.472,1782,3630,253.7,3377,0,228.8
"2021-03-03 13:38:00",862,47.65,30.82,277.3,7.434,2061,238.7,7.42,1771,3623,252.1,3371,0,229.7
"2021-03-03 13:39:00",862,47.46,30.82,278.1,7.462,2075,239.9,7.442,1785,3635,256,3379,0,230.2
"2021-03-03 13:40:00",865,47.31,30.82,280.7,7.491,2103,240.5,7.514,1807,3641,278.5,3363,0,230
"2021-03-03 13:41:00",867,47.16,30.82,280.1,7.535,2111,241.5,7.524,1817,3682,377.3,3305,0,229.9
"2021-03-03 13:42:00",858,47.18,30.82,279.1,7.484,2089,240.3,7.478,1797,3649,369.9,3279,0,229.7
"2021-03-03 13:43:00",854,47.72,30.88,279.4,7.499,2095,239.9,7.479,1794,3633,366.8,3266,0,229.3
"2021-03-03 13:44:00",846,47.66,30.96,278.4,7.396,2059,239.7,7.384,1770,3595,364.9,3230,0,229.2
"2021-03-03 13:45:00",844,47.65,30.83,279.9,7.481,2094,238.9,7.426,1774,3593,361.2,3232,0,227.1
"2021-03-03 13:46:00",841,47.33,30.86,279.3,7.395,2066,240.8,7.384,1778,3588,275.4,3312,0,227.6
"2021-03-03 13:47:00",838,47.03,30.98,278.5,7.402,2062,238.7,7.381,1761,3589,276.1,3313,0,228.2
"2021-03-03 13:48:00",829,46.9,31.32,278.8,7.332,2044,238.7,7.308,1744,3567,274,3293,0,228.8
"2021-03-03 13:49:00",821,46.89,31.69,279,7.285,2033,238.4,7.238,1726,3535,275,3260,0,228.2
"2021-03-03 13:50:00",812,46.28,31.82,282,7.232,2040,240.7,7.226,1739,3492,269.1,3223,0,227.6
"2021-03-03 13:51:00",806,46.58,31.34,281,7.172,2015,239.7,7.162,1716,3481,273.4,3208,0,227.7
"2021-03-03 13:52:00",805,45.82,31.31,280.7,7.151,2007,240.6,7.126,1715,3481,244,3237,0,227.9
"2021-03-03 13:53:00",804,46.52,30.9,281.4,7.131,2007,243,7.138,1734,3489,161.2,3328,0,228.8
"2021-03-03 13:54:00",802,46.53,30.82,281,7.153,2010,240.9,7.138,1720,3484,163.5,3321,0,227.7
"2021-03-03 13:55:00",796.4,46.96,30.83,281.2,7.136,2007,241.7,7.099,1715,3480,162.5,3318,0,227.6
"2021-03-03 13:56:00",788.5,46.22,30.93,281.1,7.079,1990,241.3,6.989,1686,3452,166.7,3285,0,228.1
"2021-03-03 13:57:00",569.5,46.03,30.82,272,5.227,1420,245.7,5.221,1283,2490,163.1,2327,0,223.9
"2021-03-03 13:58:00",791.9,45.1,30.82,283.6,7.175,2035,243.2,7.125,1732,3492,163.3,3329,0,225.9
"2021-03-03 13:59:00",789.1,44.61,30.82,283.8,7.079,2009,245.9,7.07,1738,3488,159.4,3329,0,226.4
"2021-03-03 14:00:00",579,44.4,30.82,283.8,5.065,1435,242.9,5.026,1225,2494,155.8,2338,0,223.2
"2021-03-03 14:01:00",524.5,44.45,30.82,283.1,4.579,1299,245.6,4.647,1143,2252,149,2103,0,220.8
"2021-03-03 14:02:00",782.8,43.92,30.82,285.2,7.088,2021,244.2,7.06,1724,3500,150.6,3349,0,227
"2021-03-03 14:03:00",770.1,44.27,30.82,284.8,6.96,1982,245.6,6.925,1701,3444,156.7,3287,0,227.7
"2021-03-03 14:04:00",761.3,44.85,30.82,284.9,6.875,1959,245.3,6.86,1683,3392,223.2,3168,0,227.6
"2021-03-03 14:05:00",756.5,45.04,30.82,283.2,6.834,1936,243.6,6.8,1656,3378,273.3,3105,0,228.6
"2021-03-03 14:06:00",750.5,45.22,30.82,285.2,6.843,1952,244.4,6.818,1666,3368,262.1,3106,0,228.5
"2021-03-03 14:07:00",745.5,45.37,30.82,285.2,6.778,1933,244,6.776,1653,3338,258.9,3079,0,228.4
"2021-03-03 14:08:00",742.7,44.9,30.82,283.3,6.734,1908,243.9,6.717,1638,3328,257.7,3071,0,229.1
"2021-03-03 14:09:00",737.6,45.78,30.82,285.1,6.748,1924,244.2,6.735,1644,3314,296.9,3018,0,228.9
"2021-03-03 14:10:00",731,45.46,30.82,283.4,6.717,1903,242.3,6.684,1619,3292,347.6,2944,0,229.7
"2021-03-03 14:11:00",726.3,44.47,30.82,284,6.622,1881,246,6.606,1625,3276,357.5,2919,0,229.7
"2021-03-03 14:12:00",723.2,43.92,30.82,283.1,6.659,1885,243.9,6.575,1604,3266,361.8,2904,0,229.7
"2021-03-03 14:13:00",715.5,44.03,30.82,284.8,6.582,1875,245.2,6.561,1608,3244,360.9,2883,0,229.6
"2021-03-03 14:14:00",702.9,44.59,30.82,283.2,6.447,1826,245,6.409,1570,3206,362.4,2843,0,229.8
"2021-03-03 14:15:00",697.2,44.48,30.82,285.3,6.443,1838,245.2,6.406,1570,3179,359.7,2819,0,229.4
"2021-03-03 14:16:00",694.6,45.1,30.82,285.7,6.404,1829,246.1,6.391,1573,3177,326.1,2851,0,229.5
"2021-03-03 14:17:00",689.5,45.17,30.82,284.4,6.394,1818,243.8,6.339,1545,3149,242.2,2907,0,229.7
"2021-03-03 14:18:00",679.3,45.51,30.82,284.2,6.312,1794,244.1,6.249,1526,3111,199.9,2911,0,229.9
"2021-03-03 14:19:00",677.5,44.12,30.82,285.3,6.269,1789,245.7,6.241,1533,3115,164.6,2950,0,230.7
"2021-03-03 14:20:00",687.8,43.81,30.82,286.3,6.379,1826,246.3,6.366,1568,3164,155.2,3009,0,230
"2021-03-03 14:21:00",685.7,44.71,30.82,286.8,6.411,1838,246.7,6.378,1574,3163,167.3,2996,0,229.1
"2021-03-03 14:22:00",681.3,44.11,30.82,285.1,6.366,1815,244.8,6.312,1545,3140,164.5,2976,0,228.6
"2021-03-03 14:23:00",676.6,43.7,30.82,285.9,6.295,1799,246.5,6.277,1547,3128,162.2,2966,0,228.3
"2021-03-03 14:24:00",673,43.54,30.82,286.4,6.312,1808,245.9,6.261,1540,3122,159.9,2962,0,228.5
"2021-03-03 14:25:00",670.2,43.7,30.82,286.2,6.251,1789,248.5,6.223,1546,3115,161.9,2953,0,228.7
"2021-03-03 14:26:00",668.5,43.99,30.82,287,6.279,1802,246.7,6.25,1542,3118,163.6,2954,0,227.9
"2021-03-03 14:27:00",665,43.35,30.82,286.3,6.202,1775,248.3,6.181,1534,3099,195.6,2903,0,228.3
"2021-03-03 14:28:00",661.1,43.14,30.82,286.4,6.209,1778,247,6.165,1522,3095,282.6,2812,0,227.9
"2021-03-03 14:29:00",655.7,43.47,30.82,287.5,6.161,1771,247.3,6.143,1519,3077,277.5,2800,0,227.8
"2021-03-03 14:30:00",651.2,43.8,30.82,285.7,6.163,1761,247,6.097,1506,3058,276.8,2781,0,228
"2021-03-03 14:31:00",644.7,43.74,30.82,286.3,6.074,1739,245.9,6.035,1484,3020,273.6,2746,0,228.2
"2021-03-03 14:32:00",638.5,43.79,30.82,287.2,6.031,1732,247,6.01,1484,2992,274.4,2718,0,227.3
"2021-03-03 14:33:00",637.9,43.38,30.82,284.7,6.027,1716,245.4,5.96,1463,2993,273,2720,0,228
"2021-03-03 14:34:00",633.8,44.13,30.82,288.3,5.973,1722,248.3,5.98,1485,2981,272.8,2708,0,227.6
"2021-03-03 14:35:00",629.5,43.98,30.82,285.5,5.962,1702,246.1,5.903,1453,2972,271.7,2701,0,228.5
"2021-03-03 14:36:00",625.1,43.18,30.82,288.1,5.924,1707,248,5.908,1465,2960,272,2688,0,228
"2021-03-03 14:37:00",620.4,42.77,30.82,288.9,5.881,1699,249,5.868,1461,2938,272.5,2666,0,228.4
"2021-03-03 14:38:00",618,42.55,30.82,287.4,5.855,1683,248.2,5.835,1448,2932,314.3,2617,0,229.1
"2021-03-03 14:39:00",614.2,42.45,30.82,289.6,5.848,1693,249,5.836,1453,2929,319.6,2609,0,228.6
"2021-03-03 14:40:00",609.6,42.43,30.82,289.3,5.827,1686,247.6,5.805,1437,2905,319.7,2585,0,228.3
"2021-03-03 14:41:00",606.2,43.31,30.82,288.6,5.79,1671,247.9,5.772,1431,2903,318.6,2584,0,227.4
"2021-03-03 14:42:00",601.7,43.23,30.82,287.4,5.73,1647,248.2,5.704,1416,2867,324,2543,0,228
"2021-03-03 14:43:00",596.9,42.75,30.82,289,5.712,1651,249.2,5.69,1418,2856,417.7,2439,0,226.6
"2021-03-03 14:44:00",592.7,42.31,30.82,289.4,5.697,1648,248.4,5.673,1409,2846,402.3,2444,0,226.6
"2021-03-03 14:45:00",588.4,42.67,30.82,287.7,5.628,1619,247.8,5.603,1388,2831,405,2426,0,226.7
"2021-03-03 14:46:00",585,42.24,30.82,290.2,5.607,1627,248.7,5.62,1398,2819,432.5,2387,0,225.7
"2021-03-03 14:47:00",580.1,41.64,30.82,289.4,5.582,1615,247.7,5.56,1377,2800,424.4,2376,0,226
"2021-03-03 14:48:00",576.8,41.51,30.82,289.6,5.548,1607,248.9,5.527,1375,2791,426.2,2365,0,226.3
"2021-03-03 14:49:00",575.2,42.42,30.82,291,5.537,1611,250.7,5.544,1390,2782,421.8,2361,0,226.3
"2021-03-03 14:50:00",570,42.91,30.82,288.1,5.486,1581,249.1,5.453,1358,2756,436.6,2320,0,227.4
"2021-03-03 14:51:00",563.8,42.63,30.82,288.9,5.464,1578,248.3,5.434,1349,2731,368.6,2362,0,226.5
"2021-03-03 14:52:00",560.1,42.6,30.82,288.8,5.427,1568,248.1,5.392,1338,2720,346.3,2374,0,226.1
"2021-03-03 14:53:00",556.4,42.87,30.82,289.1,5.405,1562,248.6,5.371,1335,2696,339.1,2357,0,225.7
"2021-03-03 14:54:00",551.7,42.19,30.82,289.6,5.357,1552,249.3,5.322,1327,2672,341.2,2331,0,224.7
"2021-03-03 14:55:00",547.5,42.23,30.82,289.9,5.293,1534,250.3,5.285,1323,2660,327.3,2333,0,225.2
"2021-03-03 14:56:00",543.4,42.34,30.82,290,5.266,1527,250.8,5.241,1315,2640,329.8,2311,0,223.4
"2021-03-03 14:57:00",538.6,42.37,30.82,290.1,5.24,1520,248.9,5.207,1296,2628,181.6,2446,0,225.6
"2021-03-03 14:58:00",534.4,41.73,30.82,290.4,5.198,1510,250.2,5.177,1295,2621,182.7,2439,0,226
"2021-03-03 14:59:00",530.5,41.42,30.82,292,5.152,1504,251.6,5.155,1297,2597,190.7,2406,0,226.1
"2021-03-03 15:00:00",527.4,41.06,30.82,291.7,5.143,1500,250.9,5.121,1285,2585,182.8,2402,0,226.2
"2021-03-03 15:01:00",524.6,42.16,30.82,291.1,5.127,1493,250.6,5.096,1277,2569,190.9,2378,0,226.5
"2021-03-03 15:02:00",521,41.57,30.82,289,5.1,1474,250.1,5.03,1258,2569,341.5,2228,0,227.7
"2021-03-03 15:03:00",517.7,41.85,30.82,292.3,5.082,1485,251.1,5.068,1273,2550,315.8,2234,0,226.3
"2021-03-03 15:04:00",513.7,41.41,30.82,290.1,5.033,1460,250.7,4.993,1252,2530,320.2,2209,0,227.5
"2021-03-03 15:05:00",509.6,41.09,30.82,291.1,4.981,1450,250.6,4.959,1243,2518,316.8,2201,0,227.8
"2021-03-03 15:06:00",506.9,40.84,30.82,290.8,4.96,1442,250.7,4.94,1238,2489,316.9,2172,0,227.8
"2021-03-03 15:07:00",502.9,40.95,30.82,291.8,4.922,1436,250.6,4.91,1230,2484,317,2167,0,227.9
"2021-03-03 15:08:00",497.3,40.53,30.82,291.8,4.872,1422,251.3,4.865,1223,2465,314.7,2150,0,227.5
"2021-03-03 15:09:00",482.7,40.74,30.82,293.2,4.732,1387,251.2,4.73,1188,2385,309.3,2076,0,227.2
"2021-03-03 15:10:00",484.5,41.1,30.82,292,4.726,1380,252.1,4.732,1193,2397,296.7,2100,0,228.1
"2021-03-03 15:11:00",483.9,41.29,30.82,293.3,4.744,1392,252.1,4.755,1198,2392,310.7,2081,0,227.4
"2021-03-03 15:12:00",482.4,41.42,30.82,291.4,4.725,1377,250.5,4.718,1182,2386,302,2084,0,228.1
"2021-03-03 15:13:00",477.8,40.92,30.82,291.5,4.69,1367,251.6,4.648,1169,2366,301.3,2065,0,227.9
"2021-03-03 15:14:00",477.4,40.64,30.82,291.5,4.701,1370,250.2,4.674,1170,2375,299.8,2075,0,226.5
"2021-03-03 15:15:00",473.7,40.27,30.82,294,4.643,1365,254.1,4.648,1181,2361,300.8,2060,0,226.8
"2021-03-03 15:16:00",468.4,40.2,30.82,292.9,4.601,1348,253.7,4.582,1162,2331,368.5,1962,0,226.9
"2021-03-03 15:17:00",463.1,40.62,30.82,293.1,4.557,1336,253.5,4.542,1151,2299,394.6,1905,0,226.4
"2021-03-03 15:18:00",460.2,40.43,30.82,293.2,4.526,1327,252.8,4.508,1139,2280,370.3,1910,0,224.8
"2021-03-03 15:19:00",457.5,40.35,30.82,293,4.494,1317,252.9,4.469,1130,2268,369.4,1899,0,225.9
"2021-03-03 15:20:00",454.8,40.13,30.82,294.1,4.479,1317,253.3,4.471,1132,2253,298.8,1954,0,225.4
"2021-03-03 15:21:00",451.5,40.11,30.82,292.4,4.448,1301,251.5,4.415,1110,2234,286.7,1947,0,223.9
"2021-03-03 15:22:00",422.8,40.58,30.82,292.5,4.117,1204,251.2,4.07,1023,2091,325.2,1765,0,223.2
"2021-03-03 15:23:00",386.4,39.38,30.82,294.5,3.583,1056,254.9,3.537,901,1759,316.4,1442,0,222.5
"2021-03-03 15:24:00",452.3,40.17,30.82,295.4,4.446,1313,252.8,4.449,1125,2251,323.4,1927,0,224.9
"2021-03-03 15:25:00",452,39.83,30.82,294.8,4.424,1304,253.4,4.415,1118,2238,271.2,1967,0,224.7
"2021-03-03 15:26:00",464,39.62,30.82,295.6,4.533,1340,253.3,4.516,1144,2306,237.8,2068,0,227.5
"2021-03-03 15:27:00",405.4,39.72,30.82,291.8,3.847,1126,252.8,3.868,980,1925,232.9,1692,0,226.9
"2021-03-03 15:28:00",482.1,39.81,30.82,294.9,4.676,1379,253.6,4.661,1182,2381,231.7,2149,0,228
"2021-03-03 15:29:00",464.5,39.46,30.82,295.6,4.538,1341,254.4,4.528,1152,2300,237.3,2063,0,227.4
"2021-03-03 15:30:00",466.2,38.83,30.82,295,4.553,1343,254.2,4.533,1152,2308,236.2,2072,0,226.9
"2021-03-03 15:31:00",491.4,38.85,30.82,296.1,4.73,1401,254.1,4.718,1198,2420,236.4,2184,0,227.9
"2021-03-03 15:32:00",508.4,39.5,30.82,296.4,4.876,1445,255.2,4.854,1239,2483,235.7,2248,0,228.1
"2021-03-03 15:33:00",496.5,39.59,30.82,296.1,4.727,1400,253.8,4.727,1200,2415,236.5,2179,0,227.7
"2021-03-03 15:34:00",484.2,39.64,30.82,295,4.673,1378,253.1,4.67,1182,2380,231.9,2148,0,226.2
"2021-03-03 15:35:00",485.3,39.07,30.82,295.6,4.677,1382,254.1,4.664,1185,2376,230.5,2146,0,225.5
"2021-03-03 15:36:00",496,39.34,30.82,295.4,4.761,1406,252.9,4.75,1201,2409,234.1,2175,0,226.5
"2021-03-03 15:37:00",481.2,39.94,30.82,294.3,4.617,1359,252.7,4.605,1164,2342,235.3,2107,0,225.2
"2021-03-03 15:38:00",479.3,39.81,30.82,295,4.6,1357,253.8,4.586,1164,2339,235.5,2103,0,224.9
"2021-03-03 15:39:00",475.4,39.79,30.82,294,4.573,1345,253.8,4.536,1151,2312,236,2076,0,224.5
"2021-03-03 15:40:00",464.4,39.64,30.82,294.6,4.49,1323,253.5,4.481,1136,2279,238.3,2041,0,224.4
"2021-03-03 15:41:00",440.2,39.98,30.82,295,4.272,1260,254.1,4.266,1084,2175,252,1923,0,222.9
"2021-03-03 15:42:00",406.5,39.68,30.82,293.8,3.971,1167,253.5,3.945,1000,1999,246.7,1753,0,223.1
"2021-03-03 15:43:00",416,39.55,30.82,293.6,4.054,1190,254.2,4.035,1026,2049,241.6,1807,0,224.5
"2021-03-03 15:44:00",421.3,39.53,30.82,296.4,4.083,1210,254.6,4.079,1038,2057,236.4,1821,0,224.4
"2021-03-03 15:45:00",430.2,39.27,30.82,295.4,4.142,1224,254.4,4.132,1051,2098,236.4,1861,0,224.9
"2021-03-03 15:46:00",446.5,39.35,30.82,296.6,4.264,1264,254.5,4.265,1085,2172,236,1936,0,226.3
"2021-03-03 15:47:00",465.2,39.63,30.82,296.3,4.444,1317,255.4,4.443,1135,2265,238.1,2027,0,226.9
"2021-03-03 15:48:00",445,39.84,30.82,294.4,4.297,1265,253.9,4.27,1084,2175,327.3,1848,0,226.1
"2021-03-03 15:49:00",386.3,39.82,30.82,296.7,3.697,1095,253.4,3.749,949,1894,328.4,1566,0,225.8
"2021-03-03 15:50:00",220.3,39.2,30.82,291.7,2,587.6,248,2.047,510,994,279.4,714.3,0,221.2
"2021-03-03 15:51:00",250.3,38.18,30.82,295.3,2.273,678.1,245.7,2.382,584.7,1091,254.1,836,0,223.6
"2021-03-03 15:52:00",232.9,38.21,30.82,289.8,2.113,614.4,251,2.08,524.6,1028,249.8,778.5,0,222.9
"2021-03-03 15:53:00",164.6,37.44,30.82,288.1,1.409,405.8,247.9,1.432,354.9,641.3,240.1,401.3,0,222.1
"2021-03-03 15:54:00",177.5,37.52,30.82,289.8,1.523,441.6,251.9,1.525,384.2,698.1,145.3,552.8,0,222.4
"2021-03-03 15:55:00",259.2,37.28,30.42,299.5,2.335,701.5,256.7,2.362,607.6,1166,145.9,1020,0,223.8
"2021-03-03 15:56:00",253.7,36.98,29.91,299.4,2.315,694.6,256.6,2.381,612.5,1152,146.5,1006,0,223.6
"2021-03-03 15:57:00",369.6,36.88,29.86,301.6,3.537,1067,258.2,3.547,916,1820,109.3,1711,0,225.7
"2021-03-03 15:58:00",336,37.26,30.37,299.9,3.195,958,259.1,3.205,830,1641,56.08,1584,0,226.1
"2021-03-03 15:59:00",345.6,37.05,30.07,301.6,3.28,989,258.4,3.292,850,1684,56.88,1627,0,226.1
"2021-03-03 16:00:00",336.8,36.99,29.98,301.2,3.193,962,258.7,3.204,829,1630,55.27,1574,0,226.7
"2021-03-03 16:01:00",288.3,36.82,29.77,300.5,2.681,807,256.7,2.68,688.5,1359,51.97,1308,0,225.4
"2021-03-03 16:02:00",134.9,36.83,29.8,288.9,1.14,330.7,245.9,1.17,289.1,506.8,51.29,455.5,0,223.6
"2021-03-03 16:03:00",274.6,36.59,29.78,301.1,2.53,764.9,256.8,2.579,664.8,1274,52.45,1221,0,224.4
"2021-03-03 16:04:00",201,36.38,29.76,293.9,1.801,532.6,254.8,1.8,459.5,870,51.06,819,0,223.7
"2021-03-03 16:05:00",146.3,35.94,29.76,295.7,1.242,367.5,251.3,1.287,323.7,571.6,50.98,520.6,0,222.7
"2021-03-03 16:06:00",270.1,35.45,29.76,303,2.462,747.4,259.9,2.497,650.2,1248,58.66,1189,0,225.8
"2021-03-03 16:07:00",296.5,35.57,29.76,305.5,2.732,835,261.5,2.766,723.2,1409,181.8,1227,0,226.4
"2021-03-03 16:08:00",307.1,35.7,29.76,305,2.813,858,259.9,2.833,736.4,1446,169.4,1276,0,226.2
"2021-03-03 16:09:00",315.5,35.64,29.76,304,2.867,871,260.7,2.882,751.1,1485,166.2,1319,0,227.3
"2021-03-03 16:10:00",186.4,35.94,29.76,298.8,1.596,481,250.4,1.626,412.1,786.7,162.6,624,0,224.1
"2021-03-03 16:11:00",137.1,35.61,29.76,287.4,1.167,337.6,242.5,1.222,297.4,504.3,161.7,342.6,0,224.5
"2021-03-03 16:12:00",273.8,35.54,29.76,306.2,2.488,761.7,261.3,2.52,658.2,1280,162.7,1117,0,226.5
"2021-03-03 16:13:00",265.3,35.59,29.76,305.1,2.401,732.6,261.3,2.426,633.9,1221,163.5,1057,0,225.9
"2021-03-03 16:14:00",262.5,35.59,29.76,304,2.362,717.9,260.9,2.378,620.2,1218,162.1,1056,0,227.2
"2021-03-03 16:15:00",259,35.41,29.76,305,2.322,708.3,260.7,2.348,612.1,1189,161.5,1027,0,226.1
"2021-03-03 16:16:00",168.9,35.1,29.76,298.7,1.471,441,255.6,1.484,381,714.4,161.6,552.8,0,225.2
"2021-03-03 16:17:00",148.8,34.85,29.76,297.5,1.256,376.1,249.5,1.299,323.2,583.5,160.9,422.5,0,225.2
"2021-03-03 16:18:00",191,34.54,29.76,299.9,1.65,500.6,255.3,1.703,439,800,159.4,640.8,0,225.4
"2021-03-03 16:19:00",241.1,34.86,29.76,308.9,2.116,653.7,262.5,2.156,566,1084,187.1,897,0,226.4
"2021-03-03 16:20:00",237,34.65,29.76,307.6,2.07,636.6,262.6,2.108,553.5,1056,249,808,0,226.1
"2021-03-03 16:21:00",232.9,34.48,29.76,308,2.03,625.2,261.6,2.066,540.4,1028,228.3,800,0,224.6
"2021-03-03 16:22:00",227.9,34.54,29.76,308,1.974,608.1,262.2,2.008,526.5,997,223.6,773.6,0,223.4
"2021-03-03 16:23:00",225.5,34.68,29.76,307.9,1.93,594.3,262,1.974,517.2,986,220.3,765.8,0,223.9
"2021-03-03 16:24:00",220.8,34.66,29.76,307.3,1.888,580.1,262.1,1.926,504.6,967,120.6,846,0,224.3
"2021-03-03 16:25:00",216.7,34.55,29.76,308.4,1.84,567.3,263.2,1.88,494.7,939,120.4,819,0,223.7
"2021-03-03 16:26:00",213,34.48,29.76,307.3,1.804,554.2,263.5,1.835,483.5,910,119.7,790.2,0,223.2
"2021-03-03 16:27:00",192.6,34.19,29.76,306.2,1.605,492,262.3,1.631,427.9,804,119.3,684.9,0,222.6
"2021-03-03 16:28:00",185.6,33.92,29.76,301.3,1.552,470.7,256.1,1.597,411.3,750,47.19,702.8,0,222.4
"2021-03-03 16:29:00",203.3,33.88,29.76,308.2,1.705,525.4,262.6,1.736,455.7,854,29.4,825,0,222.6
"2021-03-03 16:30:00",200.8,34.15,29.76,308.7,1.672,516.1,263.2,1.703,448.2,838,29.29,808,0,222.7
"2021-03-03 16:31:00",196.7,34.18,29.76,308.2,1.629,501.9,262.2,1.661,435.4,803,29.2,773.6,0,222.5
"2021-03-03 16:32:00",195.3,34.19,29.76,308.6,1.606,495.7,262.8,1.64,431,795.4,29.2,766.2,0,223
"2021-03-03 16:33:00",196,33.93,29.76,308.3,1.606,495.1,262.3,1.639,429.8,796.3,29.22,767.1,0,222.8
"2021-03-03 16:34:00",194.4,33.81,29.76,308.5,1.589,490.4,263,1.615,424.6,785.9,29.23,756.7,0,222.9
"2021-03-03 16:35:00",187.4,33.56,29.76,308.7,1.518,468.6,263.5,1.549,408.1,753.5,29.14,724.4,0,223.2
"2021-03-03 16:36:00",181.1,33.41,29.76,308.8,1.451,448.1,264,1.484,391.8,719.9,158.1,561.8,0,222
"2021-03-03 16:37:00",172.5,33.52,29.76,309.2,1.355,419.1,264.1,1.396,368.6,669.4,144.2,525.2,0,221.3
"2021-03-03 16:38:00",171.2,33.52,29.76,308.3,1.35,416.1,263.4,1.385,364.8,657.6,141.2,516.5,0,221.2
"2021-03-03 16:39:00",168.4,33.2,29.76,308.6,1.317,406.2,263.8,1.354,357.2,650.1,139.9,510.3,0,221.2
"2021-03-03 16:40:00",165.6,33.19,29.76,308.8,1.287,397.5,263.7,1.325,349.5,623.8,138.7,485.1,0,221.8
"2021-03-03 16:41:00",161.8,33.4,29.76,309,1.248,385.6,264.2,1.284,339.2,604.6,139.5,465.1,0,222.3
"2021-03-03 16:42:00",157.9,33.35,29.76,307.7,1.214,373.5,262.6,1.245,326.9,581.9,139.8,442.1,0,223.6
"2021-03-03 16:43:00",154.7,33.09,29.76,307.7,1.179,362.7,262.7,1.209,317.5,556.7,139.3,417.4,0,224.3
"2021-03-03 16:44:00",151.3,33,29.76,308.2,1.145,353,262.9,1.175,308.9,541.5,138.3,403.2,0,224
"2021-03-03 16:45:00",147.1,33.04,29.76,307.9,1.109,341.5,262.3,1.14,299.1,522.2,138.2,384,0,223.8
"2021-03-03 16:46:00",143.1,32.97,29.76,308.1,1.072,330.4,262,1.1,288.3,495.8,138.5,357.3,0,224.2
"2021-03-03 16:47:00",139.7,32.75,29.76,308.1,1.035,318.8,261.6,1.067,279,486.5,138.5,348.1,0,224.6
"2021-03-03 16:48:00",137.4,32.47,29.76,308.6,1.008,311.2,262.3,1.037,272,474.7,137.5,337.2,0,224.4
"2021-03-03 16:49:00",135.1,32.35,29.76,308.4,0.983,303.2,263.4,1.012,266.7,470.8,136.2,334.6,0,224
"2021-03-03 16:50:00",133.2,32.45,29.76,308.4,0.966,297.8,263,0.995,261.7,443,137.1,306,0,224.1
"2021-03-03 16:51:00",131.8,32.51,29.76,307.7,0.959,295,263.3,0.986,259.7,430.9,90.9,339.9,0,224.3
"2021-03-03 16:52:00",131.4,32.44,29.76,307.6,0.959,295.1,262,0.991,259.6,435.4,119.5,315.9,0,224
"2021-03-03 16:53:00",131.7,32.5,29.76,307.4,0.961,295.5,262.3,0.993,260.4,437.4,120,317.4,0,224.2
"2021-03-03 16:54:00",129.2,32.41,29.76,307.1,0.94,288.7,262.2,0.969,254,427.7,120.1,307.5,0,223.5
"2021-03-03 16:55:00",123.7,32.36,29.76,306.6,0.895,274.4,262,0.922,241.6,391.9,119.9,272,0,223.3
"2021-03-03 16:56:00",114,32.1,29.76,302.9,0.832,252,259.8,0.857,222.7,361,120.2,240.9,0,223.8
"2021-03-03 16:57:00",117.4,32.14,29.76,307.3,0.834,256.4,262.2,0.866,227.1,376,119.9,256.2,0,223.4
"2021-03-03 16:58:00",98.5,32.07,29.76,301.1,0.719,217,257,0.747,192.5,302.8,120.2,182.7,0,224
"2021-03-03 16:59:00",96.4,32,29.76,299.6,0.692,207.9,257.8,0.715,184.9,274.1,32.59,241.6,0,223.9
"2021-03-03 17:00:00",68.57,31.93,29.76,291.5,0.515,150.9,245.8,0.548,135.7,175.8,29.32,146.5,0,223.8
"2021-03-03 17:01:00",55.75,31.75,29.76,283.5,0.439,124.5,245.8,0.467,114.8,128.5,29.32,99.2,0,223.7
"2021-03-03 17:02:00",61.5,31.5,29.76,279.5,0.468,130.3,244.5,0.487,119.8,150,29.22,120.8,0,223.3
"2021-03-03 17:03:00",59.74,31.41,29.76,291.6,0.428,125.2,250.2,0.466,117,140.8,29.06,111.7,0,223.1
"2021-03-03 17:04:00",61.73,31.29,29.76,292.8,0.442,129.6,250,0.472,118.3,147.7,151.5,20.08,23.85,222.9
"2021-03-03 17:05:00",45.9,31.17,29.76,281.7,0.365,102.9,238.6,0.402,95.8,83.1,145.2,0,62.15,223.8
"2021-03-03 17:06:00",56.73,31.05,29.76,292.8,0.403,118.4,242.2,0.452,109.8,111.6,142.5,9.88,40.77,224
"2021-03-03 17:07:00",73.75,31,29.76,297.2,0.505,150.1,252.6,0.535,135.1,178.7,140.3,38.35,0,223.9
"2021-03-03 17:08:00",64.57,30.95,29.76,297.4,0.483,143.5,255.6,0.512,130.8,174.8,139.2,36.5,0.836,224
"2021-03-03 17:09:00",56.3,30.83,29.76,292.6,0.465,136.1,254.7,0.49,124.7,143.7,138.1,12.74,7.101,224.2
"2021-03-03 17:10:00",42.81,30.75,29.76,284.8,0.349,99.4,241,0.385,93,84.7,138.1,0,53.42,224.8
"2021-03-03 17:11:00",39.99,30.66,29.76,289.4,0.373,108.4,251.2,0.401,100.9,99.4,137.9,4.129,42.63,224.9
"2021-03-03 17:12:00",39.13,30.7,29.76,295.2,0.398,117.4,253.7,0.429,108.8,115,137.8,0,22.87,225.5
"2021-03-03 17:13:00",37.92,30.59,29.76,294.4,0.38,112,251.2,0.413,103.6,107.7,138,0,30.35,223.8
"2021-03-03 17:14:00",36.44,30.5,29.76,288.5,0.344,99.3,242.6,0.376,91.2,86.1,137.2,0,51.02,223.5
"2021-03-03 17:15:00",35.43,30.47,29.76,291.7,0.329,95.9,246.7,0.363,89.5,81.8,136.3,0,54.5,223.7
"2021-03-03 17:16:00",34.45,30.3,29.76,289.2,0.33,95.5,248,0.359,89,74.02,136.7,0,62.69,223.8
"2021-03-03 17:17:00",32.9,30.29,29.76,275,0.284,78.12,237.7,0.317,75.34,43.03,136.7,0,93.7,224
"2021-03-03 17:18:00",31.77,30.28,29.76,281.7,0.265,74.73,234.8,0.307,72.15,46.3,36.54,16.7,6.941,223
"2021-03-03 17:19:00",30.85,30.21,29.76,279.3,0.267,74.53,235.4,0.305,71.72,38.18,29.42,10.39,1.629,222.8
"2021-03-03 17:20:00",29.78,30.12,29.76,282.2,0.251,70.91,232.9,0.297,69.15,35.57,29.45,9.73,3.606,223.5
"2021-03-03 17:21:00",28.87,30.04,29.76,282.6,0.247,69.67,240.2,0.285,68.47,27.29,29.04,3.12,4.869,220.7
"2021-03-03 17:22:00",28.48,29.99,29.76,279.1,0.251,70.18,237,0.29,68.63,27.3,67.59,0.022,40.32,219.1
"2021-03-03 17:23:00",27.6,29.85,29.76,282,0.26,73.33,238.8,0.297,71,31.04,116.1,0,85,218.5
"2021-03-03 17:24:00",25.7,29.86,29.76,279.4,0.235,65.69,236.7,0.273,64.59,29.36,118.1,0,88.8,222.5
"2021-03-03 17:25:00",24.02,29.86,29.76,280.7,0.214,59.96,233,0.257,59.84,17.17,117.2,0,100,220.1
"2021-03-03 17:26:00",22.6,29.82,29.76,281.1,0.202,56.86,238.6,0.242,57.84,14.12,118.1,0,104,222
"2021-03-03 17:27:00",21.59,29.76,29.76,279.7,0.197,55.06,234,0.237,55.55,0.641,118.5,0,117.8,221
"2021-03-03 17:28:00",20.18,29.71,29.73,278.6,0.185,51.56,236.4,0.223,52.62,-1.786,119,0,120.7,222.3
"2021-03-03 17:29:00",18,29.66,29.7,279.7,0.165,46.13,241.1,0.199,47.86,-14.28,238.5,0,252.8,221.8
"2021-03-03 17:30:00",15.91,29.66,29.72,281.1,0.14,39.39,240.3,0.177,42.59,-23.19,143.5,0,166.7,222.1
"2021-03-03 17:31:00",12.66,29.62,29.57,247.2,0.113,31.59,207.6,0.149,34.99,-22.74,138.9,0,161.7,220.2
"2021-03-03 17:32:00",4.084,29.51,29.53,85.6,0.04,10.69,71.61,0.051,11.59,-8.2,137.8,0,146,219.6
"2021-03-03 17:33:00",0,29.48,29.48,0,0,0,0,0,0,0,136.9,0,136.9,219.7
"2021-03-03 17:34:00",0,29.47,29.37,0,0,0,0,0,0,0,135.7,0,135.7,219.5
"2021-03-03 17:35:00",0,29.43,29.13,0,0,0,0,0,0,0,143.7,0,143.7,219.4
"2021-03-03 17:36:00",0,29.34,28.99,0,0,0,0,0,0,0,147.6,0,147.6,220.6
"2021-03-03 17:37:00",0,29.34,28.87,0,0,0,0,0,0,0,147,0,147,220.6
"2021-03-03 17:38:00",0,29.32,28.8,0,0,0,0,0,0,0,146,0,146,220.2
"2021-03-03 17:39:00",0,29.28,28.78,0,0,0,0,0,0,0,147.2,0,147.2,219.6
"2021-03-03 17:40:00",0,29.24,28.73,0,0,0,0,0,0,0,147.9,0,147.9,220.1
"2021-03-03 17:41:00",0,29.28,28.77,0,0,0,0,0,0,0,149.3,0,149.3,220.3
"2021-03-03 17:42:00",0,29.25,28.74,0,0,0,0,0,0,0,149.3,0,149.3,220.1
"2021-03-03 17:43:00",0,29.2,28.74,0,0,0,0,0,0,0,148.2,0,148.2,218.7
"2021-03-03 17:44:00",0,29.23,28.75,0,0,0,0,0,0,0,147.5,0,147.5,220.4
"2021-03-03 17:45:00",0,29.19,28.71,0,0,0,0,0,0,0,147.7,0,147.7,220.4
"2021-03-03 17:46:00",0,29.23,28.7,0,0,0,0,0,0,0,148.6,0,148.6,220.8
"2021-03-03 17:47:00",0,29.17,28.7,0,0,0,0,0,0,0,234.9,0,234.9,221
"2021-03-03 17:48:00",0,29.12,28.71,0,0,0,0,0,0,0,149.7,0,149.7,220.5
"2021-03-03 17:49:00",0,29.11,28.71,0,0,0,0,0,0,0,142.1,0,142.1,219.8
"2021-03-03 17:50:00",0,29.08,28.7,0,0,0,0,0,0,0,148,0,148,220
"2021-03-03 17:51:00",0,29.05,28.7,0,0,0,0,0,0,0,160.5,0,160.5,219.6
"2021-03-03 17:52:00",0,29.04,28.7,0,0,0,0,0,0,0,160.2,0,160.2,219.4
"2021-03-03 17:53:00",0,29.01,28.7,0,0,0,0,0,0,0,159.7,0,159.7,218.8
"2021-03-03 17:54:00",0,29.02,28.7,0,0,0,0,0,0,0,159.3,0,159.3,218.5
"2021-03-03 17:55:00",0,28.95,28.7,0,0,0,0,0,0,0,277.8,0,277.8,217.6
"2021-03-03 17:56:00",0,28.97,28.7,0,0,0,0,0,0,0,253.5,0,253.5,217.5
"2021-03-03 17:57:00",0,28.88,28.7,0,0,0,0,0,0,0,180.2,0,180.2,217.5
"2021-03-03 17:58:00",0,28.86,28.7,0,0,0,0,0,0,0,205.4,0,205.4,216.8
"2021-03-03 17:59:00",0,28.84,28.7,0,0,0,0,0,0,0,210.1,0,210.1,216.5
"2021-03-03 18:00:00",0,28.81,28.7,0,0,0,0,0,0,0,206,0,206,217.2
"2021-03-03 18:01:00",0,28.59,28.7,0,0,0,0,0,0,0,206.6,0,206.6,217
"2021-03-03 18:02:00",0,28.71,28.7,0,0,0,0,0,0,0,288.1,0,288.1,216.6
"2021-03-03 18:03:00",0,28.64,28.7,0,0,0,0,0,0,0,319.7,0,319.7,216.8
"2021-03-03 18:04:00",0,28.61,28.7,0,0,0,0,0,0,0,314.8,0,314.8,217.1
"2021-03-03 18:05:00",0,28.49,28.7,0,0,0,0,0,0,0,4440,0,4440,202.6
"2021-03-03 18:06:00",0,28.47,28.7,0,0,0,0,0,0,0,5268,0,5268,199.3
"2021-03-03 18:07:00",0,28.45,28.7,0,0,0,0,0,0,0,5249,0,5249,199.3
"2021-03-03 18:08:00",0,28.4,28.7,0,0,0,0,0,0,0,5267,0,5267,200.2
"2021-03-03 18:09:00",0,28.4,28.7,0,0,0,0,0,0,0,4910,0,4910,201.2
"2021-03-03 18:10:00",0,28.39,28.7,0,0,0,0,0,0,0,121.7,0,121.7,218.9
"2021-03-03 18:11:00",0,28.39,28.7,0,0,0,0,0,0,0,121.6,0,121.6,219.3
"2021-03-03 18:12:00",0,28.37,28.7,0,0,0,0,0,0,0,121.7,0,121.7,219.6
"2021-03-03 18:13:00",0,28.44,28.7,0,0,0,0,0,0,0,121.6,0,121.6,219.6
"2021-03-03 18:14:00",0,28.43,28.7,0,0,0,0,0,0,0,109.6,0,109.6,220.7
"2021-03-03 18:15:00",0,28.41,28.7,0,0,0,0,0,0,0,99.6,0,99.6,220.7
"2021-03-03 18:16:00",0,28.38,28.7,0,0,0,0,0,0,0,128.7,0,128.7,220.4
"2021-03-03 18:17:00",0,28.39,28.7,0,0,0,0,0,0,0,1624,0,1624,214.7
"2021-03-03 18:18:00",0,28.38,28.7,0,0,0,0,0,0,0,2817,0,2817,210
"2021-03-03 18:19:00",0,28.36,28.7,0,0,0,0,0,0,0,2802,0,2802,210.4
"2021-03-03 18:20:00",0,28.32,28.7,0,0,0,0,0,0,0,791.6,0,791.6,216.4
"2021-03-03 18:21:00",0,28.36,28.7,0,0,0,0,0,0,0,291.1,0,291.1,218.4
"2021-03-03 18:22:00",0,28.33,28.7,0,0,0,0,0,0,0,379.3,0,379.3,217
"2021-03-03 18:23:00",0,28.38,28.7,0,0,0,0,0,0,0,395,0,395,216.6
"2021-03-03 18:24:00",0,28.34,28.7,0,0,0,0,0,0,0,371.5,0,371.5,216.9
"2021-03-03 18:25:00",0,28.29,28.7,0,0,0,0,0,0,0,310.5,0,310.5,218.1
"2021-03-03 18:26:00",0,28.31,28.7,0,0,0,0,0,0,0,303,0,303,217.1
"2021-03-03 18:27:00",0,28.29,28.7,0,0,0,0,0,0,0,298.4,0,298.4,218.3
"2021-03-03 18:28:00",0,28.28,28.7,0,0,0,0,0,0,0,297.9,0,297.9,218
"2021-03-03 18:29:00",0,28.27,28.7,0,0,0,0,0,0,0,297.9,0,297.9,217.5
"2021-03-03 18:30:00",0,28.29,28.7,0,0,0,0,0,0,0,215.2,0,215.2,216.3
"2021-03-03 18:31:00",0,28.28,28.7,0,0,0,0,0,0,0,195.5,0,195.5,217.1
"2021-03-03 18:32:00",0,28.32,28.7,0,0,0,0,0,0,0,192.8,0,192.8,218
"2021-03-03 18:33:00",0,28.29,28.7,0,0,0,0,0,0,0,195.1,0,195.1,219.1
"2021-03-03 18:34:00",0,28.19,28.7,0,0,0,0,0,0,0,193.4,0,193.4,218.6
"2021-03-03 18:35:00",0,28.21,28.7,0,0,0,0,0,0,0,196.1,0,196.1,218
"2021-03-03 18:36:00",0,28.19,28.7,0,0,0,0,0,0,0,196,0,196,219.2
"2021-03-03 18:37:00",0,28.15,28.7,0,0,0,0,0,0,0,196.2,0,196.2,218.1
"2021-03-03 18:38:00",0,28.19,28.7,0,0,0,0,0,0,0,195.9,0,195.9,218.2
"2021-03-03 18:39:00",0,28.15,28.7,0,0,0,0,0,0,0,195.9,0,195.9,218.9
"2021-03-03 18:40:00",0,28.19,28.7,0,0,0,0,0,0,0,194.7,0,194.7,219.5
"2021-03-03 18:41:00",0,28.1,28.7,0,0,0,0,0,0,0,194,0,194,220.1
"2021-03-03 18:42:00",0,28.13,28.7,0,0,0,0,0,0,0,203.5,0,203.5,220
"2021-03-03 18:43:00",0,28.13,28.7,0,0,0,0,0,0,0,321.3,0,321.3,219.3
"2021-03-03 18:44:00",0,28.11,28.7,0,0,0,0,0,0,0,312.5,0,312.5,220.1
"2021-03-03 18:45:00",0,28.11,28.7,0,0,0,0,0,0,0,310.9,0,310.9,220.1
"2021-03-03 18:46:00",0,28.12,28.7,0,0,0,0,0,0,0,348,0,348,219.3
"2021-03-03 18:47:00",0,28.11,28.7,0,0,0,0,0,0,0,383.4,0,383.4,218.5
"2021-03-03 18:48:00",0,28.09,28.7,0,0,0,0,0,0,0,341,0,341,218.6
"2021-03-03 18:49:00",0,28.07,28.7,0,0,0,0,0,0,0,252.7,0,252.7,219
"2021-03-03 18:50:00",0,28.08,28.7,0,0,0,0,0,0,0,241.3,0,241.3,218.6
"2021-03-03 18:51:00",0,28.14,28.7,0,0,0,0,0,0,0,239.8,0,239.8,219.3
"2021-03-03 18:52:00",0,28.19,28.7,0,0,0,0,0,0,0,240.3,0,240.3,219.2
"2021-03-03 18:53:00",0,28.16,28.7,0,0,0,0,0,0,0,224.1,0,224.1,220.7
"2021-03-03 18:54:00",0,28.17,28.7,0,0,0,0,0,0,0,156.9,0,156.9,221
"2021-03-03 18:55:00",0,28.13,28.7,0,0,0,0,0,0,0,75.5,0,75.5,221.2
"2021-03-03 18:56:00",0,28.12,28.7,0,0,0,0,0,0,0,50.76,0,50.76,221.6
"2021-03-03 18:57:00",0,28.15,28.7,0,0,0,0,0,0,0,50.22,0,50.22,221.3
"2021-03-03 18:58:00",0,28.17,28.7,0,0,0,0,0,0,0,49.93,0,49.93,220.8
"2021-03-03 18:59:00",0,28.15,28.7,0,0,0,0,0,0,0,49.94,0,49.94,220.7
"2021-03-03 19:00:00",0,28.19,28.7,0,0,0,0,0,0,0,49.93,0,49.93,220.2
"2021-03-03 19:01:00",0,28.25,28.7,0,0,0,0,0,0,0,50,0,50,220.7
"2021-03-03 19:02:00",0,28.28,28.7,0,0,0,0,0,0,0,50.15,0,50.15,219.8
"2021-03-03 19:03:00",0,28.29,28.7,0,0,0,0,0,0,0,49.99,0,49.99,218.4
"2021-03-03 19:04:00",0,28.31,28.7,0,0,0,0,0,0,0,50.05,0,50.05,217.9
"2021-03-03 19:05:00",0,28.25,28.7,0,0,0,0,0,0,0,49.97,0,49.97,219
"2021-03-03 19:06:00",0,28.21,28.7,0,0,0,0,0,0,0,50.04,0,50.04,219.4
"2021-03-03 19:07:00",0,28.24,28.7,0,0,0,0,0,0,0,144.5,0,144.5,219.3
"2021-03-03 19:08:00",0,28.21,28.7,0,0,0,0,0,0,0,164.7,0,164.7,219.2
"2021-03-03 19:09:00",0,28.16,28.7,0,0,0,0,0,0,0,160.9,0,160.9,219.2
"2021-03-03 19:10:00",0,28.21,28.7,0,0,0,0,0,0,0,159.6,0,159.6,218.5
"2021-03-03 19:11:00",0,28.17,28.7,0,0,0,0,0,0,0,158.9,0,158.9,219.3
"2021-03-03 19:12:00",0,28.04,28.7,0,0,0,0,0,0,0,158.5,0,158.5,219.3
"2021-03-03 19:13:00",0,28.03,28.7,0,0,0,0,0,0,0,157.8,0,157.8,220
"2021-03-03 19:14:00",0,28.01,28.7,0,0,0,0,0,0,0,172.8,0,172.8,217.2
"2021-03-03 19:15:00",0,28.04,28.7,0,0,0,0,0,0,0,238.9,0,238.9,214.8
"2021-03-03 19:16:00",0,27.93,28.7,0,0,0,0,0,0,0,239.5,0,239.5,218.9
"2021-03-03 19:17:00",0,27.93,28.7,0,0,0,0,0,0,0,239.7,0,239.7,219.5
"2021-03-03 19:18:00",0,27.9,28.7,0,0,0,0,0,0,0,239.6,0,239.6,218.6
"2021-03-03 19:19:00",0,27.83,28.7,0,0,0,0,0,0,0,166.4,0,166.4,219.4
"2021-03-03 19:20:00",0,27.72,28.7,0,0,0,0,0,0,0,137.7,0,137.7,219.8
"2021-03-03 19:21:00",0,27.77,28.7,0,0,0,0,0,0,0,120,0,120,220.3
"2021-03-03 19:22:00",0,27.85,28.7,0,0,0,0,0,0,0,49.74,0,49.74,220.5
"2021-03-03 19:23:00",0,27.83,28.7,0,0,0,0,0,0,0,49.94,0,49.94,221.3
"2021-03-03 19:24:00",0,27.85,28.7,0,0,0,0,0,0,0,49.99,0,49.99,221.7
"2021-03-03 19:25:00",0,27.84,28.7,0,0,0,0,0,0,0,50.02,0,50.02,222.2
"2021-03-03 19:26:00",0,27.76,28.7,0,0,0,0,0,0,0,49.93,0,49.93,221.5
"2021-03-03 19:27:00",0,27.72,28.7,0,0,0,0,0,0,0,49.89,0,49.89,221.1
"2021-03-03 19:28:00",0,27.78,28.7,0,0,0,0,0,0,0,50.02,0,50.02,221.2
"2021-03-03 19:29:00",0,27.82,28.7,0,0,0,0,0,0,0,49.95,0,49.95,220.7
"2021-03-03 19:30:00",0,27.84,28.7,0,0,0,0,0,0,0,50.7,0,50.7,220.1
"2021-03-03 19:31:00",0,27.77,28.7,0,0,0,0,0,0,0,167.4,0,167.4,219.6
"2021-03-03 19:32:00",0,27.8,28.7,0,0,0,0,0,0,0,165,0,165,219
"2021-03-03 19:33:00",0,27.78,28.7,0,0,0,0,0,0,0,160.6,0,160.6,219
"2021-03-03 19:34:00",0,27.78,28.7,0,0,0,0,0,0,0,159.4,0,159.4,219.5
"2021-03-03 19:35:00",0,27.71,28.7,0,0,0,0,0,0,0,158.4,0,158.4,219.4
"2021-03-03 19:36:00",0,27.76,28.7,0,0,0,0,0,0,0,157.4,0,157.4,218.5
"2021-03-03 19:37:00",0,27.73,28.7,0,0,0,0,0,0,0,156.9,0,156.9,218.2
"2021-03-03 19:38:00",0,27.7,28.7,0,0,0,0,0,0,0,156.5,0,156.5,218.3
"2021-03-03 19:39:00",0,27.69,28.7,0,0,0,0,0,0,0,156.1,0,156.1,218.2
"2021-03-03 19:40:00",0,27.64,28.7,0,0,0,0,0,0,0,155.7,0,155.7,218.1
"2021-03-03 19:41:00",0,27.61,28.7,0,0,0,0,0,0,0,154.9,0,154.9,218.4
"2021-03-03 19:42:00",0,27.64,28.7,0,0,0,0,0,0,0,154.7,0,154.7,218.7
"2021-03-03 19:43:00",0,27.61,28.7,0,0,0,0,0,0,0,147.7,0,147.7,219
"2021-03-03 19:44:00",0,27.57,28.7,0,0,0,0,0,0,0,136,0,136,219.7
"2021-03-03 19:45:00",0,27.55,28.7,0,0,0,0,0,0,0,136.5,0,136.5,219.9
"2021-03-03 19:46:00",0,27.66,28.7,0,0,0,0,0,0,0,136.5,0,136.5,219.8
"2021-03-03 19:47:00",0,27.63,28.7,0,0,0,0,0,0,0,136.9,0,136.9,220.2
"2021-03-03 19:48:00",0,27.6,28.7,0,0,0,0,0,0,0,137,0,137,220.8
"2021-03-03 19:49:00",0,27.69,28.7,0,0,0,0,0,0,0,137.7,0,137.7,220.9
"2021-03-03 19:50:00",0,27.7,28.7,0,0,0,0,0,0,0,69.18,0,69.18,221.4
"2021-03-03 19:51:00",0,27.76,28.7,0,0,0,0,0,0,0,50.19,0,50.19,221.9
"2021-03-03 19:52:00",0,27.78,28.7,0,0,0,0,0,0,0,50.1,0,50.1,221.6
"2021-03-03 19:53:00",0,27.69,28.7,0,0,0,0,0,0,0,50.28,0,50.28,221.1
"2021-03-03 19:54:00",0,27.7,28.7,0,0,0,0,0,0,0,50.32,0,50.32,221.7
"2021-03-03 19:55:00",0,27.78,28.7,0,0,0,0,0,0,0,50.27,0,50.27,222.3
"2021-03-03 19:56:00",0,27.71,28.7,0,0,0,0,0,0,0,152.5,0,152.5,222
"2021-03-03 19:57:00",0,27.71,28.7,0,0,0,0,0,0,0,167.3,0,167.3,221.9
"2021-03-03 19:58:00",0,27.71,28.7,0,0,0,0,0,0,0,162.2,0,162.2,221.4
"2021-03-03 19:59:00",0,27.72,28.7,0,0,0,0,0,0,0,160.5,0,160.5,220.4
"2021-03-03 20:00:00",0,27.67,28.7,0,0,0,0,0,0,0,159.6,0,159.6,220.7
"2021-03-03 20:01:00",0,27.65,28.7,0,0,0,0,0,0,0,158.2,0,158.2,219.1
"2021-03-03 20:02:00",0,27.68,28.7,0,0,0,0,0,0,0,157.7,0,157.7,219.7
"2021-03-03 20:03:00",0,27.73,28.7,0,0,0,0,0,0,0,157.2,0,157.2,219.4
"2021-03-03 20:04:00",0,27.79,28.7,0,0,0,0,0,0,0,156.9,0,156.9,219.2
"2021-03-03 20:05:00",0,27.81,28.7,0,0,0,0,0,0,0,156.4,0,156.4,219.3
"2021-03-03 20:06:00",0,27.77,28.7,0,0,0,0,0,0,0,156.4,0,156.4,219.5
"2021-03-03 20:07:00",0,27.7,28.7,0,0,0,0,0,0,0,156.3,0,156.3,219.9
"2021-03-03 20:08:00",0,27.76,28.7,0,0,0,0,0,0,0,155.1,0,155.1,219.4
"2021-03-03 20:09:00",0,27.76,28.7,0,0,0,0,0,0,0,90,0,90,218.9
"2021-03-03 20:10:00",0,27.76,28.7,0,0,0,0,0,0,0,49.66,0,49.66,219.1
"2021-03-03 20:11:00",0,27.74,28.7,0,0,0,0,0,0,0,69.86,0,69.86,218.2
"2021-03-03 20:12:00",0,27.75,28.7,0,0,0,0,0,0,0,136.8,0,136.8,217.9
"2021-03-03 20:13:00",0,27.73,28.7,0,0,0,0,0,0,0,136,0,136,218.6
"2021-03-03 20:14:00",0,27.7,28.7,0,0,0,0,0,0,0,137,0,137,219.7
"2021-03-03 20:15:00",0,27.61,28.7,0,0,0,0,0,0,0,137.9,0,137.9,220.8
"2021-03-03 20:16:00",0,27.62,28.7,0,0,0,0,0,0,0,137.9,0,137.9,220.7
"2021-03-03 20:17:00",0,27.69,28.7,0,0,0,0,0,0,0,137.9,0,137.9,221.4
"2021-03-03 20:18:00",0,27.71,28.7,0,0,0,0,0,0,0,90.9,0,90.9,221.1
"2021-03-03 20:19:00",0,27.67,28.7,0,0,0,0,0,0,0,49.9,0,49.9,219.6
"2021-03-03 20:20:00",0,27.66,28.7,0,0,0,0,0,0,0,49.82,0,49.82,220.3
"2021-03-03 20:21:00",0,27.75,28.7,0,0,0,0,0,0,0,49.77,0,49.77,219.9
"2021-03-03 20:22:00",0,27.78,28.7,0,0,0,0,0,0,0,145.9,0,145.9,219.3
"2021-03-03 20:23:00",0,27.83,28.7,0,0,0,0,0,0,0,166.4,0,166.4,219.6
"2021-03-03 20:24:00",0,27.88,28.7,0,0,0,0,0,0,0,161.5,0,161.5,220
"2021-03-03 20:25:00",0,27.84,28.7,0,0,0,0,0,0,0,160.4,0,160.4,221.5
"2021-03-03 20:26:00",0,27.93,28.7,0,0,0,0,0,0,0,159.7,0,159.7,221.2
"2021-03-03 20:27:00",0,27.92,28.7,0,0,0,0,0,0,0,158.8,0,158.8,220.6
"2021-03-03 20:28:00",0,27.88,28.7,0,0,0,0,0,0,0,158.1,0,158.1,220.9
"2021-03-03 20:29:00",0,27.84,28.7,0,0,0,0,0,0,0,157.6,0,157.6,220.2
"2021-03-03 20:30:00",0,27.74,28.7,0,0,0,0,0,0,0,157.4,0,157.4,220.7
"2021-03-03 20:31:00",0,27.78,28.7,0,0,0,0,0,0,0,156.5,0,156.5,220
"2021-03-03 20:32:00",0,27.83,28.7,0,0,0,0,0,0,0,156.3,0,156.3,220.2
"2021-03-03 20:33:00",0,27.83,28.7,0,0,0,0,0,0,0,155.6,0,155.6,219.7
"2021-03-03 20:34:00",0,27.75,28.7,0,0,0,0,0,0,0,155,0,155,219.5
"2021-03-03 20:35:00",0,27.68,28.7,0,0,0,0,0,0,0,95.4,0,95.4,218.5
"2021-03-03 20:36:00",0,27.79,28.7,0,0,0,0,0,0,0,49.56,0,49.56,219.3
"2021-03-03 20:37:00",0,27.72,28.7,0,0,0,0,0,0,0,49.34,0,49.34,219.1
"2021-03-03 20:38:00",0,27.63,28.7,0,0,0,0,0,0,0,49.35,0,49.35,219.6
"2021-03-03 20:39:00",0,27.62,28.7,0,0,0,0,0,0,0,49.41,0,49.41,219.7
"2021-03-03 20:40:00",0,27.71,28.7,0,0,0,0,0,0,0,49.29,0,49.29,219.8
"2021-03-03 20:41:00",0,27.7,28.7,0,0,0,0,0,0,0,140.8,0,140.8,220.7
"2021-03-03 20:42:00",0,27.64,28.7,0,0,0,0,0,0,0,136.5,0,136.5,220.6
"2021-03-03 20:43:00",0,27.66,28.7,0,0,0,0,0,0,0,136.8,0,136.8,220.8
"2021-03-03 20:44:00",0,27.68,28.7,0,0,0,0,0,0,0,136.8,0,136.8,221.1
"2021-03-03 20:45:00",0,27.64,28.7,0,0,0,0,0,0,0,136.4,0,136.4,219.4
"2021-03-03 20:46:00",0,27.63,28.7,0,0,0,0,0,0,0,136.4,0,136.4,219.8
"2021-03-03 20:47:00",0,27.58,28.7,0,0,0,0,0,0,0,71.51,0,71.51,220.9
"2021-03-03 20:48:00",0,27.56,28.7,0,0,0,0,0,0,0,137.6,0,137.6,220.6
"2021-03-03 20:49:00",0,27.58,28.7,0,0,0,0,0,0,0,166.7,0,166.7,219.8
"2021-03-03 20:50:00",0,27.59,28.7,0,0,0,0,0,0,0,161.3,0,161.3,220.4
"2021-03-03 20:51:00",0,27.57,28.7,0,0,0,0,0,0,0,159.8,0,159.8,221.1
"2021-03-03 20:52:00",0,27.54,28.7,0,0,0,0,0,0,0,158.6,0,158.6,220.1
"2021-03-03 20:53:00",0,27.5,28.7,0,0,0,0,0,0,0,157.9,0,157.9,219.8
"2021-03-03 20:54:00",0,27.47,28.7,0,0,0,0,0,0,0,156.7,0,156.7,218.7
"2021-03-03 20:55:00",0,27.48,28.7,0,0,0,0,0,0,0,156.1,0,156.1,218.3
"2021-03-03 20:56:00",0,27.41,28.7,0,0,0,0,0,0,0,155.4,0,155.4,217.7
"2021-03-03 20:57:00",0,27.45,28.7,0,0,0,0,0,0,0,154.9,0,154.9,217.5
"2021-03-03 20:58:00",0,27.43,28.7,0,0,0,0,0,0,0,154.5,0,154.5,217.4
"2021-03-03 20:59:00",0,27.5,28.7,0,0,0,0,0,0,0,154.4,0,154.4,217.2
"2021-03-03 21:00:00",0,27.54,28.7,0,0,0,0,0,0,0,98.4,0,98.4,216.7
"2021-03-03 21:01:00",0,27.53,28.7,0,0,0,0,0,0,0,49.41,0,49.41,217.8
"2021-03-03 21:02:00",0,27.58,28.7,0,0,0,0,0,0,0,49.31,0,49.31,217.7
"2021-03-03 21:03:00",0,27.63,28.7,0,0,0,0,0,0,0,49.13,0,49.13,217.5
"2021-03-03 21:04:00",0,27.65,28.7,0,0,0,0,0,0,0,49.32,0,49.32,217.3
"2021-03-03 21:05:00",0,27.57,28.7,0,0,0,0,0,0,0,49.05,0,49.05,217.1
"2021-03-03 21:06:00",0,27.53,28.7,0,0,0,0,0,0,0,49.06,0,49.06,216.5
"2021-03-03 21:07:00",0,27.53,28.7,0,0,0,0,0,0,0,49.18,0,49.18,217.4
"2021-03-03 21:08:00",0,27.52,28.7,0,0,0,0,0,0,0,87.7,0,87.7,217.1
"2021-03-03 21:09:00",0,27.49,28.7,0,0,0,0,0,0,0,135.7,0,135.7,217.2
"2021-03-03 21:10:00",0,27.5,28.7,0,0,0,0,0,0,0,136,0,136,218.3
"2021-03-03 21:11:00",0,27.54,28.7,0,0,0,0,0,0,0,136.7,0,136.7,218.7
"2021-03-03 21:12:00",0,27.53,28.7,0,0,0,0,0,0,0,200,0,200,219.1
"2021-03-03 21:13:00",0,27.55,28.7,0,0,0,0,0,0,0,250,0,250,218.9
"2021-03-03 21:14:00",0,27.48,28.7,0,0,0,0,0,0,0,237,0,237,219
"2021-03-03 21:15:00",0,27.43,28.7,0,0,0,0,0,0,0,158.4,0,158.4,218.9
"2021-03-03 21:16:00",0,27.46,28.7,0,0,0,0,0,0,0,157.2,0,157.2,218.2
"2021-03-03 21:17:00",0,27.45,28.7,0,0,0,0,0,0,0,156.3,0,156.3,217.9
"2021-03-03 21:18:00",0,27.43,28.7,0,0,0,0,0,0,0,155.5,0,155.5,218.4
"2021-03-03 21:19:00",0,27.43,28.7,0,0,0,0,0,0,0,154.9,0,154.9,218.6
"2021-03-03 21:20:00",0,27.56,28.7,0,0,0,0,0,0,0,154.5,0,154.5,218
"2021-03-03 21:21:00",0,27.57,28.7,0,0,0,0,0,0,0,154.5,0,154.5,218.5
"2021-03-03 21:22:00",0,27.61,28.7,0,0,0,0,0,0,0,154.5,0,154.5,218.8
"2021-03-03 21:23:00",0,27.63,28.7,0,0,0,0,0,0,0,153.6,0,153.6,218.1
"2021-03-03 21:24:00",0,27.62,28.7,0,0,0,0,0,0,0,103.2,0,103.2,218.5
"2021-03-03 21:25:00",0,27.57,28.7,0,0,0,0,0,0,0,49.45,0,49.45,219.1
"2021-03-03 21:26:00",0,27.52,28.7,0,0,0,0,0,0,0,49.61,0,49.61,219.1
"2021-03-03 21:27:00",0,27.48,28.7,0,0,0,0,0,0,0,49.58,0,49.58,219.7
"2021-03-03 21:28:00",0,27.51,28.7,0,0,0,0,0,0,0,49.49,0,49.49,220
"2021-03-03 21:29:00",0,27.53,28.7,0,0,0,0,0,0,0,49.52,0,49.52,219.6
"2021-03-03 21:30:00",0,27.55,28.7,0,0,0,0,0,0,0,50.18,0,50.18,220.1
"2021-03-03 21:31:00",0,27.47,28.7,0,0,0,0,0,0,0,50.27,0,50.27,219.9
"2021-03-03 21:32:00",0,27.43,28.7,0,0,0,0,0,0,0,50.16,0,50.16,219.9
"2021-03-03 21:33:00",0,27.47,28.7,0,0,0,0,0,0,0,50.29,0,50.29,220.6
"2021-03-03 21:34:00",0,27.48,28.7,0,0,0,0,0,0,0,50.29,0,50.29,220.7
"2021-03-03 21:35:00",0,27.41,28.7,0,0,0,0,0,0,0,50.01,0,50.01,221.3
"2021-03-03 21:36:00",0,27.4,28.7,0,0,0,0,0,0,0,180.6,0,180.6,220.4
"2021-03-03 21:37:00",0,27.35,28.7,0,0,0,0,0,0,0,252.5,0,252.5,221
"2021-03-03 21:38:00",0,27.31,28.7,0,0,0,0,0,0,0,245.4,0,245.4,221.3
"2021-03-03 21:39:00",0,27.35,28.7,0,0,0,0,0,0,0,244,0,244,221
"2021-03-03 21:40:00",0,27.37,28.7,0,0,0,0,0,0,0,242.9,0,242.9,221
"2021-03-03 21:41:00",0,27.36,28.7,0,0,0,0,0,0,0,242.2,0,242.2,220.6
"2021-03-03 21:42:00",0,27.4,28.7,0,0,0,0,0,0,0,220.7,0,220.7,221.1
"2021-03-03 21:43:00",0,27.39,28.7,0,0,0,0,0,0,0,156.8,0,156.8,221.3
"2021-03-03 21:44:00",0,27.46,28.7,0,0,0,0,0,0,0,156.5,0,156.5,220.8
"2021-03-03 21:45:00",0,27.43,28.7,0,0,0,0,0,0,0,155.6,0,155.6,219.7
"2021-03-03 21:46:00",0,27.41,28.7,0,0,0,0,0,0,0,156.3,0,156.3,220.2
"2021-03-03 21:47:00",0,27.39,28.7,0,0,0,0,0,0,0,156.3,0,156.3,221.2
"2021-03-03 21:48:00",0,27.31,28.7,0,0,0,0,0,0,0,110.2,0,110.2,220.3
"2021-03-03 21:49:00",0,27.28,28.7,0,0,0,0,0,0,0,49.99,0,49.99,221
"2021-03-03 21:50:00",0,27.37,28.7,0,0,0,0,0,0,0,49.79,0,49.79,220.7
"2021-03-03 21:51:00",0,27.37,28.7,0,0,0,0,0,0,0,49.78,0,49.78,220.9
"2021-03-03 21:52:00",0,27.33,28.7,0,0,0,0,0,0,0,49.73,0,49.73,220.9
"2021-03-03 21:53:00",0,27.32,28.7,0,0,0,0,0,0,0,49.56,0,49.56,220.5
"2021-03-03 21:54:00",0,27.25,28.7,0,0,0,0,0,0,0,48.97,0,48.97,222.1
"2021-03-03 21:55:00",0,27.28,28.7,0,0,0,0,0,0,0,48.79,0,48.79,221
"2021-03-03 21:56:00",0,27.31,28.7,0,0,0,0,0,0,0,48.76,0,48.76,220.4
"2021-03-03 21:57:00",0,27.46,28.7,0,0,0,0,0,0,0,48.77,0,48.77,221
"2021-03-03 21:58:00",0,27.44,28.7,0,0,0,0,0,0,0,48.86,0,48.86,221.2
"2021-03-03 21:59:00",0,27.34,28.7,0,0,0,0,0,0,0,109.2,0,109.2,221.4
"2021-03-03 22:00:00",0,27.34,28.7,0,0,0,0,0,0,0,168.4,0,168.4,221.5
"2021-03-03 22:01:00",0,27.34,28.7,0,0,0,0,0,0,0,161,0,161,220.8
"2021-03-03 22:02:00",0,27.34,28.7,0,0,0,0,0,0,0,159.4,0,159.4,221.4
"2021-03-03 22:03:00",0,27.33,28.7,0,0,0,0,0,0,0,158.9,0,158.9,221.9
"2021-03-03 22:04:00",0,27.44,28.7,0,0,0,0,0,0,0,233.3,0,233.3,221.4
"2021-03-03 22:05:00",0,27.47,28.7,0,0,0,0,0,0,0,242.3,0,242.3,221.5
"2021-03-03 22:06:00",0,27.47,28.7,0,0,0,0,0,0,0,241.3,0,241.3,220
"2021-03-03 22:07:00",0,27.56,28.7,0,0,0,0,0,0,0,241.5,0,241.5,220.8
"2021-03-03 22:08:00",0,27.57,28.7,0,0,0,0,0,0,0,241.2,0,241.2,220.8
"2021-03-03 22:09:00",0,27.56,28.7,0,0,0,0,0,0,0,241.4,0,241.4,220.4
"2021-03-03 22:10:00",0,27.63,28.7,0,0,0,0,0,0,0,178.5,0,178.5,221.3
"2021-03-03 22:11:00",0,27.56,28.7,0,0,0,0,0,0,0,114.4,0,114.4,222
"2021-03-03 22:12:00",0,27.58,28.7,0,0,0,0,0,0,0,49.82,0,49.82,221.1
"2021-03-03 22:13:00",0,27.66,28.7,0,0,0,0,0,0,0,49.93,0,49.93,222
"2021-03-03 22:14:00",0,27.65,28.7,0,0,0,0,0,0,0,49.61,0,49.61,222.5
"2021-03-03 22:15:00",0,27.7,28.7,0,0,0,0,0,0,0,49.14,0,49.14,222.8
"2021-03-03 22:16:00",0,27.8,28.7,0,0,0,0,0,0,0,48.37,0,48.37,220.7
"2021-03-03 22:17:00",0,27.8,28.7,0,0,0,0,0,0,0,48.26,0,48.26,218.8
"2021-03-03 22:18:00",0,27.89,28.7,0,0,0,0,0,0,0,48.53,0,48.53,221.5
"2021-03-03 22:19:00",0,27.9,28.7,0,0,0,0,0,0,0,48.88,0,48.88,222.4
"2021-03-03 22:20:00",0,27.95,28.7,0,0,0,0,0,0,0,48.65,0,48.65,220.8
"2021-03-03 22:21:00",0,28,28.7,0,0,0,0,0,0,0,48.62,0,48.62,218.7
"2021-03-03 22:22:00",0,27.96,28.7,0,0,0,0,0,0,0,48.7,0,48.7,218.5
"2021-03-03 22:23:00",0,27.97,28.7,0,0,0,0,0,0,0,97.3,0,97.3,220.3
"2021-03-03 22:24:00",0,27.9,28.7,0,0,0,0,0,0,0,169.6,0,169.6,222
"2021-03-03 22:25:00",0,27.88,28.7,0,0,0,0,0,0,0,161.7,0,161.7,222.1
"2021-03-03 22:26:00",0,27.78,28.7,0,0,0,0,0,0,0,159.8,0,159.8,221.7
"2021-03-03 22:27:00",0,27.81,28.7,0,0,0,0,0,0,0,158.8,0,158.8,221.7
"2021-03-03 22:28:00",0,27.79,28.7,0,0,0,0,0,0,0,157.9,0,157.9,221.7
"2021-03-03 22:29:00",0,27.81,28.7,0,0,0,0,0,0,0,157.8,0,157.8,221.7
"2021-03-03 22:30:00",0,27.8,28.7,0,0,0,0,0,0,0,157.9,0,157.9,221.8
"2021-03-03 22:31:00",0,27.83,28.7,0,0,0,0,0,0,0,207,0,207,221.8
"2021-03-03 22:32:00",0,27.87,28.7,0,0,0,0,0,0,0,241.1,0,241.1,221.3
"2021-03-03 22:33:00",0,27.89,28.7,0,0,0,0,0,0,0,241.4,0,241.4,221.3
"2021-03-03 22:34:00",0,27.9,28.7,0,0,0,0,0,0,0,241.7,0,241.7,221.1
"2021-03-03 22:35:00",0,27.97,28.7,0,0,0,0,0,0,0,205.5,0,205.5,221.3
"2021-03-03 22:36:00",0,27.99,28.7,0,0,0,0,0,0,0,137.7,0,137.7,222.1
"2021-03-03 22:37:00",0,28.03,28.7,0,0,0,0,0,0,0,103.5,0,103.5,220.6
"2021-03-03 22:38:00",0,28.05,28.7,0,0,0,0,0,0,0,48.86,0,48.86,219.8
"2021-03-03 22:39:00",0,28.07,28.7,0,0,0,0,0,0,0,49.07,0,49.07,220.5
"2021-03-03 22:40:00",0,28.12,28.7,0,0,0,0,0,0,0,49.04,0,49.04,221.3
"2021-03-03 22:41:00",0,28.11,28.7,0,0,0,0,0,0,0,49.01,0,49.01,221.8
"2021-03-03 22:42:00",0,28.09,28.7,0,0,0,0,0,0,0,48.92,0,48.92,222
"2021-03-03 22:43:00",0,27.95,28.7,0,0,0,0,0,0,0,48.98,0,48.98,221.6
"2021-03-03 22:44:00",0,27.77,28.7,0,0,0,0,0,0,0,48.79,0,48.79,221.2
"2021-03-03 22:45:00",0,27.59,28.7,0,0,0,0,0,0,0,48.95,0,48.95,221
"2021-03-03 22:46:00",0,27.41,28.7,0,0,0,0,0,0,0,48.79,0,48.79,221.3
"2021-03-03 22:47:00",0,27.25,28.7,0,0,0,0,0,0,0,94.7,0,94.7,220.7
"2021-03-03 22:48:00",0,27.13,28.7,0,0,0,0,0,0,0,169.9,0,169.9,220.3
"2021-03-03 22:49:00",0,26.98,28.7,0,0,0,0,0,0,0,161.6,0,161.6,220.3
"2021-03-03 22:50:00",0,26.84,28.7,0,0,0,0,0,0,0,159.6,0,159.6,220.2
"2021-03-03 22:51:00",0,26.79,28.7,0,0,0,0,0,0,0,158.8,0,158.8,220.3
"2021-03-03 22:52:00",0,26.73,28.7,0,0,0,0,0,0,0,157.6,0,157.6,219.9
"2021-03-03 22:53:00",0,26.71,28.7,0,0,0,0,0,0,0,157.6,0,157.6,220.9
"2021-03-03 22:54:00",0,26.71,28.7,0,0,0,0,0,0,0,157.1,0,157.1,220.9
"2021-03-03 22:55:00",0,26.64,28.7,0,0,0,0,0,0,0,156.4,0,156.4,222
"2021-03-03 22:56:00",0,26.65,28.7,0,0,0,0,0,0,0,156.1,0,156.1,221.9
"2021-03-03 22:57:00",0,26.62,28.7,0,0,0,0,0,0,0,156.1,0,156.1,221.9
"2021-03-03 22:58:00",0,26.63,28.7,0,0,0,0,0,0,0,155.8,0,155.8,221.9
"2021-03-03 22:59:00",0,26.68,28.7,0,0,0,0,0,0,0,202.6,0,202.6,221.8
"2021-03-03 23:00:00",0,26.89,28.7,0,0,0,0,0,0,0,136.6,0,136.6,222
"2021-03-03 23:01:00",0,26.86,28.7,0,0,0,0,0,0,0,137,0,137,221.6
"2021-03-03 23:02:00",0,26.79,28.7,0,0,0,0,0,0,0,137.4,0,137.4,221.5
"2021-03-03 23:03:00",0,26.89,28.7,0,0,0,0,0,0,0,137.6,0,137.6,221.7
"2021-03-03 23:04:00",0,26.84,28.7,0,0,0,0,0,0,0,137.4,0,137.4,222
"2021-03-03 23:05:00",0,26.75,28.7,0,0,0,0,0,0,0,87.3,0,87.3,221.7
"2021-03-03 23:06:00",0,26.86,28.7,0,0,0,0,0,0,0,49.04,0,49.04,221.6
"2021-03-03 23:07:00",0,26.93,28.7,0,0,0,0,0,0,0,49.67,0,49.67,221.5
"2021-03-03 23:08:00",0,26.97,28.7,0,0,0,0,0,0,0,50.01,0,50.01,221.3
"2021-03-03 23:09:00",0,26.96,28.7,0,0,0,0,0,0,0,49.82,0,49.82,220.7
"2021-03-03 23:10:00",0,26.96,28.7,0,0,0,0,0,0,0,104.8,0,104.8,219.4
"2021-03-03 23:11:00",0,27.02,28.7,0,0,0,0,0,0,0,169.9,0,169.9,219.8
"2021-03-03 23:12:00",0,26.99,28.7,0,0,0,0,0,0,0,160.5,0,160.5,219.9
"2021-03-03 23:13:00",0,26.92,28.7,0,0,0,0,0,0,0,158.5,0,158.5,220.1
"2021-03-03 23:14:00",0,26.93,28.7,0,0,0,0,0,0,0,157.5,0,157.5,220.6
"2021-03-03 23:15:00",0,27,28.7,0,0,0,0,0,0,0,156.5,0,156.5,221.3
"2021-03-03 23:16:00",0,26.92,28.7,0,0,0,0,0,0,0,156.2,0,156.2,221.9
"2021-03-03 23:17:00",0,26.88,28.7,0,0,0,0,0,0,0,155.9,0,155.9,221.2
"2021-03-03 23:18:00",0,26.85,28.7,0,0,0,0,0,0,0,155.5,0,155.5,221.2
"2021-03-03 23:19:00",0,26.82,28.7,0,0,0,0,0,0,0,155,0,155,221.2
"2021-03-03 23:20:00",0,26.82,28.7,0,0,0,0,0,0,0,154.5,0,154.5,220.4
"2021-03-03 23:21:00",0,26.85,28.7,0,0,0,0,0,0,0,125.9,0,125.9,219.7
"2021-03-03 23:22:00",0,26.8,28.7,0,0,0,0,0,0,0,49.05,0,49.05,220.6
"2021-03-03 23:23:00",0,26.74,28.7,0,0,0,0,0,0,0,48.94,0,48.94,219.9
"2021-03-03 23:24:00",0,26.77,28.7,0,0,0,0,0,0,0,48.97,0,48.97,220.6
"2021-03-03 23:25:00",0,26.74,28.7,0,0,0,0,0,0,0,49.17,0,49.17,221.3
"2021-03-03 23:26:00",0,26.79,28.7,0,0,0,0,0,0,0,49.12,0,49.12,221.2
"2021-03-03 23:27:00",0,26.83,28.7,0,0,0,0,0,0,0,136,0,136,220.5
"2021-03-03 23:28:00",0,26.75,28.7,0,0,0,0,0,0,0,136.5,0,136.5,220.6
"2021-03-03 23:29:00",0,26.7,28.7,0,0,0,0,0,0,0,137,0,137,221.3
"2021-03-03 23:30:00",0,26.72,28.7,0,0,0,0,0,0,0,137.8,0,137.8,220.8
"2021-03-03 23:31:00",0,26.73,28.7,0,0,0,0,0,0,0,137.7,0,137.7,221
"2021-03-03 23:32:00",0,26.75,28.7,0,0,0,0,0,0,0,137.7,0,137.7,221.5
"2021-03-03 23:33:00",0,26.78,28.7,0,0,0,0,0,0,0,98.8,0,98.8,221
"2021-03-03 23:34:00",0,26.78,28.7,0,0,0,0,0,0,0,170.9,0,170.9,220.8
"2021-03-03 23:35:00",0,26.84,28.7,0,0,0,0,0,0,0,160.5,0,160.5,220.9
"2021-03-03 23:36:00",0,26.82,28.7,0,0,0,0,0,0,0,158.1,0,158.1,220.8
"2021-03-03 23:37:00",0,26.82,28.7,0,0,0,0,0,0,0,157.2,0,157.2,220.6
"2021-03-03 23:38:00",0,26.86,28.7,0,0,0,0,0,0,0,156.1,0,156.1,220
"2021-03-03 23:39:00",0,26.86,28.7,0,0,0,0,0,0,0,155.8,0,155.8,220.1
"2021-03-03 23:40:00",0,26.98,28.7,0,0,0,0,0,0,0,155.6,0,155.6,220.6
"2021-03-03 23:41:00",0,27.02,28.7,0,0,0,0,0,0,0,155.8,0,155.8,221.1
"2021-03-03 23:42:00",0,27.04,28.7,0,0,0,0,0,0,0,155.4,0,155.4,221.1
"2021-03-03 23:43:00",0,27.13,28.7,0,0,0,0,0,0,0,155,0,155,220.6
"2021-03-03 23:44:00",0,27.08,28.7,0,0,0,0,0,0,0,155.1,0,155.1,221.3
"2021-03-03 23:45:00",0,27.05,28.7,0,0,0,0,0,0,0,132,0,132,221.1
"2021-03-03 23:46:00",0,27.05,28.7,0,0,0,0,0,0,0,49.41,0,49.41,222.1
"2021-03-03 23:47:00",0,27.07,28.7,0,0,0,0,0,0,0,49.57,0,49.57,222.7
"2021-03-03 23:48:00",0,27.05,28.7,0,0,0,0,0,0,0,50.07,0,50.07,222.8
"2021-03-03 23:49:00",0,27.05,28.7,0,0,0,0,0,0,0,50.38,0,50.38,223.1
"2021-03-03 23:50:00",0,27.04,28.7,0,0,0,0,0,0,0,50.47,0,50.47,223.3
"2021-03-03 23:51:00",0,27.09,28.7,0,0,0,0,0,0,0,50.43,0,50.43,223.9
"2021-03-03 23:52:00",0,27.1,28.7,0,0,0,0,0,0,0,50.24,0,50.24,223.9
"2021-03-03 23:53:00",0,27.16,28.7,0,0,0,0,0,0,0,50.1,0,50.1,224
"2021-03-03 23:54:00",0,27.26,28.7,0,0,0,0,0,0,0,49.75,0,49.75,223.4
"2021-03-03 23:55:00",0,27.21,28.7,0,0,0,0,0,0,0,49.05,0,49.05,223.5
"2021-03-03 23:56:00",0,27.21,28.7,0,0,0,0,0,0,0,74.5,0,74.5,223.7
"2021-03-03 23:57:00",0,27.29,28.7,0,0,0,0,0,0,0,182.6,0,182.6,222.9
"2021-03-03 23:58:00",0,27.3,28.7,0,0,0,0,0,0,0,256.6,0,256.6,222.5
"2021-03-03 23:59:00",0,27.25,28.7,0,0,0,0,0,0,0,246.6,0,246.6,222.5
