"TOA5","6428","CR1000","6428","CR1000.Std.10","CPU:MED_RAD.CR1","23775","Dados"
"TIMESTAMP","Radiacao_Avg","Temp_Cel_Avg","Temp_Amb_Avg","Tensao_S1_Avg","Corrente_S1_Avg","Potencia_S1_Avg","Tensao_S2_Avg","Corrente_S2_Avg","Potencia_S2_Avg","Potencia_FV_Avg","Demanda_Avg","FP_FV_Avg","Tensao_Rede_Avg"
"TS","W/m^2","C","C","V","A","W","V","A","W","W","W","%","V"
"","Avg","Avg","Avg","Avg","Avg","Avg","Avg","Avg","Avg","Avg","Avg","Avg","Avg"
"2019-10-11 11:41:00",1024,43.51,30.83,275.7,7.869,2191,247.5,"NAN","NAN",3603,25.84,0.239,233.2
"2019-10-11 11:42:00",807,43.64,30.83,244.3,"NAN","NAN",239.4,6.267,1506,2895,25.82,0.023,231.1
"2019-10-11 11:43:00",849,42.98,30.83,269.9,"NAN","NAN",253.2,5.9,1519,3186,25.87,0.08,232
"2019-10-11 11:44:00",567.2,42.18,30.83,280.2,"NAN","NAN",245.1,4.404,1095,2133,26.05,0.148,229.1
"2019-10-11 11:45:00",1278,43.86,30.83,292.8,9.47,2771,263.6,8.49,2235,4683,25.8,0.182,234.3
"2019-10-11 11:46:00",1101,43.27,30.83,282.6,8.51,2404,245.9,8.34,2049,4206,25.75,0.159,233.1
"2019-10-11 11:47:00",781.9,43.81,30.83,282.4,6.077,1722,246,5.803,1429,2997,26.03,0.114,229.8
"2019-10-11 11:48:00",704.1,43.45,30.83,277.8,5.617,1548,251,5.381,1359,2627,26.13,0.125,229.9
"2019-10-11 11:49:00",1285,43.6,30.83,277.1,10.13,2806,246.2,9.72,2393,4863,25.67,0.17,235.5
"2019-10-11 11:50:00",1236,44.65,30.83,277.5,9.69,2689,243.4,9.52,2313,4713,25.66,0.125,235.5
"2019-10-11 11:51:00",1038,44.62,30.83,270.6,8.14,2196,238,7.901,1887,3813,25.81,0.204,235.2
"2019-10-11 11:52:00",1186,45.17,30.83,278.4,9.06,2523,240,9.08,2180,4424,25.66,0.182,234.9
"2019-10-11 11:53:00",1168,44.46,30.83,279,8.94,2494,240.7,8.95,2153,4349,25.65,0.125,232.8
"2019-10-11 11:54:00",1172,45.46,30.83,277,8.97,2485,239.1,8.97,2145,4349,25.72,0.193,233.8
"2019-10-11 11:55:00",1183,45.71,30.83,278.6,9.02,2512,236.5,9.15,2163,4386,25.66,0.148,233.3
"2019-10-11 11:56:00",1102,46.07,30.83,271.3,8.62,2346,239.7,8.45,2025,4150,25.69,0.204,232.7
"2019-10-11 11:57:00",837,45.91,30.83,283.1,6.037,1725,218.3,6.688,1434,2859,26.14,0.148,229.9
"2019-10-11 11:58:00",1193,46.36,30.83,275.5,9.15,2520,238.9,9.11,2176,4418,118.9,0.193,233.7
"2019-10-11 11:59:00",1198,46.76,30.83,275.5,9.12,2512,239.1,9.12,2180,4430,153.9,0.318,234.3
"2019-10-11 12:00:00",1197,46.94,30.83,273.6,9.17,2509,237.6,9.13,2168,4387,147.8,0.17,234.6
"2019-10-11 12:01:00",1196,46.25,30.83,274.6,9.15,2512,237.8,9.11,2167,4388,144.5,0.193,234.1
"2019-10-11 12:02:00",1197,46.67,30.83,273.7,9.21,2520,237.7,9.16,2177,4395,144,0.125,234.8
"2019-10-11 12:03:00",909,44.59,30.83,272.5,7.024,1917,232.7,7.182,1660,3336,140.8,0.239,232.2
"2019-10-11 12:04:00",1178,44.23,30.83,277.8,8.94,2484,240.8,8.93,2149,4340,141.4,0.102,235
"2019-10-11 12:05:00",1148,45.23,30.83,275.8,8.77,2418,240.3,8.7,2091,4235,141.4,0.204,234.5
"2019-10-11 12:06:00",1155,45.72,30.83,275.9,8.8,2428,240.9,8.72,2100,4248,141.7,0.102,234.6
"2019-10-11 12:07:00",891,44.28,30.83,281.5,6.626,1866,245.5,6.676,1641,3285,139.7,0.193,232.3
"2019-10-11 12:08:00",1040,43.97,30.83,274.7,7.978,2197,245.4,7.896,1926,3856,138.2,0.17,232.2
"2019-10-11 12:09:00",1171,44.54,30.83,277.1,8.93,2473,241.1,8.86,2135,4327,138.9,0.148,232.7
"2019-10-11 12:10:00",1143,44.58,30.83,278.1,8.66,2408,241.1,8.63,2081,4208,138,0.114,232.2
"2019-10-11 12:11:00",1150,44.53,30.83,277.5,8.71,2416,240.4,8.69,2090,4227,137.1,0.148,231.3
"2019-10-11 12:12:00",1143,44.72,30.83,274.9,8.74,2401,240.9,8.62,2076,4203,137.4,0.182,230.9
"2019-10-11 12:13:00",1144,44.85,30.83,277,8.68,2402,238.9,8.69,2076,4202,136.5,0.148,230.7
"2019-10-11 12:14:00",1160,45.12,30.83,276.2,8.82,2436,238.8,8.81,2104,4254,136.2,0.148,230.9
"2019-10-11 12:15:00",1149,44.53,30.83,276.3,8.74,2413,240.7,8.67,2086,4210,135.2,0.148,231.2
"2019-10-11 12:16:00",1139,44.09,30.83,277.3,8.64,2397,241,8.6,2072,4202,135.3,0.216,231
"2019-10-11 12:17:00",1136,44.8,30.83,276.8,8.63,2389,239.6,8.61,2062,4176,136.5,0.159,231.7
"2019-10-11 12:18:00",1143,44.95,30.83,278.2,8.64,2403,239.8,8.66,2077,4204,136.7,0.114,232.3
"2019-10-11 12:19:00",1166,45.73,30.83,276.8,8.85,2448,239.4,8.82,2110,4277,136.5,0.136,232.3
"2019-10-11 12:20:00",1020,45.41,30.83,270.6,7.849,2124,234.9,7.88,1848,3711,136.6,0.114,232.1
"2019-10-11 12:21:00",1151,44.12,30.83,276.7,8.77,2427,240.2,8.73,2097,4245,136.9,0.114,234.3
"2019-10-11 12:22:00",1168,45.19,30.83,278.7,8.86,2468,240.7,8.88,2136,4326,136.6,0.193,234.3
"2019-10-11 12:23:00",1170,46.3,30.83,277.2,9.01,2499,238,9.16,2181,4391,95.8,0.114,232.7
"2019-10-11 12:24:00",1124,45.84,30.83,270,8.85,2392,234.4,8.82,2070,4217,26.05,0.216,232
"2019-10-11 12:25:00",962,46.61,30.83,279.8,7.399,2073,240.3,7.459,1801,3566,26.49,0.091,228.2
"2019-10-11 12:26:00",1250,45.75,30.83,278.4,9.58,2664,238.8,9.47,2257,4595,26.14,0.114,232
"2019-10-11 12:27:00",1222,45.27,30.83,277.2,9.48,2628,237.6,9.52,2262,4570,26.14,0.034,231.8
"2019-10-11 12:28:00",1228,44.94,30.83,276.7,9.52,2633,237.7,9.55,2270,4594,26.16,0.091,231.4
"2019-10-11 12:29:00",1202,45.96,30.83,277.5,9.3,2580,240.9,9.3,2238,4499,26.05,0.216,233.1
"2019-10-11 12:30:00",894,45.46,30.83,283.8,6.771,1929,243.1,6.984,1702,3370,52.51,0.239,231.4
"2019-10-11 12:31:00",1266,45.47,30.83,275.6,9.91,2732,237.6,9.86,2341,4739,131.2,0.068,231.5
"2019-10-11 12:32:00",1273,48.05,30.83,274.2,9.93,2721,239.5,9.75,2330,4709,138.1,0.057,231.5
"2019-10-11 12:33:00",1267,47.95,30.83,274.7,9.75,2677,237.3,9.4,2225,4588,141.3,0.102,232.8
"2019-10-11 12:34:00",959,46.13,30.83,263.5,7.625,2010,238.8,7.069,1689,3475,141.6,0.193,229.7
"2019-10-11 12:35:00",542.8,44.41,30.83,284.2,4.119,1173,254.7,3.957,1009,1986,145.4,0.136,226.5
"2019-10-11 12:36:00",658.7,43.91,30.83,275.6,5.258,1439,245.4,5.206,1290,2495,147.4,0.045,227.3
"2019-10-11 12:37:00",1142,42.82,30.83,263,9.07,2386,238.4,8.91,2125,4205,145.7,0.08,230.5
"2019-10-11 12:38:00",1180,43.56,30.83,279,9.11,2541,242.8,9.04,2195,4440,145,0.159,230.9
"2019-10-11 12:39:00",1198,45.9,30.83,273.8,9.4,2574,240.4,9.24,2221,4498,145.6,0.182,233.1
"2019-10-11 12:40:00",1076,46.18,30.83,288.2,7.879,2256,240.8,8.41,2024,4024,145.6,0.17,233
"2019-10-11 12:41:00",1221,46.78,30.83,280.8,9.39,2627,239,9.5,2269,4582,146,0.136,233.9
"2019-10-11 12:42:00",1193,47.64,30.83,269.8,9.56,2580,244.6,9.22,2251,4501,146.1,0.148,233.4
"2019-10-11 12:43:00",1261,48.67,30.83,273.4,9.93,2715,235.7,9.74,2290,4725,146.2,0.182,234.7
"2019-10-11 12:44:00",844,48.17,30.83,270,6.772,1833,232,6.669,1555,3153,145.8,0.148,229.4
"2019-10-11 12:45:00",613,46.35,30.83,275.1,4.98,1367,239.8,4.955,1191,2361,145.8,0.148,228.2
"2019-10-11 12:46:00",440.1,44.02,30.83,277.3,3.627,1005,237.8,3.696,879,1696,145.1,0.261,225.6
"2019-10-11 12:47:00",523.5,43.56,30.83,275,4.397,1206,231.8,4.498,1040,2040,145.7,0.114,226.1
"2019-10-11 12:48:00",845,43.54,30.83,289,6.467,1878,255.1,6.442,1647,3289,145.9,0.125,228.6
"2019-10-11 12:49:00",637.9,42.36,30.83,280.7,5.244,1472,251.4,5.14,1291,2554,145.8,0.17,227.4
"2019-10-11 12:50:00",399.7,42.08,30.83,282.7,3.336,943,247.6,3.326,823,1595,145.5,0.148,224.6
"2019-10-11 12:51:00",443.3,40.53,30.83,281.8,3.687,1036,247.8,3.681,911,1745,145.9,0.102,226.2
"2019-10-11 12:52:00",720.8,40.86,30.83,295.2,5.46,1620,248.5,5.826,1445,2843,146.5,0.148,230.5
"2019-10-11 12:53:00",631.1,40.69,30.83,290,5.065,1470,254.7,5.023,1279,2547,146.1,0.114,229.2
"2019-10-11 12:54:00",380.5,41.09,30.83,284.1,3.195,908,251.5,3.166,796.2,1521,213.4,0.159,224.9
"2019-10-11 12:55:00",497.3,40.88,30.83,281.1,4.097,1134,242.7,4.152,987,1910,269.8,0.08,225.1
"2019-10-11 12:56:00",451.1,40.06,30.83,277.2,3.717,1024,242,3.706,891,1733,261.2,0.102,225.8
"2019-10-11 12:57:00",508.1,39.08,30.76,288.5,4.061,1174,250.4,4.083,1023,2011,258,0.148,226.3
"2019-10-11 12:58:00",325.6,39.58,30.74,288.4,2.707,780.4,251.6,2.733,687.5,1296,256.5,0.17,225.1
"2019-10-11 12:59:00",325.4,39.81,30.77,289.5,2.682,776.5,252.2,2.714,684.5,1289,256.6,0.182,225.3
"2019-10-11 13:00:00",363,38.5,30.54,288.8,2.967,857,251,3.007,754.2,1429,255,0.148,225.7
"2019-10-11 13:01:00",604.9,38.09,30.01,281.7,4.874,1358,273,3.916,1075,2217,254.8,0.193,227.5
"2019-10-11 13:02:00",955,38.81,30.23,283.2,7.708,2177,252.2,7.359,1836,3732,182.2,0.182,231.6
"2019-10-11 13:03:00",1158,39.61,30.12,301.2,8.62,2593,260.7,8.66,2256,4536,138.6,0.193,234
"2019-10-11 13:04:00",1207,41,30.45,286.6,9.53,2731,248.7,9.45,2349,4806,139,0.239,236.9
"2019-10-11 13:05:00",1155,42.04,30.83,283.3,9.18,2601,244.1,9.09,2218,4548,142.9,0.216,237
"2019-10-11 13:06:00",1139,42.9,30.83,283.6,9.03,2560,243.8,9.05,2206,4472,140.7,0.193,236.4
"2019-10-11 13:07:00",1109,42.79,30.83,281.2,8.84,2487,242,8.85,2141,4351,139.2,0.17,234.9
"2019-10-11 13:08:00",1105,43.32,30.83,281.9,8.91,2514,240,8.89,2127,4350,137.5,0.068,233.2
"2019-10-11 13:09:00",682.8,44.29,30.83,282.3,5.444,1531,244.5,5.46,1334,2676,137.7,0.227,230.5
"2019-10-11 13:10:00",440.2,44.12,30.83,283.7,3.585,1018,245.8,3.621,890,1740,137,0.136,228.5
"2019-10-11 13:11:00",409.6,43.35,30.83,282.6,3.401,961,247.7,3.4,842,1624,136.6,0.136,228.5
"2019-10-11 13:12:00",418.5,42.31,30.83,285.4,3.475,992,248.4,3.516,873,1687,137.5,0.318,229.2
"2019-10-11 13:13:00",490.8,40.87,30.83,283.9,4.076,1155,250.5,4.039,1011,1957,136.8,0.034,229.2
"2019-10-11 13:14:00",542.6,41.6,30.83,283.8,4.524,1284,259,4.267,1106,2197,136.7,0.148,229.3
"2019-10-11 13:15:00",454.5,41.23,30.83,287.5,3.77,1084,251.8,3.775,951,1856,136.1,0.273,227.8
"2019-10-11 13:16:00",441.7,40.65,30.83,289,3.666,1059,250.1,3.701,926,1793,136,0.08,227
"2019-10-11 13:17:00",469.3,40.32,30.83,289.8,3.831,1110,248.5,3.892,967,1893,137.3,0.182,229.2
"2019-10-11 13:18:00",483.5,40.4,30.83,291.9,3.913,1142,252.6,3.941,995,1940,136.9,0.045,228.9
"2019-10-11 13:19:00",1122,40.89,30.83,299.5,8.41,2497,244.8,8.98,2198,4398,112.5,0.216,236.8
"2019-10-11 13:20:00",1199,42.56,30.83,282.5,9.78,2762,244.1,9.69,2365,4838,26.17,0.239,238
"2019-10-11 13:21:00",1164,43.58,30.83,283.8,9.35,2652,245.3,9.25,2269,4641,26.13,0.239,237.5
"2019-10-11 13:22:00",841,43.58,30.83,277.3,6.708,1852,227.9,6.851,1560,3191,26.34,0.159,233.8
"2019-10-11 13:23:00",1050,44.74,30.83,281.7,8.43,2377,244.9,8.39,2056,4133,26.21,0.08,234.8
"2019-10-11 13:24:00",1051,45.64,30.83,282,8.44,2381,242.1,8.49,2056,4145,26.15,0.057,235.6
"2019-10-11 13:25:00",1024,45.69,30.83,280.5,8.27,2319,240.2,8.31,1995,4039,26.16,0.136,234.8
"2019-10-11 13:26:00",1002,45.71,30.83,278.5,8.1,2256,241.3,8.08,1949,3941,26.17,0.159,234.4
"2019-10-11 13:27:00",1004,45.29,30.83,279.6,8.05,2251,240,8.13,1952,3941,26.36,0.125,235
"2019-10-11 13:28:00",1010,45.47,30.83,278.9,8.14,2271,241.4,8.15,1967,3968,26.34,0.148,234.6
"2019-10-11 13:29:00",999,45.97,30.83,275.8,8.12,2239,239.9,8.04,1929,3925,26.42,0.227,235
"2019-10-11 13:30:00",988,45.16,30.83,278.9,8.06,2247,239,8.07,1928,3875,26.36,0,234.2
"2019-10-11 13:31:00",982,46.06,30.83,276.9,7.931,2196,239.9,7.939,1904,3858,26.35,0.398,234.7
"2019-10-11 13:32:00",983,44.84,30.83,277.5,7.97,2211,241.9,7.912,1913,3868,26.35,0.204,234.7
"2019-10-11 13:33:00",977,44.8,30.83,281,7.907,2222,241.9,7.932,1919,3856,26.28,0.068,234.5
"2019-10-11 13:34:00",973,45.05,30.83,278.3,7.935,2208,240.7,7.925,1908,3850,26.34,0.182,234.7
"2019-10-11 13:35:00",971,45.82,30.83,278.8,7.883,2197,242.1,7.858,1902,3851,26.57,0.239,234.2
"2019-10-11 13:36:00",960,45.74,30.83,279.8,7.821,2188,241.5,7.826,1890,3809,26.29,0.114,233.6
"2019-10-11 13:37:00",964,45.15,30.83,278.8,7.928,2211,240.4,7.934,1907,3842,26.4,0.068,233.5
"2019-10-11 13:38:00",963,45.35,30.83,278,7.926,2203,242.7,7.854,1906,3828,26.37,0.125,233.6
"2019-10-11 13:39:00",972,45.37,30.83,280.1,7.86,2201,241.6,7.96,1923,3875,26.42,0.284,234
"2019-10-11 13:40:00",961,46.21,30.83,278.7,7.947,2215,240.3,7.949,1910,3847,26.36,0.091,233.8
"2019-10-11 13:41:00",950,46.17,30.83,279,7.841,2188,242.5,7.825,1898,3803,26.5,0.068,232.9
"2019-10-11 13:42:00",942,44.66,30.83,277,7.793,2159,241.5,7.723,1865,3795,26.43,0.239,234
"2019-10-11 13:43:00",938,43.67,30.83,278.6,7.756,2161,240.8,7.742,1864,3776,26.42,0.204,234
"2019-10-11 13:44:00",937,44.64,30.83,280.5,7.689,2157,241.9,7.735,1871,3781,26.48,0.17,233.7
"2019-10-11 13:45:00",934,45.63,30.83,280.7,7.709,2163,241.5,7.744,1870,3765,26.35,0.114,234.1
"2019-10-11 13:46:00",931,45.31,30.83,278.8,7.765,2165,243.7,7.684,1872,3774,26.16,0.148,234.9
"2019-10-11 13:47:00",928,45.63,30.83,281.1,7.708,2166,241.4,7.757,1872,3767,26.34,0.034,235.6
"2019-10-11 13:48:00",924,46.96,30.83,279.1,7.717,2153,239.3,7.741,1852,3747,26.16,0.17,236
"2019-10-11 13:49:00",924,46.07,30.83,281.1,7.665,2155,243.2,7.71,1875,3757,56.48,0.045,234.1
"2019-10-11 13:50:00",920,45.06,30.83,280.9,7.666,2153,242.6,7.68,1863,3756,159.2,0.102,233.7
"2019-10-11 13:51:00",916,45.91,30.83,277.5,7.69,2134,242.3,7.621,1846,3727,149.6,0.273,234.6
"2019-10-11 13:52:00",911,44.49,30.83,280.9,7.575,2127,243.3,7.595,1848,3726,147.5,0.227,234.2
"2019-10-11 13:53:00",906,44.71,30.83,280.2,7.617,2134,241.7,7.607,1838,3706,145.2,0.125,233.3
"2019-10-11 13:54:00",900,45.66,30.83,279.8,7.567,2117,240.5,7.599,1828,3680,143.4,0.159,232.9
"2019-10-11 13:55:00",896,46.18,30.83,278.4,7.564,2106,240.4,7.551,1815,3667,143.4,0.17,232.9
"2019-10-11 13:56:00",892,46.54,30.83,278.9,7.492,2089,241.9,7.476,1808,3665,143,0.318,233
"2019-10-11 13:57:00",888,47.37,30.83,276.8,7.529,2084,239.1,7.511,1796,3631,141.2,0.261,232.7
"2019-10-11 13:58:00",884,46.06,30.83,278.8,7.437,2073,241.1,7.453,1796,3618,139.8,0.295,231.7
"2019-10-11 13:59:00",881,46.92,30.83,277.1,7.472,2071,241.1,7.421,1789,3605,138.8,0.17,231.2
"2019-10-11 14:00:00",880,46.76,30.83,279.2,7.451,2080,240.7,7.486,1802,3617,140.4,0.125,232.1
"2019-10-11 14:01:00",872,46.95,30.83,279.4,7.351,2054,240.9,7.397,1782,3589,140,0.216,232.6
"2019-10-11 14:02:00",870,47.42,30.83,276.7,7.429,2055,239.5,7.424,1778,3591,139.6,0.227,232.4
"2019-10-11 14:03:00",870,46.36,30.83,278.6,7.432,2071,239.9,7.452,1788,3588,137.8,0.102,230.1
"2019-10-11 14:04:00",868,47.07,30.83,278.1,7.413,2061,241.9,7.38,1785,3592,138.1,0.239,230.4
"2019-10-11 14:05:00",870,45.53,30.83,280,7.427,2080,242.4,7.439,1803,3623,137.8,0.182,230.8
"2019-10-11 14:06:00",863,44.41,30.83,279.7,7.42,2075,242.3,7.406,1794,3624,136.2,0.17,229.4
"2019-10-11 14:07:00",796.6,44.47,30.83,284.7,6.656,1895,243.2,6.764,1645,3308,136.9,0.182,228.6
"2019-10-11 14:08:00",780.9,43.28,30.83,276,6.696,1849,236.3,6.695,1581,3187,136.2,0.148,230
"2019-10-11 14:09:00",855,44.6,30.83,281.6,7.373,2076,242.6,7.398,1795,3617,136.7,0.17,232.9
"2019-10-11 14:10:00",851,45.88,30.83,279.9,7.373,2064,242.1,7.367,1783,3600,136.8,0.17,232.4
"2019-10-11 14:11:00",851,45.61,30.83,279.4,7.373,2060,240.9,7.39,1780,3600,137.2,0.204,232.6
"2019-10-11 14:12:00",855,45.83,30.83,278.8,7.451,2077,241.8,7.398,1789,3609,136.9,0.227,233.1
"2019-10-11 14:13:00",857,45.45,30.83,280.5,7.468,2095,241.3,7.475,1804,3640,136.9,0.091,233.2
"2019-10-11 14:14:00",860,45.44,30.83,278.8,7.469,2082,243.1,7.459,1813,3668,136.5,0.454,232.9
"2019-10-11 14:15:00",866,45.9,30.83,278.7,7.563,2108,241.8,7.53,1821,3703,123.6,0.443,233.9
"2019-10-11 14:16:00",864,45.91,30.83,280,7.635,2138,242.3,7.626,1847,3717,26.34,0.114,234.9
"2019-10-11 14:17:00",865,45.51,30.83,280.3,7.653,2145,241.3,7.676,1852,3733,26.26,0.102,234.6
"2019-10-11 14:18:00",853,45.72,30.83,279.3,7.545,2106,244,7.478,1824,3674,26.41,0.148,234.5
"2019-10-11 14:19:00",863,45.75,30.83,278.9,7.688,2144,240.6,7.69,1850,3729,26.47,0.091,234.9
"2019-10-11 14:20:00",854,45.2,30.83,281.3,7.543,2122,243.1,7.571,1841,3694,26.52,0.068,233.4
"2019-10-11 14:21:00",839,45.36,30.83,279.9,7.414,2075,242.9,7.421,1803,3629,26.75,0.204,233.2
"2019-10-11 14:22:00",823,45.25,30.83,282.7,7.253,2050,243.6,7.305,1779,3573,26.64,0.057,233
"2019-10-11 14:23:00",806,45.98,30.83,281.6,7.098,1999,245.1,7.085,1737,3493,26.61,0.136,233.5
"2019-10-11 14:24:00",794.1,46.32,30.83,280.7,7.026,1972,244.5,6.998,1711,3439,26.69,0.091,233.5
"2019-10-11 14:25:00",786.3,46.02,30.83,279.6,6.971,1949,245,6.893,1689,3388,26.76,0.182,233.2
"2019-10-11 14:26:00",777.6,46.01,30.83,280,6.883,1927,244.1,6.856,1673,3364,26.9,0.227,233.5
"2019-10-11 14:27:00",769,46.76,30.83,283.6,6.722,1906,245.2,6.786,1664,3338,26.62,0.114,233.9
"2019-10-11 14:28:00",766.8,47.02,30.83,281.6,6.782,1910,244.3,6.783,1657,3326,26.71,0.159,233.6
"2019-10-11 14:29:00",763.7,46.89,30.83,281.6,6.763,1904,243.9,6.771,1652,3320,26.65,0.17,233.5
"2019-10-11 14:30:00",757.6,46.19,30.83,280.2,6.752,1892,243.4,6.74,1640,3297,26.78,0.204,233.7
"2019-10-11 14:31:00",754.7,45.79,30.83,282,6.706,1891,244.3,6.707,1638,3296,26.6,0.17,233.6
"2019-10-11 14:32:00",749.5,45.23,30.83,281.7,6.684,1883,244.1,6.695,1634,3288,26.97,0.148,232.8
"2019-10-11 14:33:00",744.4,45.55,30.83,282.5,6.634,1874,244.5,6.657,1628,3269,27.22,0.136,231.3
"2019-10-11 14:34:00",741,45.19,30.83,283.5,6.61,1874,246.1,6.631,1632,3263,26.95,0.125,231.8
"2019-10-11 14:35:00",738.2,44.27,30.83,284.6,6.592,1876,245.4,6.637,1629,3263,26.98,0.114,231.9
"2019-10-11 14:36:00",732.7,44.87,30.83,283.3,6.588,1866,245,6.605,1618,3254,26.97,0.148,232.7
"2019-10-11 14:37:00",728.7,44.11,30.83,282.8,6.555,1853,246,6.539,1608,3243,26.83,0.25,233.5
"2019-10-11 14:38:00",729,44.13,30.83,282.7,6.572,1858,244.5,6.568,1605,3244,26.89,0.284,234.2
"2019-10-11 14:39:00",727,45.18,30.83,284.5,6.558,1865,245.6,6.591,1619,3243,26.9,0.068,232.5
"2019-10-11 14:40:00",721.9,44.69,30.83,284.9,6.497,1851,245.5,6.554,1609,3218,27.03,0.034,233.1
"2019-10-11 14:41:00",717.9,45.54,30.83,281.3,6.539,1839,243.8,6.519,1589,3199,26.96,0.307,233.9
"2019-10-11 14:42:00",716.6,44.86,30.83,283.6,6.498,1842,244.9,6.515,1595,3204,26.95,0.182,233.9
"2019-10-11 14:43:00",712.3,45.46,30.83,283.1,6.468,1831,244.7,6.468,1583,3197,26.98,0.204,234.1
"2019-10-11 14:44:00",709.1,45.23,30.83,281.8,6.433,1813,245.2,6.438,1578,3189,27.13,0.363,233.7
"2019-10-11 14:45:00",701.7,45.59,30.83,281.8,6.394,1802,244.5,6.392,1563,3160,27.16,0.409,233.3
"2019-10-11 14:46:00",698.3,44.67,30.83,283.6,6.362,1804,245.3,6.385,1566,3146,32.42,0.159,233.3
"2019-10-11 14:47:00",693.7,44.89,30.83,284,6.34,1800,245.4,6.356,1559,3118,162.9,0.057,232
"2019-10-11 14:48:00",688.6,44.69,30.83,283.3,6.319,1790,244.8,6.335,1551,3097,150.2,0.136,232
"2019-10-11 14:49:00",684.2,44.84,30.83,284.1,6.262,1779,247.1,6.255,1545,3095,147.3,0.125,231.9
"2019-10-11 14:50:00",681,44.36,30.83,284.6,6.246,1777,246.4,6.263,1543,3087,145,0.079,232
"2019-10-11 14:51:00",678,43.88,30.83,283.3,6.232,1765,246.5,6.221,1533,3075,144.4,0.273,232.4
"2019-10-11 14:52:00",671.4,43.48,30.83,284.4,6.181,1758,246.8,6.178,1524,3055,144,0.136,231.7
"2019-10-11 14:53:00",667.9,42.94,30.83,286.4,6.095,1745,249.4,6.122,1527,3044,142.3,0.182,232.2
"2019-10-11 14:54:00",665.2,43.23,30.83,285.3,6.153,1755,248.6,6.112,1519,3048,141.7,0.136,232.1
"2019-10-11 14:55:00",662.1,43.48,30.83,285.3,6.134,1750,247.5,6.12,1514,3043,141.4,0.114,231.9
"2019-10-11 14:56:00",658.2,43.33,30.83,284.7,6.108,1739,247.3,6.078,1503,3030,140.4,0.238,232.1
"2019-10-11 14:57:00",652.4,43.64,30.83,285.5,6.026,1720,249,6.006,1495,3001,141.8,0.238,231.3
"2019-10-11 14:58:00",650.2,43.26,30.83,285.7,6.016,1718,248.1,6.018,1493,2990,140.5,0.148,230.9
"2019-10-11 14:59:00",646.1,42.81,30.83,285.6,6.04,1725,248.2,6.019,1494,2976,138.9,0.045,229.4
"2019-10-11 15:00:00",642.4,42.41,30.83,285.9,6,1715,248,5.988,1485,2960,138.9,0.08,230.9
"2019-10-11 15:01:00",636.7,42.92,30.83,286,5.923,1694,250.4,5.895,1476,2948,139.3,0.182,231.5
"2019-10-11 15:02:00",633.4,43.8,30.83,285.3,5.935,1693,247.2,5.926,1465,2935,139.3,0.102,230.8
"2019-10-11 15:03:00",628.1,44.2,30.83,285.7,5.872,1678,248.5,5.855,1455,2903,139.1,0.114,230
"2019-10-11 15:04:00",624.6,44.48,30.83,286,5.819,1664,248.7,5.812,1445,2889,138.4,0.17,230.2
"2019-10-11 15:05:00",621.3,44.01,30.83,285.5,5.792,1653,246.9,5.811,1435,2878,139.4,0.182,231.6
"2019-10-11 15:06:00",616.5,43.68,30.83,285.5,5.8,1656,246.4,5.803,1430,2850,139.2,0.045,231.2
"2019-10-11 15:07:00",613.4,43.34,30.83,284.2,5.776,1642,246.6,5.759,1420,2847,138.2,0.136,231.3
"2019-10-11 15:08:00",609.7,43.45,30.83,284,5.73,1627,248.3,5.688,1412,2837,138.2,0.204,231.7
"2019-10-11 15:09:00",605.5,43.61,30.83,284.7,5.686,1619,246.8,5.677,1401,2808,137.6,0.261,231.7
"2019-10-11 15:10:00",602.6,44.07,30.83,287,5.666,1626,246.8,5.712,1410,2796,138.5,0.045,231.2
"2019-10-11 15:11:00",597.1,44.48,30.83,284.1,5.63,1599,247.7,5.601,1388,2787,139,0.216,232.5
"2019-10-11 15:12:00",590.9,44.53,30.83,284.1,5.592,1589,246.7,5.564,1373,2753,139,0.363,233
"2019-10-11 15:13:00",585.5,44.16,30.83,284.3,5.545,1577,248.3,5.501,1366,2736,29.1,0.284,233.3
"2019-10-11 15:14:00",581.1,44.06,30.83,285.1,5.5,1568,247.7,5.482,1358,2707,27.29,0.261,232.5
"2019-10-11 15:15:00",577.6,44.04,30.83,285.8,5.471,1563,247.8,5.46,1353,2712,27.39,0.125,232.1
"2019-10-11 15:16:00",572.9,43.52,30.83,286.3,5.441,1558,247.9,5.44,1349,2694,27.5,0.125,232.8
"2019-10-11 15:17:00",572.1,42.69,30.83,287.1,5.427,1558,247.6,5.453,1350,2695,27.55,0.102,232.3
"2019-10-11 15:18:00",566.7,42.65,30.83,285.9,5.417,1549,249.1,5.388,1342,2676,27.33,0.159,232.6
"2019-10-11 15:19:00",564.6,42.37,30.83,285.5,5.424,1548,247.7,5.395,1336,2675,27.46,0.136,230.9
"2019-10-11 15:20:00",561.7,42.88,30.83,285.7,5.386,1539,249.4,5.349,1334,2665,27.37,0.136,231.9
"2019-10-11 15:21:00",560,42.73,30.83,286.3,5.368,1537,248.2,5.353,1328,2658,27.36,0.136,232.6
"2019-10-11 15:22:00",557.9,42.34,30.83,286,5.339,1527,247.9,5.336,1323,2646,27.5,0.216,231.8
"2019-10-11 15:23:00",554.7,42.86,30.83,287.2,5.316,1527,248.4,5.317,1321,2631,27.52,0.091,232
"2019-10-11 15:24:00",550.4,43.12,30.83,287.8,5.273,1517,248.8,5.291,1316,2611,27.37,0.091,232.1
"2019-10-11 15:25:00",546.3,43.6,30.83,287,5.241,1504,248.6,5.229,1300,2597,27.38,0.136,231.4
"2019-10-11 15:26:00",542.5,43.15,30.83,288.2,5.18,1493,250.3,5.188,1299,2588,27.47,0.148,232.2
"2019-10-11 15:27:00",538.4,43.1,30.83,288.9,5.153,1489,249.7,5.173,1292,2566,27.17,0.08,232.7
"2019-10-11 15:28:00",533.8,43.16,30.83,287.3,5.128,1473,250.1,5.105,1277,2543,27.37,0.204,232.5
"2019-10-11 15:29:00",529.3,42.6,30.83,287.6,5.084,1462,250.8,5.057,1268,2535,27.62,0.17,232.3
"2019-10-11 15:30:00",527.4,42.26,30.83,287.6,5.088,1463,250.1,5.067,1267,2544,27.13,0.148,234.6
"2019-10-11 15:31:00",523.4,42.43,30.83,288.8,5.031,1453,250.7,5.026,1260,2521,27.07,0.159,235.2
"2019-10-11 15:32:00",520.9,41.57,30.83,288.8,5.028,1452,250.6,5.016,1257,2496,27.16,0.159,234.6
"2019-10-11 15:33:00",517.4,41.12,30.83,288.4,4.999,1442,250.9,4.984,1251,2495,27.12,0.216,235.3
"2019-10-11 15:34:00",514.7,41.58,30.83,290.1,4.969,1441,251.4,4.968,1249,2495,27.12,0.102,235.2
"2019-10-11 15:35:00",511.3,41.2,30.83,290.2,4.931,1431,251.7,4.928,1240,2460,27.19,0.17,234.8
"2019-10-11 15:36:00",509.8,40.91,30.83,290.8,4.913,1429,253.1,4.896,1239,2449,27.16,0.182,234.4
"2019-10-11 15:37:00",508.2,41.34,30.83,290.3,4.902,1423,252.8,4.894,1237,2444,27.05,0.182,234.9
"2019-10-11 15:38:00",510.3,41.16,30.83,289.9,4.95,1435,252.4,4.927,1243,2475,27.03,0.114,235
"2019-10-11 15:39:00",516.6,41.15,30.83,289.3,5.003,1447,251.4,4.978,1251,2502,26.97,0.227,235.4
"2019-10-11 15:40:00",528.1,41.49,30.83,290.5,5.093,1479,250.2,5.117,1280,2556,27.12,0.125,235.1
"2019-10-11 15:41:00",546.7,42.29,30.83,290.4,5.282,1533,249.4,5.324,1328,2645,27.06,0.057,236
"2019-10-11 15:42:00",562.8,42.21,30.83,290.3,5.452,1583,250.7,5.467,1370,2739,26.93,0.148,236.5
"2019-10-11 15:43:00",526.3,41.9,30.83,287.2,5.152,1480,249.5,5.13,1279,2560,26.98,0.102,236.7
"2019-10-11 15:44:00",501.9,42.11,30.83,277.3,5.026,1394,236.6,5.043,1194,2385,180.4,0.216,236
"2019-10-11 15:45:00",390.9,41.57,30.83,286.3,3.727,1067,237.4,3.837,912,1797,152.3,0.159,233.9
"2019-10-11 15:46:00",374.3,41,30.83,271.8,3.612,978,234,3.622,842,1648,149.3,0.261,233.3
"2019-10-11 15:47:00",281,40.15,30.39,276.7,2.614,718.1,231.1,2.65,604,1156,146.8,0.307,231.4
"2019-10-11 15:48:00",251.9,39.17,30.01,275.4,2.278,626.2,254.7,2.163,550.4,1003,144.4,0.216,231.2
"2019-10-11 15:49:00",415.1,38.89,29.76,293,3.864,1142,242.5,4.057,980,1912,145,0.284,234.1
"2019-10-11 15:50:00",451.3,39.29,29.76,294.3,4.329,1273,248.6,4.407,1093,2165,145.2,0.045,234.6
"2019-10-11 15:51:00",475,39.46,29.76,292.8,4.634,1357,254.3,4.619,1175,2342,144.2,0.307,236.1
"2019-10-11 15:52:00",459.9,39.52,29.76,292.1,4.498,1314,253,4.486,1135,2255,143.4,0.102,235.4
"2019-10-11 15:53:00",453.5,39.74,29.85,294,4.389,1290,255.1,4.402,1123,2218,143.5,0.17,234.5
"2019-10-11 15:54:00",452.4,39.44,29.85,294.3,4.386,1291,255.5,4.385,1120,2205,142.9,0.102,234.1
"2019-10-11 15:55:00",459.5,39.7,29.78,294.1,4.448,1308,255,4.455,1136,2240,141.5,0.182,232.9
"2019-10-11 15:56:00",470,39.89,29.94,293.7,4.546,1335,255.9,4.541,1162,2303,141.5,0.216,234.7
"2019-10-11 15:57:00",471.8,39.42,30,291.5,4.602,1342,254.4,4.563,1161,2309,140.4,0.239,235.3
"2019-10-11 15:58:00",463.2,39.71,29.8,294.1,4.508,1326,254.9,4.509,1149,2267,140.5,0.045,234.1
"2019-10-11 15:59:00",430.2,39.52,29.84,291.2,4.172,1215,256.5,4.124,1058,2086,140.6,0.239,233
"2019-10-11 16:00:00",420,39.41,29.8,294,4.037,1186,251.9,4.107,1034,2031,140.8,0.193,233.5
"2019-10-11 16:01:00",431.3,39.31,29.9,292.6,4.18,1223,255.4,4.163,1063,2092,140.8,0.091,233.2
"2019-10-11 16:02:00",427.5,39.72,30.4,293.6,4.167,1224,255.2,4.163,1062,2096,140.4,0.159,233.5
"2019-10-11 16:03:00",419.9,40.17,30.7,293.1,4.082,1196,254.6,4.083,1039,2050,140.8,0.295,233.3
"2019-10-11 16:04:00",414,39.52,30.64,292.9,4.041,1183,254.3,4.032,1025,2013,139.6,0.148,233.1
"2019-10-11 16:05:00",411.2,39.61,30.07,292.8,3.997,1170,255.4,3.982,1017,1995,139.6,0.284,233.2
"2019-10-11 16:06:00",409.4,39.9,29.76,294.4,3.97,1169,254.7,3.988,1016,1991,139.2,0.114,231.7
"2019-10-11 16:07:00",382.9,39.67,29.76,298.1,3.624,1080,252.6,3.72,939,1837,138.6,0.159,231.8
"2019-10-11 16:08:00",287.1,39.65,29.76,304.1,2.386,725.3,258.3,2.546,658.1,1216,138.6,0.136,231.1
"2019-10-11 16:09:00",394.4,39,29.76,280.4,3.879,1087,251.4,3.836,965,1853,139.3,0.102,233.1
"2019-10-11 16:10:00",389.7,38.98,29.78,295.1,3.764,1111,255.7,3.769,964,1887,43.9,0.216,233.9
"2019-10-11 16:11:00",383.8,39.16,29.76,294.4,3.7,1089,256.3,3.695,947,1845,27.33,0.216,233.9
"2019-10-11 16:12:00",379.1,38.99,29.76,294.1,3.654,1074,255.9,3.642,932,1833,27.52,0.284,233.5
"2019-10-11 16:13:00",375.2,39.24,29.76,295.1,3.62,1068,255.7,3.627,927,1806,27.37,0.102,233.6
"2019-10-11 16:14:00",370.3,39.11,29.76,294.4,3.57,1051,256.6,3.554,912,1779,27.28,0.216,234.2
"2019-10-11 16:15:00",363.8,39.23,29.9,295.2,3.498,1032,255.1,3.517,897,1739,27.22,0.148,233.9
"2019-10-11 16:16:00",358.2,39.07,30.13,294.9,3.438,1014,256,3.448,883,1717,27.26,0.136,234
"2019-10-11 16:17:00",354.1,38.11,29.84,297.5,3.384,1007,255.5,3.424,875,1690,27.59,0,232.3
"2019-10-11 16:18:00",352.1,37.84,29.76,296.4,3.357,995,257.4,3.373,868,1688,27.62,0.261,233.5
"2019-10-11 16:19:00",350.6,37.8,29.76,297.2,3.342,993,257.7,3.36,866,1686,27.57,0.193,233
"2019-10-11 16:20:00",347.3,38.29,29.76,295.6,3.333,985,257.2,3.328,856,1664,27.57,0.17,231.6
"2019-10-11 16:21:00",345.2,37.91,29.79,296.7,3.3,979,257.3,3.308,851,1653,27.48,0.159,231.6
"2019-10-11 16:22:00",344.5,37.6,29.76,297.1,3.278,974,258,3.295,850,1642,27.37,0.25,232.2
"2019-10-11 16:23:00",344.6,37.61,29.76,298.3,3.269,975,258.9,3.287,851,1651,27.53,0.329,232.3
"2019-10-11 16:24:00",350.2,37.25,29.76,298.2,3.35,999,258.2,3.365,869,1688,27.45,0.08,231.7
"2019-10-11 16:25:00",346.1,37.47,29.76,298.9,3.288,983,257.5,3.322,855,1653,27.36,0.227,233
"2019-10-11 16:26:00",292.2,37.27,29.76,298.1,2.691,803,259.4,2.703,700.5,1337,27.41,0.17,232
"2019-10-11 16:27:00",339.6,37.23,29.76,302.2,3.177,960,262.5,3.183,835,1616,113.8,0.148,233.3
"2019-10-11 16:28:00",334.6,37.26,29.76,293.4,3.194,937,255.5,3.205,818,1578,136,0.091,233.2
"2019-10-11 16:29:00",345.3,37.25,29.76,291.4,3.301,961,255.7,3.303,845,1621,144.1,0.08,233.1
"2019-10-11 16:30:00",267.9,37.48,29.76,276.9,2.54,701.5,261.3,2.343,610.9,1150,149.1,0.352,232.1
"2019-10-11 16:31:00",294.4,37.42,29.76,295.9,2.7,802,233.9,2.844,660.1,1274,148.3,0.17,231.5
"2019-10-11 16:32:00",259.3,37.02,29.76,294.2,2.382,698,257.2,2.372,610.5,1155,146.9,0.216,229.1
"2019-10-11 16:33:00",169.8,36.39,29.76,290.8,1.452,422.2,251.9,1.484,373.9,639.8,146.2,0.091,227.1
"2019-10-11 16:34:00",180.5,35.9,29.76,304.9,1.399,426.9,235.8,1.621,380.6,647.4,146.6,0.125,228.1
"2019-10-11 16:35:00",256.8,35.74,29.76,307,2.21,676.3,265.5,2.225,590.1,1099,147.3,0.273,230.7
"2019-10-11 16:36:00",330.4,35.63,29.76,301.5,3.115,939,255.2,3.176,810,1558,147,0.114,230.1
"2019-10-11 16:37:00",310.8,36.06,29.76,303.2,2.859,866,258.1,2.951,761.8,1451,146.9,0.136,229.8
"2019-10-11 16:38:00",289.7,36.05,29.76,303.9,2.627,798.3,264.7,2.625,696.3,1327,147.4,0.261,232
"2019-10-11 16:39:00",186.5,35.48,29.76,294.4,1.617,476,250.6,1.666,417.1,735.5,146.9,0.125,228.6
"2019-10-11 16:40:00",224.6,35.44,29.76,262.3,2.082,541.6,265.3,1.902,505.2,873,147.4,0.136,230.4
"2019-10-11 16:41:00",248.9,35.61,29.76,272.8,2.35,639.9,263.4,2.211,584.3,1057,282.4,0.079,231.7
"2019-10-11 16:42:00",221.2,35.3,29.76,302.5,1.907,576.2,261.5,1.976,516.1,923,266.9,0.318,230.8
"2019-10-11 16:43:00",193.9,34.74,29.76,299,1.685,503,251.3,1.782,446.6,790.8,263.4,0.182,230.2
"2019-10-11 16:44:00",150.5,34.78,29.76,293.8,1.278,375.7,253,1.323,334.7,552.7,261.6,0.182,229.8
"2019-10-11 16:45:00",133.8,34.65,29.76,289.4,1.117,323.2,252.4,1.147,289.5,456,259.8,0.148,229.8
"2019-10-11 16:46:00",130.7,34.03,29.76,292.6,1.064,311.2,252.8,1.11,280.6,428.3,259.1,0.148,229.9
"2019-10-11 16:47:00",135.2,33.77,29.76,292.9,1.104,323.3,252.2,1.153,290.8,456.2,257.8,0.136,229.2
"2019-10-11 16:48:00",138.9,33.55,29.76,291.3,1.151,335.3,253.7,1.184,300.4,478.2,257.2,0.057,228.7
"2019-10-11 16:49:00",134.8,33.48,29.76,293.4,1.115,327.1,253.2,1.161,294,469.7,257.9,0.204,229.3
"2019-10-11 16:50:00",126,33.04,29.76,292.2,1.055,308.2,254.2,1.09,277.1,427.7,258,0.363,229.8
"2019-10-11 16:51:00",123.3,33.17,29.76,292.9,1.029,301.4,255.5,1.062,271.3,425.5,257,0.182,228.6
"2019-10-11 16:52:00",127.2,33.03,29.76,294.2,1.055,310.5,254.8,1.099,280,427.4,256.9,0.114,228.7
"2019-10-11 16:53:00",132.1,32.56,29.76,294.4,1.101,324.3,255.2,1.144,292,459.6,255.6,0.284,228.7
"2019-10-11 16:54:00",133.9,32.59,29.76,294.3,1.126,331.4,255.2,1.166,297.5,476,255.4,0.148,228.8
"2019-10-11 16:55:00",130.6,32.63,29.76,293.7,1.102,323.6,256,1.136,290.7,458,255.2,0.148,229.1
"2019-10-11 16:56:00",126.5,32.5,29.76,295.9,1.064,315,256.3,1.108,283.9,426.4,256.7,0.125,228.9
"2019-10-11 16:57:00",125.9,32.39,29.76,295.7,1.07,316.3,256.7,1.11,285,434.6,256.8,0.114,229.3
"2019-10-11 16:58:00",127.9,32.35,29.76,296.5,1.086,322.1,256.3,1.135,290.8,456.7,256.3,0.159,229.1
"2019-10-11 16:59:00",134.5,32.38,29.76,294.7,1.163,342.5,255.3,1.206,308,486.2,224.9,0.136,227.7
"2019-10-11 17:00:00",142.7,32.26,29.76,294.2,1.252,368.2,256.9,1.282,329.3,538.7,137.9,0.193,229.1
"2019-10-11 17:01:00",147.2,32.29,29.76,294,1.301,382.4,255.7,1.335,341.3,577.4,137.7,0.148,229.2
"2019-10-11 17:02:00",146.4,32.36,29.76,294.8,1.292,380.9,255.2,1.33,339.5,576.1,137.6,0.204,229.1
"2019-10-11 17:03:00",141.7,32.51,29.76,294.5,1.25,368,256.6,1.282,328.8,530.7,138.2,0.114,229.4
"2019-10-11 17:04:00",137.2,32.32,29.76,296.3,1.198,354.8,256.8,1.235,317.2,510.7,138,0.25,230.1
"2019-10-11 17:05:00",128.3,32.01,29.76,294.5,1.117,329,258.2,1.142,294.7,464.4,137.1,0.091,230.2
"2019-10-11 17:06:00",121.7,32.01,29.76,295.1,1.052,310.3,255.8,1.09,278.9,441.5,58.98,0.102,227.6
"2019-10-11 17:07:00",118,31.85,29.76,292.8,1.023,299.5,257,1.049,269.6,421.9,27.8,0.227,226.8
"2019-10-11 17:08:00",115.8,31.69,29.76,292,1.004,293.2,254.5,1.036,263.6,403.4,27.68,0.045,226.4
"2019-10-11 17:09:00",112.7,31.52,29.75,291.9,0.974,284.3,255.2,1.004,256.3,389.2,27.67,0.136,228.4
"2019-10-11 17:10:00",108.8,31.41,29.76,289.2,0.945,273.4,255,0.97,247.4,363.6,27.84,0.352,227.6
"2019-10-11 17:11:00",104.7,31.21,29.76,288,0.915,263.4,251.3,0.947,237.9,333.5,27.75,0.057,226.8
"2019-10-11 17:12:00",100.8,31.36,29.76,285.9,0.885,252.9,249.1,0.919,229,321.2,27.84,0.17,227.1
"2019-10-11 17:13:00",96.8,31.38,29.75,288.4,0.844,243.5,252,0.878,221.2,317.2,27.79,0.17,227.1
"2019-10-11 17:14:00",93,31.31,29.76,288.5,0.814,234.7,250.6,0.849,212.7,290.5,27.86,0.193,227.4
"2019-10-11 17:15:00",89.5,31.38,29.76,284.6,0.793,225.6,248.7,0.824,204.9,275.1,27.82,0.148,227.3
"2019-10-11 17:16:00",86,31.16,29.73,287.4,0.749,215.1,250.1,0.783,195.9,248.8,27.92,0.239,224.3
"2019-10-11 17:17:00",82.4,31.1,29.76,288.5,0.71,204.9,250.1,0.747,186.8,222.8,27.77,0.057,224.2
"2019-10-11 17:18:00",79.42,31.04,29.67,284.4,0.683,194.2,249.1,0.715,178.1,221.9,27.91,0.148,225.6
"2019-10-11 17:19:00",76.72,30.75,29.47,289.3,0.641,185.6,251.1,0.679,170.6,203.9,27.77,0.102,226.3
"2019-10-11 17:20:00",74.16,30.75,29.43,284.3,0.626,177.8,248.8,0.659,164,174.1,27.96,0.091,226.3
"2019-10-11 17:21:00",70.83,30.53,28.95,284,0.592,168.1,247.7,0.627,155.4,172.2,28.01,0,224.8
"2019-10-11 17:22:00",68.81,30.47,28.78,288.7,0.558,161,251.8,0.594,149.5,170.2,27.75,0.091,225.1
"2019-10-11 17:23:00",68.57,30.59,28.82,288.1,0.553,159.4,252.2,0.587,147.9,169.3,27.64,0.125,226.2
"2019-10-11 17:24:00",67.75,30.49,28.76,289.1,0.542,156.8,250.3,0.584,146.2,163,27.72,0.148,225.6
"2019-10-11 17:25:00",67.38,30.48,28.74,288.7,0.542,156.4,249,0.586,145.9,159.4,27.89,0.17,223.5
"2019-10-11 17:26:00",67.94,30.4,28.76,291.1,0.546,159,251.7,0.589,148.3,162.6,27.74,0.239,225.7
"2019-10-11 17:27:00",67.33,30.33,28.76,287.7,0.556,159.9,252.4,0.589,148.7,162.6,27.64,0.341,227.1
"2019-10-11 17:28:00",65.99,30.33,28.76,288.8,0.548,158.4,250.5,0.59,147.7,171.6,27.6,0.159,226.9
"2019-10-11 17:29:00",66.88,30.35,28.72,291,0.556,161.9,253.1,0.596,150.8,168.8,27.67,0.136,226.6
"2019-10-11 17:30:00",68.8,30.25,28.77,289.7,0.584,169.1,250,0.626,156.5,173.2,27.49,0.182,227.4
"2019-10-11 17:31:00",69.71,29.96,28.7,288.6,0.598,172.7,250,0.64,159.9,173.8,27.31,0.102,228.4
"2019-10-11 17:32:00",70.11,29.96,28.7,292,0.598,174.6,250.9,0.645,161.9,173.7,27.34,0.216,228.8
"2019-10-11 17:33:00",69.24,30.01,28.7,288.9,0.603,174.1,247.7,0.651,161.2,176.7,27.53,0.204,228.6
"2019-10-11 17:34:00",67.82,29.99,28.7,286.9,0.599,171.9,249.1,0.638,158.9,180.2,27.55,0.091,228
"2019-10-11 17:35:00",67.3,30.01,28.7,291.1,0.588,171.2,253.7,0.624,158.2,175.8,27.53,0.08,227.8
"2019-10-11 17:36:00",66.62,29.9,28.7,288.9,0.59,170.5,252.1,0.626,157.9,175.1,136.1,0.193,227.7
"2019-10-11 17:37:00",64.63,29.88,28.7,284.2,0.586,166.5,252,0.613,154.4,167,150.9,0.204,227.7
"2019-10-11 17:38:00",62.05,29.88,28.7,287.9,0.558,160.7,250.1,0.598,149.5,161.2,146.6,0.193,227.6
"2019-10-11 17:39:00",61.34,29.9,28.7,291.3,0.546,159.2,253.5,0.584,148.1,153.1,143.8,0.091,225.8
"2019-10-11 17:40:00",61.78,29.71,28.7,291.3,0.561,163.5,253.3,0.6,151.8,166.8,142.5,0,226.3
"2019-10-11 17:41:00",61.21,29.87,28.7,289.2,0.566,163.8,248.8,0.612,152.1,168.7,142.7,0.318,228.2
"2019-10-11 17:42:00",57.49,29.98,28.7,288,0.535,154,246.3,0.582,143.4,149.3,141.7,0.284,228.4
"2019-10-11 17:43:00",51.93,30.01,28.7,288.7,0.482,139.3,248.1,0.526,130.6,115.4,140.1,0.114,227.7
"2019-10-11 17:44:00",47.22,29.88,28.7,282.1,0.453,127.7,245,0.494,120.9,87.7,140.1,0.08,227.5
"2019-10-11 17:45:00",44.5,29.87,28.7,281.1,0.427,120,245.1,0.466,114.3,78.4,140,0.193,227.7
"2019-10-11 17:46:00",43.1,29.95,28.7,283.7,0.408,115.6,244.4,0.453,110.7,71.24,139.4,0.068,226.8
"2019-10-11 17:47:00",41.73,29.9,28.7,283.9,0.393,111.7,242.8,0.441,107,56.94,137.9,0.136,227.2
"2019-10-11 17:48:00",39.47,29.85,28.7,286.2,0.366,104.6,238.5,0.422,100.6,63.88,138.7,0.125,227.3
"2019-10-11 17:49:00",37.06,29.85,28.7,285.5,0.34,97.2,241.7,0.393,94.9,26.55,137.4,0.182,226.1
"2019-10-11 17:50:00",35.47,29.8,28.7,281.4,0.331,93.1,245.3,0.371,91,21.25,136.8,0.193,226
"2019-10-11 17:51:00",34.08,29.71,28.7,285.3,0.312,88.9,243.8,0.36,87.9,15.17,136.2,0.182,225.4
"2019-10-11 17:52:00",32.48,29.61,28.7,284.3,0.304,86.3,244.6,0.35,85.6,11.43,136.7,0.091,225.7
"2019-10-11 17:53:00",30.95,29.53,28.7,282.1,0.296,83.6,245.3,0.338,82.9,12.21,136.3,0.068,224.9
"2019-10-11 17:54:00",28.76,29.55,28.7,287.7,0.269,77.37,245.4,0.318,78.13,-7.116,135.9,0.136,225.2
"2019-10-11 17:55:00",26.02,29.51,28.7,282.2,0.249,70.38,240.8,0.295,71.14,-20.44,135.5,0,224.2
"2019-10-11 17:56:00",22.91,29.57,28.7,285.8,0.209,59.83,247.1,0.255,63.11,-30.8,135.5,0.159,224.8
"2019-10-11 17:57:00",20.93,29.5,28.7,286.3,0.193,55.22,244.9,0.242,59.25,-31.95,135.7,0.216,225.5
"2019-10-11 17:58:00",19.36,29.54,28.7,285.4,0.175,49.8,240.9,0.228,54.79,-46.75,136.3,0.239,226
"2019-10-11 17:59:00",18.08,29.44,28.7,286,0.157,44.88,234.1,0.217,50.87,-70.1,135.4,0.114,225.4
"2019-10-11 18:00:00",16.76,29.33,28.7,277.3,0.154,42.81,223.3,0.211,47.19,-72.57,70.47,0.204,226.1
"2019-10-11 18:01:00",15.21,29.31,28.7,271.3,0.144,39.06,218.5,0.197,43.11,-78.86,27.16,0.114,227
"2019-10-11 18:02:00",13.62,29.22,28.7,259,0.134,34.72,204.2,0.185,37.89,-78.2,27.08,0.148,227.8
"2019-10-11 18:03:00",12.2,29.11,28.7,257.4,0.121,31.1,196.2,0.172,33.68,-78.53,27.05,0.216,227.8
"2019-10-11 18:04:00",11.26,29.05,28.7,249.8,0.112,27.89,193.4,0.161,31.25,-78.07,27.03,0.17,227.9
"2019-10-11 18:05:00",10.37,29.03,28.7,247.3,0.105,25.9,188.5,0.155,29.16,-77.62,27.09,0.148,228.4
"2019-10-11 18:06:00",9.6,29.05,28.7,242.2,0.099,24.06,191.5,0.147,28.1,-78.03,27.04,0.125,228.5
"2019-10-11 18:07:00",8.83,28.98,28.7,243,0.093,22.49,184,0.141,25.98,-77.25,26.95,0.08,228
"2019-10-11 18:08:00",8.18,28.94,28.7,236.2,0.087,20.63,181.3,0.135,24.48,-77.87,27.07,0.08,228.1
"2019-10-11 18:09:00",7.488,28.89,28.7,216.1,0.083,17.91,185.7,0.129,23.99,-77.13,26.8,0.182,229
"2019-10-11 18:10:00",6.79,28.86,28.7,204.8,0.079,16.07,190.8,0.124,23.63,-76.68,26.58,0.307,229.7
"2019-10-11 18:11:00",6.092,28.78,28.7,201.1,0.073,14.74,187.1,0.117,21.96,-76.43,26.54,0.204,229.8
"2019-10-11 18:12:00",5.256,28.73,28.7,201.3,0.069,13.82,187.4,0.112,20.97,-77.17,26.56,0.102,228.7
"2019-10-11 18:13:00",4.55,28.78,28.7,201.3,0.062,12.55,194.5,0.104,20.13,-77.13,26.8,0.148,228.7
"2019-10-11 18:14:00",3.923,28.81,28.7,193.2,0.056,10.76,189.3,0.099,18.69,-79.8,26.68,0.148,229.2
"2019-10-11 18:15:00",3.428,28.78,28.7,190.6,0.049,9.4,192.8,0.092,17.8,-78.12,26.41,0.204,230
"2019-10-11 18:16:00",2.925,28.76,28.7,174.4,0.048,8.42,195.6,0.089,17.47,-77.25,26.83,0.102,228.9
"2019-10-11 18:17:00",2.859,28.68,28.7,171.1,0.047,7.998,194.3,0.089,17.31,-78.2,53.56,0.034,227.7
"2019-10-11 18:18:00",2.975,28.68,28.7,161.1,0.045,7.287,184.1,0.089,16.37,-79.92,59.08,0.295,227.9
"2019-10-11 18:19:00",2.597,28.64,28.7,169.9,0.045,7.573,193.7,0.085,16.43,-80.2,58.76,0.295,227.2
"2019-10-11 18:20:00",2.406,28.64,28.7,179.4,0.042,7.518,191.5,0.082,15.79,-81.1,58.79,0.284,226.4
"2019-10-11 18:21:00",2.298,28.6,28.7,188.2,0.039,7.286,182.6,0.083,15.16,-81.1,58.79,0.148,225.1
"2019-10-11 18:22:00",2.036,28.54,28.7,199.7,0.036,7.203,182.5,0.08,14.69,-81.8,58.72,0.182,224.9
"2019-10-11 18:23:00",1.729,28.51,28.7,202,0.035,6.978,188.3,0.08,15,-82.4,58.5,0.273,224.8
"2019-10-11 18:24:00",1.55,28.43,28.7,198.3,0.032,6.407,174.3,0.078,13.68,-81.2,58.46,0.182,224.8
"2019-10-11 18:25:00",1.404,28.4,28.7,198.4,0.032,6.273,168.5,0.078,13.07,-80.4,58.2,0.045,224.4
"2019-10-11 18:26:00",1.006,28.43,28.7,195.9,0.03,5.851,173.5,0.076,13.17,-82.7,58.15,0.261,224.7
"2019-10-11 18:27:00",0.939,28.4,28.7,209.2,0.028,5.844,182.5,0.073,13.29,-86.5,58.06,0.295,224.3
"2019-10-11 18:28:00",0.677,28.41,28.7,208.1,0.027,5.535,176,0.073,12.77,-82.9,58.36,0.17,223.4
"2019-10-11 18:29:00",0.686,28.34,28.7,205.9,0.026,5.279,163.8,0.073,11.99,-82.1,58.23,0.17,223.9
"2019-10-11 18:30:00",0.486,28.33,28.7,206.8,0.026,5.311,172.5,0.071,12.24,-83.8,130.6,0.227,222.3
"2019-10-11 18:31:00",0.465,28.26,28.7,208.5,0.025,5.206,180.4,0.069,12.48,-84.2,180.1,0.102,221.3
"2019-10-11 18:32:00",0.328,28.26,28.7,203.3,0.025,5.008,172.4,0.068,11.76,-84.7,174.9,0.136,222.2
"2019-10-11 18:33:00",0.274,28.24,28.7,181.2,0.024,4.343,157,0.068,10.7,-82.6,171.6,0.102,223
"2019-10-11 18:34:00",0.191,28.23,28.7,170.1,0.024,4.065,143,0.068,9.69,-83.5,171.4,0.114,223.8
"2019-10-11 18:35:00",0.399,28.24,28.7,152.6,0.024,3.64,125.6,0.067,8.44,-83,170.8,0.17,223.5
"2019-10-11 18:36:00",0.424,28.15,28.7,133.8,0.024,3.196,91.4,0.067,6.136,-83.5,168.2,0.011,222.7
"2019-10-11 18:37:00",0.212,28.07,28.7,69.77,0.022,1.549,54.09,0.068,3.669,-83.8,168.8,0.023,224.3
"2019-10-11 18:38:00",0.096,28.07,28.7,52.83,0.022,1.143,39.38,0.068,2.683,-85.1,168.7,0.136,223.9
"2019-10-11 18:39:00",0.079,28.13,28.7,52.17,0.023,1.21,38.7,0.067,2.603,-82.9,168.1,0.068,223.4
"2019-10-11 18:40:00",0.112,28.11,28.7,51.43,0.024,1.213,37.94,0.068,2.562,-82.9,167.1,0.011,224.6
"2019-10-11 18:41:00",0.133,28.06,28.7,50.48,0.024,1.226,36.95,0.068,2.519,-82.6,167.1,0.08,224.2
"2019-10-11 18:42:00",0.083,28.08,28.7,49.34,0.025,1.227,33.26,0.068,2.27,-81.9,167.4,0.125,223.8
"2019-10-11 18:43:00",0.229,28.12,28.7,46.8,0.024,1.125,28.07,0.068,1.896,-82.8,166.4,0.034,223.6
"2019-10-11 18:44:00",0.116,28.11,28.7,42.34,0.024,1.03,23.86,0.069,1.654,-82,166.4,0.148,223.6
"2019-10-11 18:45:00",0.145,28.09,28.7,38.78,0.022,0.859,20.56,0.067,1.387,-82.9,165.7,0.057,224.1
"2019-10-11 18:46:00",0.108,28.03,28.7,36.21,0.024,0.859,18.16,0.069,1.252,-82.4,164.8,0.091,224
"2019-10-11 18:47:00",0.133,28.01,28.7,34.54,0.024,0.818,16.56,0.068,1.128,-82.8,165.7,0.091,224.3
"2019-10-11 18:48:00",0.12,28.01,28.7,33.34,0.024,0.791,15.46,0.068,1.05,-81.4,165,0.045,223.6
"2019-10-11 18:49:00",0.017,27.96,28.7,32.79,0.023,0.763,14.93,0.068,1.011,-83.6,165.5,0.023,224.1
"2019-10-11 18:50:00",0.116,27.98,28.7,32.69,0.024,0.781,14.82,0.068,1.009,-82.2,165.5,0.102,224.3
"2019-10-11 18:51:00",0.191,27.98,28.7,32.88,0.024,0.797,15.03,0.068,1.026,-82.8,164.6,0,224.4
"2019-10-11 18:52:00",0.062,27.98,28.7,33.02,0.023,0.775,15.17,0.068,1.032,-82.4,165,0.057,223.5
"2019-10-11 18:53:00",0.012,27.95,28.7,32.94,0.024,0.792,15.05,0.068,1.024,-82.1,168.8,0.08,224.5
"2019-10-11 18:54:00",0.145,27.96,28.7,32.3,0.023,0.753,14.4,0.069,0.988,-81.8,120.6,0.08,224.7
"2019-10-11 18:55:00",0.195,28,28.7,31.41,0.024,0.763,13.58,0.07,0.949,-81.3,60.42,0.023,224.6
"2019-10-11 18:56:00",0.079,27.99,28.7,30.85,0.023,0.712,13.08,0.068,0.891,-81.4,57.55,0.068,225.3
"2019-10-11 18:57:00",0.012,27.99,28.7,7.554,0.005,0.166,3.123,0.017,0.211,-20.32,50.89,0.023,224.9
"2019-10-11 18:58:00",0,27.94,28.7,0,0,0,0,0,0,0,45.47,0.091,227.6
"2019-10-11 18:59:00",0,27.92,28.7,0,0,0,0,0,0,0,45.67,0.25,224.3
"2019-10-11 19:00:00",0,27.92,28.7,0,0,0,0,0,0,0,45.56,0.102,225.2
"2019-10-11 19:01:00",0,27.89,28.7,0,0,0,0,0,0,0,45.59,0.08,224.9
"2019-10-11 19:02:00",0,27.84,28.7,0,0,0,0,0,0,0,45.89,0.011,223.3
"2019-10-11 19:03:00",0,27.82,28.7,0,0,0,0,0,0,0,53.7,0.045,221.1
"2019-10-11 19:04:00",0,27.76,28.7,0,0,0,0,0,0,0,66.36,0.102,221.8
"2019-10-11 19:05:00",0,27.82,28.7,0,0,0,0,0,0,0,70.37,0.068,221
"2019-10-11 19:06:00",0,27.76,28.7,0,0,0,0,0,0,0,71.83,0.023,220.3
"2019-10-11 19:07:00",0,27.81,28.7,0,0,0,0,0,0,0,71.79,0.011,220.2
"2019-10-11 19:08:00",0,27.82,28.7,0,0,0,0,0,0,0,71.56,0.034,220.9
"2019-10-11 19:09:00",0,27.79,28.7,0,0,0,0,0,0,0,71.53,0.057,221
"2019-10-11 19:10:00",0.042,27.77,28.7,5.005,0.004,0.128,2.108,0.011,0.143,-14.11,71.37,0.034,222.1
"2019-10-11 19:11:00",0,27.81,28.7,0,0,0,0,0,0,0,71.39,0.057,222.4
"2019-10-11 19:12:00",0,27.89,28.7,0,0,0,0,0,0,0,71.27,0.102,222.5
"2019-10-11 19:13:00",0,27.87,28.7,0,0,0,0,0,0,0,71.09,0.193,222.5
"2019-10-11 19:14:00",0,27.87,28.7,0,0,0,0,0,0,0,71.07,0.068,222.4
"2019-10-11 19:15:00",0,27.89,28.7,0,0,0,0,0,0,0,66.06,0.034,221.4
"2019-10-11 19:16:00",0,27.88,28.7,0,0,0,0,0,0,0,65.74,0.08,221.5
"2019-10-11 19:17:00",0,27.86,28.7,0,0,0,0,0,0,0,62.96,0.045,222.3
"2019-10-11 19:18:00",0,27.84,28.7,0,0,0,0,0,0,0,178.2,0.023,220.8
"2019-10-11 19:19:00",0,27.79,28.7,0,0,0,0,0,0,0,166.4,0.057,221.2
"2019-10-11 19:20:00",0,27.82,28.7,0,0,0,0,0,0,0,172.5,0.091,222.2
"2019-10-11 19:21:00",0,27.8,28.7,0,0,0,0,0,0,0,176.7,0.091,222.2
"2019-10-11 19:22:00",0,27.82,28.7,0,0,0,0,0,0,0,174.3,0.091,222.1
"2019-10-11 19:23:00",0,27.75,28.7,0,0,0,0,0,0,0,173.8,0.148,222.6
"2019-10-11 19:24:00",0,27.74,28.7,0,0,0,0,0,0,0,244.3,0.023,221
"2019-10-11 19:25:00",0,27.76,28.7,0,0,0,0,0,0,0,296,0.057,221.4
"2019-10-11 19:26:00",0,27.73,28.7,0,0,0,0,0,0,0,288.8,0,221.6
"2019-10-11 19:27:00",0,27.71,28.7,0,0,0,0,0,0,0,286.9,0.182,223
"2019-10-11 19:28:00",0,27.74,28.7,0,0,0,0,0,0,0,285.4,0.057,222.4
"2019-10-11 19:29:00",0,27.8,28.7,0,0,0,0,0,0,0,284.2,0.057,222.1
"2019-10-11 19:30:00",0,27.76,28.7,0,0,0,0,0,0,0,283.1,0.08,221.7
"2019-10-11 19:31:00",0,27.86,28.7,0,0,0,0,0,0,0,282.4,0.091,221.2
"2019-10-11 19:32:00",0,27.91,28.7,0,0,0,0,0,0,0,281.6,0.057,221.2
"2019-10-11 19:33:00",0,27.85,28.7,0,0,0,0,0,0,0,281.2,0.057,220.9
"2019-10-11 19:34:00",0,27.84,28.7,0,0,0,0,0,0,0,280.9,0.034,221.3
"2019-10-11 19:35:00",0,27.86,28.7,0,0,0,0,0,0,0,280.8,0.068,221.5
"2019-10-11 19:36:00",0,27.85,28.7,0,0,0,0,0,0,0,280.4,0.08,221.1
"2019-10-11 19:37:00",0,27.79,28.7,0,0,0,0,0,0,0,280.3,0.034,221.1
"2019-10-11 19:38:00",0,27.77,28.7,0,0,0,0,0,0,0,280.3,0.045,221.2
"2019-10-11 19:39:00",0,27.74,28.7,0,0,0,0,0,0,0,280.9,0.091,221.1
"2019-10-11 19:40:00",0,27.68,28.7,0,0,0,0,0,0,0,280.5,0.034,221.2
"2019-10-11 19:41:00",0,27.61,28.7,0,0,0,0,0,0,0,280.6,0.136,221.7
"2019-10-11 19:42:00",0,27.58,28.7,0,0,0,0,0,0,0,281.1,0.068,221.4
"2019-10-11 19:43:00",0,27.61,28.7,0,0,0,0,0,0,0,281.4,0.034,221.2
"2019-10-11 19:44:00",0,27.62,28.7,0,0,0,0,0,0,0,282,0.023,221.8
"2019-10-11 19:45:00",0,27.56,28.7,0,0,0,0,0,0,0,281.7,0.136,221.6
"2019-10-11 19:46:00",0,27.6,28.7,0,0,0,0,0,0,0,221.2,0.034,221.8
"2019-10-11 19:47:00",0,27.61,28.7,0,0,0,0,0,0,0,164.9,0.125,222.7
"2019-10-11 19:48:00",0,27.53,28.7,0,0,0,0,0,0,0,164.7,0.102,222.2
"2019-10-11 19:49:00",0,27.53,28.7,0,0,0,0,0,0,0,128.9,0.091,222.7
"2019-10-11 19:50:00",0,27.6,28.7,0,0,0,0,0,0,0,56.93,0.045,221.2
"2019-10-11 19:51:00",0,27.56,28.7,0,0,0,0,0,0,0,56.92,0.136,221.8
"2019-10-11 19:52:00",0,27.56,28.7,0,0,0,0,0,0,0,56.94,0.148,221
"2019-10-11 19:53:00",0,27.59,28.7,0,0,0,0,0,0,0,57.18,0.125,220.8
"2019-10-11 19:54:00",0,27.6,28.7,0,0,0,0,0,0,0,56.86,0.091,221.8
"2019-10-11 19:55:00",0,27.56,28.7,0,0,0,0,0,0,0,56.92,0,220.9
"2019-10-11 19:56:00",0,27.54,28.7,0,0,0,0,0,0,0,56.83,0.193,222.1
"2019-10-11 19:57:00",0,27.54,28.7,0,0,0,0,0,0,0,57.13,0.057,220.1
"2019-10-11 19:58:00",0,27.56,28.7,0,0,0,0,0,0,0,56.81,0.08,222.4
"2019-10-11 19:59:00",0,27.59,28.7,0,0,0,0,0,0,0,57.01,0.023,220.9
"2019-10-11 20:00:00",0,27.52,28.7,0,0,0,0,0,0,0,56.81,0.057,221.1
"2019-10-11 20:01:00",0,27.52,28.7,0,0,0,0,0,0,0,56.8,0.091,220.9
"2019-10-11 20:02:00",0,27.52,28.7,0,0,0,0,0,0,0,56.71,0.159,221.3
"2019-10-11 20:03:00",0,27.55,28.7,0,0,0,0,0,0,0,56.74,0.091,221.4
"2019-10-11 20:04:00",0,27.53,28.7,0,0,0,0,0,0,0,56.69,0.068,221.9
"2019-10-11 20:05:00",0,27.53,28.7,0,0,0,0,0,0,0,56.81,0.045,222.1
"2019-10-11 20:06:00",0,27.54,28.7,0,0,0,0,0,0,0,56.84,0.08,222
"2019-10-11 20:07:00",0,27.58,28.7,0,0,0,0,0,0,0,56.53,0.023,224.1
"2019-10-11 20:08:00",0,27.61,28.7,0,0,0,0,0,0,0,56.29,0.08,225.6
"2019-10-11 20:09:00",0,27.61,28.7,0,0,0,0,0,0,0,56.19,0.204,226.4
"2019-10-11 20:10:00",0,27.55,28.7,0,0,0,0,0,0,0,56.37,0.091,224.4
"2019-10-11 20:11:00",0,27.61,28.7,0,0,0,0,0,0,0,56.39,0.25,224.1
"2019-10-11 20:12:00",0,27.6,28.7,0,0,0,0,0,0,0,56.28,0.057,224.6
"2019-10-11 20:13:00",0,27.58,28.7,0,0,0,0,0,0,0,56.29,0.159,225.1
"2019-10-11 20:14:00",0,27.68,28.7,0,0,0,0,0,0,0,56.37,0.08,224.1
"2019-10-11 20:15:00",0,27.62,28.7,0,0,0,0,0,0,0,56.43,0.08,225.5
"2019-10-11 20:16:00",0,27.64,28.7,0,0,0,0,0,0,0,56.49,0.045,224.9
"2019-10-11 20:17:00",0,27.64,28.7,0,0,0,0,0,0,0,56.23,0.045,224.5
"2019-10-11 20:18:00",0,27.66,28.7,0,0,0,0,0,0,0,56.35,0.08,224.4
"2019-10-11 20:19:00",0,27.66,28.7,0,0,0,0,0,0,0,92.8,0.045,223.5
"2019-10-11 20:20:00",0,27.69,28.7,0,0,0,0,0,0,0,185,0.057,223.2
"2019-10-11 20:21:00",0,27.66,28.7,0,0,0,0,0,0,0,175.4,0.011,223.5
"2019-10-11 20:22:00",0,27.62,28.7,0,0,0,0,0,0,0,173.4,0.034,223.3
"2019-10-11 20:23:00",0,27.65,28.7,0,0,0,0,0,0,0,171.9,0.045,224.5
"2019-10-11 20:24:00",0,27.62,28.7,0,0,0,0,0,0,0,170.8,0.193,225.1
"2019-10-11 20:25:00",0,27.62,28.7,0,0,0,0,0,0,0,170,0.023,224.2
"2019-10-11 20:26:00",0,27.61,28.7,0,0,0,0,0,0,0,169.6,0.068,224.1
"2019-10-11 20:27:00",0,27.6,28.7,0,0,0,0,0,0,0,168.8,0.068,224.3
"2019-10-11 20:28:00",0,27.65,28.7,0,0,0,0,0,0,0,168.5,0.045,224.1
"2019-10-11 20:29:00",0,27.64,28.7,0,0,0,0,0,0,0,168,0.273,223.7
"2019-10-11 20:30:00",0,27.65,28.7,0,0,0,0,0,0,0,167.2,0.08,223.1
"2019-10-11 20:31:00",0,27.66,28.7,0,0,0,0,0,0,0,166.7,0.057,222.5
"2019-10-11 20:32:00",0,27.58,28.7,0,0,0,0,0,0,0,166.2,0.227,221.9
"2019-10-11 20:33:00",0,27.58,28.7,0,0,0,0,0,0,0,165.9,0.011,221.5
"2019-10-11 20:34:00",0,27.56,28.7,0,0,0,0,0,0,0,166.1,0.068,223.5
"2019-10-11 20:35:00",0,27.55,28.7,0,0,0,0,0,0,0,166,0.114,223.4
"2019-10-11 20:36:00",0,27.54,28.7,0,0,0,0,0,0,0,165.9,0.08,223.9
"2019-10-11 20:37:00",0,27.5,28.7,0,0,0,0,0,0,0,165.8,0.068,223.7
"2019-10-11 20:38:00",0,27.48,28.7,0,0,0,0,0,0,0,165.3,0.091,223
"2019-10-11 20:39:00",0,27.45,28.7,0,0,0,0,0,0,0,165.3,0.068,223
"2019-10-11 20:40:00",0,27.41,28.7,0,0,0,0,0,0,0,164.7,0.045,222.8
"2019-10-11 20:41:00",0,27.34,28.7,0,0,0,0,0,0,0,164.6,0.091,222.8
"2019-10-11 20:42:00",0,27.3,28.7,0,0,0,0,0,0,0,164.6,0.068,222.9
"2019-10-11 20:43:00",0,27.24,28.7,0,0,0,0,0,0,0,164.4,0.057,221.8
"2019-10-11 20:44:00",0,27.25,28.7,0,0,0,0,0,0,0,142.4,0.057,222.4
"2019-10-11 20:45:00",0,27.32,28.7,0,0,0,0,0,0,0,56.36,0.193,223.7
"2019-10-11 20:46:00",0,27.31,28.7,0,0,0,0,0,0,0,56.19,0.034,223.8
"2019-10-11 20:47:00",0,27.32,28.7,0,0,0,0,0,0,0,56.23,0.08,224.3
"2019-10-11 20:48:00",0,27.34,28.7,0,0,0,0,0,0,0,56.09,0.125,224.9
"2019-10-11 20:49:00",0,27.32,28.7,0,0,0,0,0,0,0,56.17,0.148,225
"2019-10-11 20:50:00",0,27.3,28.7,0,0,0,0,0,0,0,56.12,0.068,225.7
"2019-10-11 20:51:00",0,27.26,28.7,0,0,0,0,0,0,0,56.16,0.125,226
"2019-10-11 20:52:00",0,27.26,28.7,0,0,0,0,0,0,0,56.1,0.102,226.2
"2019-10-11 20:53:00",0,27.25,28.7,0,0,0,0,0,0,0,56.04,0.045,226.4
"2019-10-11 20:54:00",0,27.26,28.7,0,0,0,0,0,0,0,55.99,0.25,226.5
"2019-10-11 20:55:00",0,27.29,28.7,0,0,0,0,0,0,0,56.07,0.011,226.1
"2019-10-11 20:56:00",0,27.34,28.7,0,0,0,0,0,0,0,56.05,0.045,226
"2019-10-11 20:57:00",0,27.32,28.7,0,0,0,0,0,0,0,56.19,0.068,224.5
"2019-10-11 20:58:00",0,27.37,28.7,0,0,0,0,0,0,0,56.13,0.045,225.1
"2019-10-11 20:59:00",0,27.38,28.7,0,0,0,0,0,0,0,56.15,0.25,225.8
"2019-10-11 21:00:00",0,27.38,28.7,0,0,0,0,0,0,0,56.05,0.045,225.7
"2019-10-11 21:01:00",0,27.38,28.7,0,0,0,0,0,0,0,55.94,0.057,225.7
"2019-10-11 21:02:00",0,27.37,28.7,0,0,0,0,0,0,0,59.52,0.068,225.9
"2019-10-11 21:03:00",0,27.34,28.7,0,0,0,0,0,0,0,82.3,0.08,225.5
"2019-10-11 21:04:00",0,27.37,28.7,0,0,0,0,0,0,0,133.8,0.136,225.9
"2019-10-11 21:05:00",0,27.41,28.7,0,0,0,0,0,0,0,220.8,0.17,224.7
"2019-10-11 21:06:00",0,27.38,28.7,0,0,0,0,0,0,0,210.8,0.068,225
"2019-10-11 21:07:00",0,27.41,28.7,0,0,0,0,0,0,0,209,0.034,224.2
"2019-10-11 21:08:00",0,27.43,28.7,0,0,0,0,0,0,0,209.5,0,224.1
"2019-10-11 21:09:00",0,27.45,28.7,0,0,0,0,0,0,0,204.6,0.034,224.5
"2019-10-11 21:10:00",0,27.45,28.7,0,0,0,0,0,0,0,203.9,0.045,223.9
"2019-10-11 21:11:00",0,27.47,28.7,0,0,0,0,0,0,0,203.6,0.125,223.7
"2019-10-11 21:12:00",0,27.45,28.7,0,0,0,0,0,0,0,206.6,0.114,223.3
"2019-10-11 21:13:00",0,27.46,28.7,0,0,0,0,0,0,0,205.8,0.068,223.6
"2019-10-11 21:14:00",0,27.47,28.7,0,0,0,0,0,0,0,205.8,0.182,224.4
"2019-10-11 21:15:00",0,27.48,28.7,0,0,0,0,0,0,0,205,0.057,224
"2019-10-11 21:16:00",0,27.47,28.7,0,0,0,0,0,0,0,205,0.136,224.6
"2019-10-11 21:17:00",0,27.37,28.7,0,0,0,0,0,0,0,204.7,0.057,224.9
"2019-10-11 21:18:00",0,27.37,28.7,0,0,0,0,0,0,0,204.2,0.057,225.3
"2019-10-11 21:19:00",0,27.4,28.7,0,0,0,0,0,0,0,203.8,0.034,224.5
"2019-10-11 21:20:00",0,27.4,28.7,0,0,0,0,0,0,0,203.4,0.114,225
"2019-10-11 21:21:00",0,27.39,28.7,0,0,0,0,0,0,0,203.3,0.125,224.9
"2019-10-11 21:22:00",0,27.41,28.7,0,0,0,0,0,0,0,203,0.102,224.5
"2019-10-11 21:23:00",0,27.36,28.7,0,0,0,0,0,0,0,202.9,0.08,224.1
"2019-10-11 21:24:00",0,27.29,28.7,0,0,0,0,0,0,0,201.8,0.114,224.8
"2019-10-11 21:25:00",0,27.29,28.7,0,0,0,0,0,0,0,202.9,0.091,224.9
"2019-10-11 21:26:00",0,27.27,28.7,0,0,0,0,0,0,0,203,0.136,225.1
"2019-10-11 21:27:00",0,27.22,28.7,0,0,0,0,0,0,0,193.8,0.068,224.8
"2019-10-11 21:28:00",0,27.24,28.7,0,0,0,0,0,0,0,94.9,0.216,225.2
"2019-10-11 21:29:00",0,27.2,28.7,0,0,0,0,0,0,0,94.1,0.114,225.7
"2019-10-11 21:30:00",0,27.25,28.7,0,0,0,0,0,0,0,93.7,0.068,225.2
"2019-10-11 21:31:00",0,27.22,28.7,0,0,0,0,0,0,0,93.7,0.091,224.8
"2019-10-11 21:32:00",0,27.23,28.7,0,0,0,0,0,0,0,95,0.034,224.3
"2019-10-11 21:33:00",0,27.28,28.7,0,0,0,0,0,0,0,95,0.182,223.8
"2019-10-11 21:34:00",0,27.32,28.7,0,0,0,0,0,0,0,94.8,0.068,224.2
"2019-10-11 21:35:00",0,27.3,28.7,0,0,0,0,0,0,0,94.8,0.25,224.4
"2019-10-11 21:36:00",0,27.37,28.7,0,0,0,0,0,0,0,94.9,0.045,223.9
"2019-10-11 21:37:00",0,27.3,28.7,0,0,0,0,0,0,0,94.8,0.034,223.8
"2019-10-11 21:38:00",0,27.34,28.7,0,0,0,0,0,0,0,94.4,0.114,225.1
"2019-10-11 21:39:00",0,27.35,28.7,0,0,0,0,0,0,0,94.2,0.068,225.7
"2019-10-11 21:40:00",0,27.37,28.7,0,0,0,0,0,0,0,94.3,0.102,225.9
"2019-10-11 21:41:00",0,27.33,28.7,0,0,0,0,0,0,0,94.3,0.204,226.1
"2019-10-11 21:42:00",0,27.34,28.7,0,0,0,0,0,0,0,94.9,0.114,225.4
"2019-10-11 21:43:00",0,27.31,28.7,0,0,0,0,0,0,0,94.6,0.136,225.2
"2019-10-11 21:44:00",0,27.26,28.7,0,0,0,0,0,0,0,94.3,0,225.6
"2019-10-11 21:45:00",0,27.33,28.7,0,0,0,0,0,0,0,94.8,0.011,225.5
"2019-10-11 21:46:00",0,27.3,28.7,0,0,0,0,0,0,0,94.9,0.159,225.6
"2019-10-11 21:47:00",0,27.39,28.7,0,0,0,0,0,0,0,94.9,0.068,225.1
"2019-10-11 21:48:00",0,27.34,28.7,0,0,0,0,0,0,0,94.1,0.08,225.1
"2019-10-11 21:49:00",0,27.36,28.7,0,0,0,0,0,0,0,93.9,0.136,224.6
"2019-10-11 21:50:00",0,27.33,28.7,0,0,0,0,0,0,0,92.8,0.204,224.8
"2019-10-11 21:51:00",0,27.33,28.7,0,0,0,0,0,0,0,91.2,0.159,224.8
"2019-10-11 21:52:00",0,27.36,28.7,0,0,0,0,0,0,0,97.1,0.125,225.2
"2019-10-11 21:53:00",0,27.37,28.7,0,0,0,0,0,0,0,97.5,0.068,224.4
"2019-10-11 21:54:00",0,27.37,28.7,0,0,0,0,0,0,0,96.5,0.045,224.5
"2019-10-11 21:55:00",0,27.34,28.7,0,0,0,0,0,0,0,96.7,0.08,224.8
"2019-10-11 21:56:00",0,27.36,28.7,0,0,0,0,0,0,0,97.5,0.091,223.8
"2019-10-11 21:57:00",0,27.34,28.7,0,0,0,0,0,0,0,97.7,0.239,224.3
"2019-10-11 21:58:00",0,27.37,28.7,0,0,0,0,0,0,0,117.9,0.17,224.7
"2019-10-11 21:59:00",0,27.37,28.7,0,0,0,0,0,0,0,231,0.091,223.6
"2019-10-11 22:00:00",0,27.38,28.7,0,0,0,0,0,0,0,217.1,0.045,223.5
"2019-10-11 22:01:00",0,27.35,28.7,0,0,0,0,0,0,0,212.8,0.114,224
"2019-10-11 22:02:00",0,27.34,28.7,0,0,0,0,0,0,0,210.3,0.193,223.1
"2019-10-11 22:03:00",0,27.29,28.7,0,0,0,0,0,0,0,209,0.034,222.7
"2019-10-11 22:04:00",0,27.31,28.7,0,0,0,0,0,0,0,208.3,0.091,223.6
"2019-10-11 22:05:00",0,27.32,28.7,0,0,0,0,0,0,0,207.1,0.125,222.6
"2019-10-11 22:06:00",0,27.34,28.7,0,0,0,0,0,0,0,208.5,0.091,223.2
"2019-10-11 22:07:00",0,27.32,28.7,0,0,0,0,0,0,0,208,0.08,222.4
"2019-10-11 22:08:00",0,27.3,28.7,0,0,0,0,0,0,0,207.7,0.068,221.7
"2019-10-11 22:09:00",0,27.33,28.7,0,0,0,0,0,0,0,207.2,0.057,222.4
"2019-10-11 22:10:00",0,27.3,28.7,0,0,0,0,0,0,0,207.7,0.068,221.6
"2019-10-11 22:11:00",0,27.29,28.7,0,0,0,0,0,0,0,205.8,0.08,222.1
"2019-10-11 22:12:00",0,27.31,28.7,0,0,0,0,0,0,0,205.6,0.057,222.7
"2019-10-11 22:13:00",0,27.33,28.7,0,0,0,0,0,0,0,205.5,0.068,222.4
"2019-10-11 22:14:00",0,27.33,28.7,0,0,0,0,0,0,0,204.6,0.102,222.6
"2019-10-11 22:15:00",0,27.31,28.7,0,0,0,0,0,0,0,204.2,0.068,222.7
"2019-10-11 22:16:00",0,27.33,28.7,0,0,0,0,0,0,0,203.5,0.08,222.6
"2019-10-11 22:17:00",0,27.33,28.7,0,0,0,0,0,0,0,204,0.17,223.4
"2019-10-11 22:18:00",0,27.34,28.7,0,0,0,0,0,0,0,203.5,0.057,222.6
"2019-10-11 22:19:00",0,27.33,28.7,0,0,0,0,0,0,0,204.2,0.011,222.4
"2019-10-11 22:20:00",0,27.31,28.7,0,0,0,0,0,0,0,203.1,0.091,222.4
"2019-10-11 22:21:00",0,27.32,28.7,0,0,0,0,0,0,0,202.9,0.068,222.1
"2019-10-11 22:22:00",0,27.31,28.7,0,0,0,0,0,0,0,203.5,0.102,222.6
"2019-10-11 22:23:00",0,27.31,28.7,0,0,0,0,0,0,0,204.1,0.204,222.6
"2019-10-11 22:24:00",0,27.29,28.7,0,0,0,0,0,0,0,95.6,0.034,222.9
"2019-10-11 22:25:00",0,27.32,28.7,0,0,0,0,0,0,0,76.83,0.102,223.3
"2019-10-11 22:26:00",0,27.31,28.7,0,0,0,0,0,0,0,66.27,0.068,221.1
"2019-10-11 22:27:00",0,27.31,28.7,0,0,0,0,0,0,0,65,0.068,220.9
"2019-10-11 22:28:00",0,27.3,28.7,0,0,0,0,0,0,0,64.97,0.08,220.9
"2019-10-11 22:29:00",0,27.31,28.7,0,0,0,0,0,0,0,65.17,0.034,220.2
"2019-10-11 22:30:00",0,27.34,28.7,0,0,0,0,0,0,0,64.96,0.023,219.9
"2019-10-11 22:31:00",0,27.32,28.7,0,0,0,0,0,0,0,64.84,0.102,221.6
"2019-10-11 22:32:00",0,27.35,28.7,0,0,0,0,0,0,0,64.96,0.102,223.3
"2019-10-11 22:33:00",0,27.36,28.7,0,0,0,0,0,0,0,65,0.068,223
"2019-10-11 22:34:00",0,27.34,28.7,0,0,0,0,0,0,0,64.85,0.023,223
"2019-10-11 22:35:00",0,27.33,28.7,0,0,0,0,0,0,0,64.72,0.148,222.8
"2019-10-11 22:36:00",0,27.31,28.7,0,0,0,0,0,0,0,65.4,0.114,222.5
"2019-10-11 22:37:00",0,27.32,28.7,0,0,0,0,0,0,0,65.3,0.045,222.2
"2019-10-11 22:38:00",0,27.33,28.7,0,0,0,0,0,0,0,64.86,0.239,222.7
"2019-10-11 22:39:00",0,27.33,28.7,0,0,0,0,0,0,0,64.96,0.034,222.9
"2019-10-11 22:40:00",0,27.32,28.7,0,0,0,0,0,0,0,65.01,0.057,223.8
"2019-10-11 22:41:00",0,27.28,28.7,0,0,0,0,0,0,0,64.93,0.08,223.7
"2019-10-11 22:42:00",0,27.32,28.7,0,0,0,0,0,0,0,64.94,0.08,223.6
"2019-10-11 22:43:00",0,27.3,28.7,0,0,0,0,0,0,0,64.82,0.023,223.2
"2019-10-11 22:44:00",0,27.34,28.7,0,0,0,0,0,0,0,64.86,0.091,223.5
"2019-10-11 22:45:00",0,27.29,28.7,0,0,0,0,0,0,0,64.82,0.045,223.6
"2019-10-11 22:46:00",0,27.26,28.7,0,0,0,0,0,0,0,64.79,0.045,223.9
"2019-10-11 22:47:00",0,27.25,28.7,0,0,0,0,0,0,0,64.77,0.091,224.1
"2019-10-11 22:48:00",0,27.24,28.7,0,0,0,0,0,0,0,64.78,0.125,223.8
"2019-10-11 22:49:00",0,27.23,28.7,0,0,0,0,0,0,0,64.95,0.08,223.2
"2019-10-11 22:50:00",0,27.18,28.7,0,0,0,0,0,0,0,64.82,0.057,222.6
"2019-10-11 22:51:00",0,27.15,28.7,0,0,0,0,0,0,0,64.89,0.045,223.2
"2019-10-11 22:52:00",0,27.19,28.7,0,0,0,0,0,0,0,65.06,0.034,223.1
"2019-10-11 22:53:00",0,27.19,28.7,0,0,0,0,0,0,0,64.91,0.057,223.8
"2019-10-11 22:54:00",0,27.17,28.7,0,0,0,0,0,0,0,187.3,0.057,223.3
"2019-10-11 22:55:00",0,27.16,28.7,0,0,0,0,0,0,0,185.9,0.08,223.5
"2019-10-11 22:56:00",0,27.12,28.7,0,0,0,0,0,0,0,182.5,0.114,223.7
"2019-10-11 22:57:00",0,27.17,28.7,0,0,0,0,0,0,0,183.3,0.227,223.2
"2019-10-11 22:58:00",0,27.21,28.7,0,0,0,0,0,0,0,198.6,0.091,222.3
"2019-10-11 22:59:00",0,27.21,28.7,0,0,0,0,0,0,0,196.9,0.045,222.3
"2019-10-11 23:00:00",0,27.19,28.7,0,0,0,0,0,0,0,196.6,0.125,223.6
"2019-10-11 23:01:00",0,27.2,28.7,0,0,0,0,0,0,0,196.1,0.045,224.2
"2019-10-11 23:02:00",0,27.25,28.7,0,0,0,0,0,0,0,195.9,0.114,224.5
"2019-10-11 23:03:00",0,27.25,28.7,0,0,0,0,0,0,0,197.8,0.091,224.8
"2019-10-11 23:04:00",0,27.23,28.7,0,0,0,0,0,0,0,201.7,0.034,224.7
"2019-10-11 23:05:00",0,27.21,28.7,0,0,0,0,0,0,0,201.3,0.068,224.7
"2019-10-11 23:06:00",0,27.19,28.7,0,0,0,0,0,0,0,200.7,0.068,224.2
"2019-10-11 23:07:00",0,27.18,28.7,0,0,0,0,0,0,0,200.3,0.102,224.3
"2019-10-11 23:08:00",0,27.19,28.7,0,0,0,0,0,0,0,200.1,0.102,224.7
"2019-10-11 23:09:00",0,27.17,28.7,0,0,0,0,0,0,0,200,0.08,224.5
"2019-10-11 23:10:00",0,27.09,28.7,0,0,0,0,0,0,0,199.9,0.17,224.9
"2019-10-11 23:11:00",0,27.04,28.7,0,0,0,0,0,0,0,199.2,0.193,223.8
"2019-10-11 23:12:00",0,27.04,28.7,0,0,0,0,0,0,0,199,0,223.4
"2019-10-11 23:13:00",0,26.96,28.7,0,0,0,0,0,0,0,198.8,0.182,224.8
"2019-10-11 23:14:00",0,26.97,28.7,0,0,0,0,0,0,0,199.1,0.102,225
"2019-10-11 23:15:00",0,27.02,28.7,0,0,0,0,0,0,0,199.1,0.057,224.7
"2019-10-11 23:16:00",0,27,28.7,0,0,0,0,0,0,0,199.1,0.057,224.4
"2019-10-11 23:17:00",0,27.04,28.7,0,0,0,0,0,0,0,197.7,0.102,224.6
"2019-10-11 23:18:00",0,27.06,28.7,0,0,0,0,0,0,0,197.8,0.057,224.1
"2019-10-11 23:19:00",0,27.08,28.7,0,0,0,0,0,0,0,198.1,0.068,224
"2019-10-11 23:20:00",0,27.03,28.7,0,0,0,0,0,0,0,109.9,0.057,223.9
"2019-10-11 23:21:00",0,27.05,28.7,0,0,0,0,0,0,0,90,0.068,224.5
"2019-10-11 23:22:00",0,27.02,28.7,0,0,0,0,0,0,0,90.1,0.091,225.1
"2019-10-11 23:23:00",0,27.01,28.7,0,0,0,0,0,0,0,90.1,0.159,224.5
"2019-10-11 23:24:00",0,27.02,28.7,0,0,0,0,0,0,0,90.2,0.023,224.2
"2019-10-11 23:25:00",0,27.04,28.7,0,0,0,0,0,0,0,90.1,0.034,224.6
"2019-10-11 23:26:00",0,27.02,28.7,0,0,0,0,0,0,0,90.2,0.102,224.7
"2019-10-11 23:27:00",0,27.05,28.7,0,0,0,0,0,0,0,90.2,0.068,224.6
"2019-10-11 23:28:00",0,26.97,28.7,0,0,0,0,0,0,0,88.9,0,224.5
"2019-10-11 23:29:00",0,26.97,28.7,0,0,0,0,0,0,0,154.1,0.114,224
"2019-10-11 23:30:00",0,26.96,28.7,0,0,0,0,0,0,0,187.5,0.17,224.2
"2019-10-11 23:31:00",0,26.92,28.7,0,0,0,0,0,0,0,195.2,0.114,224.1
"2019-10-11 23:32:00",0,26.89,28.7,0,0,0,0,0,0,0,197.3,0.125,224.4
"2019-10-11 23:33:00",0,26.84,28.7,0,0,0,0,0,0,0,198.2,0.091,224.4
"2019-10-11 23:34:00",0,26.92,28.7,0,0,0,0,0,0,0,198.9,0.068,224.1
"2019-10-11 23:35:00",0,26.84,28.7,0,0,0,0,0,0,0,202.8,0.023,223.9
"2019-10-11 23:36:00",0,26.79,28.7,0,0,0,0,0,0,0,205.5,0.102,224.8
"2019-10-11 23:37:00",0,26.73,28.7,0,0,0,0,0,0,0,201.3,0.091,224.6
"2019-10-11 23:38:00",0,26.78,28.7,0,0,0,0,0,0,0,201.5,0.011,224.5
"2019-10-11 23:39:00",0,26.81,28.7,0,0,0,0,0,0,0,201.7,0.114,224.4
"2019-10-11 23:40:00",0,26.79,28.7,0,0,0,0,0,0,0,207.1,0.136,224.1
"2019-10-11 23:41:00",0,26.75,28.7,0,0,0,0,0,0,0,207.5,0.102,224.7
"2019-10-11 23:42:00",0,26.76,28.7,0,0,0,0,0,0,0,207.8,0.08,225.1
"2019-10-11 23:43:00",0,26.81,28.7,0,0,0,0,0,0,0,210,0.045,225.8
"2019-10-11 23:44:00",0,26.82,28.7,0,0,0,0,0,0,0,228,0,225
"2019-10-11 23:45:00",0,26.8,28.7,0,0,0,0,0,0,0,226.3,0.068,226
"2019-10-11 23:46:00",0,26.81,28.7,0,0,0,0,0,0,0,226.3,0.057,225.5
"2019-10-11 23:47:00",0,26.81,28.7,0,0,0,0,0,0,0,225.8,0.216,224.8
"2019-10-11 23:48:00",0,26.83,28.7,0,0,0,0,0,0,0,225.4,0.08,224.7
"2019-10-11 23:49:00",0,26.8,28.7,0,0,0,0,0,0,0,225.3,0.114,225.1
"2019-10-11 23:50:00",0,26.81,28.7,0,0,0,0,0,0,0,225.1,0.17,224.6
"2019-10-11 23:51:00",0,26.82,28.7,0,0,0,0,0,0,0,354.2,0.068,223.9
"2019-10-11 23:52:00",0,26.82,28.7,0,0,0,0,0,0,0,344.6,0.125,224.4
"2019-10-11 23:53:00",0,26.81,28.7,0,0,0,0,0,0,0,340.8,0.057,224.8
"2019-10-11 23:54:00",0,26.84,28.7,0,0,0,0,0,0,0,338.9,0.045,224.6
"2019-10-11 23:55:00",0,26.91,28.7,0,0,0,0,0,0,0,337.1,0.068,224.9
"2019-10-11 23:56:00",0,26.91,28.7,0,0,0,0,0,0,0,336.5,0.102,224.2
"2019-10-11 23:57:00",0,26.88,28.7,0,0,0,0,0,0,0,336.5,0.091,225.4
"2019-10-11 23:58:00",0,26.88,28.7,0,0,0,0,0,0,0,334.6,0.068,224.7
"2019-10-11 23:59:00",0,26.89,28.7,0,0,0,0,0,0,0,335.1,0.136,225.7
